"","nb_enhancer_hyper","nb_enhancer_hypo","nb_enhancer_unchanged","total_enhancers","percent_hyper","DM"
"AC018470.1",27,2,38,67,40.2985074626866,29
"SP9",27,2,38,67,40.2985074626866,29
"SLC25A3",25,9,184,218,11.4678899082569,34
"AC009336.1",23,1,24,48,47.9166666666667,24
"HAND1",23,1,50,74,31.0810810810811,24
"HOXD10",23,1,24,48,47.9166666666667,24
"HOXD11",23,1,29,53,43.3962264150943,24
"DHFRL1",22,12,124,158,13.9240506329114,34
"NSUN3",22,12,124,158,13.9240506329114,34
"HOXC-AS1",21,0,46,67,31.3432835820896,21
"HOXC-AS2",21,0,46,67,31.3432835820896,21
"HOXC6",21,0,49,70,30,21
"HOXC9",21,0,46,67,31.3432835820896,21
"OTP",21,0,38,59,35.5932203389831,21
"RP11-1007G5.2",21,2,93,116,18.1034482758621,23
"GTF2A1",20,4,112,136,14.7058823529412,24
"HNMT",20,9,102,131,15.2671755725191,29
"AC010883.5",19,1,68,88,21.5909090909091,20
"HOXD12",19,0,24,43,44.1860465116279,19
"HOXD13",19,0,22,41,46.3414634146341,19
"AC142528.1",18,6,142,166,10.8433734939759,24
"ADI1",18,6,142,166,10.8433734939759,24
"MED13L",18,3,77,98,18.3673469387755,21
"PRKCH",18,2,96,116,15.5172413793103,20
"ARL5B",17,10,122,149,11.4093959731544,27
"ARL5B-AS1",17,10,122,149,11.4093959731544,27
"ETS1",17,2,96,115,14.7826086956522,19
"MARCH9",17,1,43,61,27.8688524590164,18
"MLLT10",17,2,40,59,28.8135593220339,19
"MSL2",17,3,93,113,15.0442477876106,20
"PLEKHB2",17,2,155,174,9.77011494252874,19
"THAP2",17,16,204,237,7.17299578059072,33
"TMPO",17,5,86,108,15.7407407407407,22
"TMPO-AS1",17,5,86,108,15.7407407407407,22
"ZFC3H1",17,16,204,237,7.17299578059072,33
"APAF1",16,6,110,132,12.1212121212121,22
"C14orf28",16,8,57,81,19.7530864197531,24
"CDK4",16,1,37,54,29.6296296296296,17
"DLX1",16,1,24,41,39.0243902439024,17
"HOXD3",16,0,38,54,29.6296296296296,16
"HTATIP2",16,3,90,109,14.6788990825688,19
"IKBIP",16,6,110,132,12.1212121212121,22
"RP11-857B24.1",16,8,57,81,19.7530864197531,24
"SKIDA1",16,3,45,64,25,19
"ZFP36L2",16,0,53,69,23.1884057971014,16
"AC007405.8",15,1,25,41,36.5853658536585,16
"AC008060.8",15,1,35,51,29.4117647058824,16
"AC009487.4",15,0,13,28,53.5714285714286,15
"AC009487.5",15,0,13,28,53.5714285714286,15
"EN2",15,1,35,51,29.4117647058824,16
"GAD1",15,1,25,41,36.5853658536585,16
"HOXA10-AS",15,1,16,32,46.875,16
"HOXA9",15,1,16,32,46.875,16
"HOXD-AS2",15,0,33,48,31.25,15
"LINC00461",15,3,59,77,19.4805194805195,18
"MIR196B",15,1,16,32,46.875,16
"MRPL22",15,5,89,109,13.7614678899083,20
"NGLY1",15,5,123,143,10.4895104895105,20
"OXSM",15,5,123,143,10.4895104895105,20
"RAB28",15,2,142,159,9.43396226415094,17
"RNU2-38P",15,0,73,88,17.0454545454545,15
"SLC4A10",15,0,13,28,53.5714285714286,15
"ZRANB2",15,9,91,115,13.0434782608696,24
"AC104801.1",14,1,29,44,31.8181818181818,15
"C1orf109",14,2,74,90,15.5555555555556,16
"CBX3",14,2,54,70,20,16
"CDCA8",14,2,74,90,15.5555555555556,16
"CTC-467M3.1",14,2,45,61,22.9508196721311,16
"DLX2",14,1,29,44,31.8181818181818,15
"EIF1B",14,4,68,86,16.2790697674419,18
"EVX1",14,0,25,39,35.8974358974359,14
"EVX1-AS",14,0,25,39,35.8974358974359,14
"FAM114A2",14,1,62,77,18.1818181818182,15
"FAM168B",14,3,112,129,10.8527131782946,17
"HNRNPA2B1",14,2,54,70,20,16
"HOXD9",14,0,25,39,35.8974358974359,14
"ITGA6",14,0,28,42,33.3333333333333,14
"LHX1",14,1,29,44,31.8181818181818,15
"MFAP3",14,1,62,77,18.1818181818182,15
"MSMO1",14,3,100,117,11.965811965812,17
"RAPGEF2",14,4,48,66,21.2121212121212,18
"RP11-445F12.1",14,1,29,44,31.8181818181818,15
"SMUG1",14,0,27,41,34.1463414634146,14
"SND1",14,2,64,80,17.5,16
"ZRANB2-AS2",14,7,80,101,13.8613861386139,21
"AC078883.3",13,0,26,39,33.3333333333333,13
"AC084219.4",13,6,162,181,7.18232044198895,19
"ARRDC3",13,7,92,112,11.6071428571429,20
"C11orf58",13,1,76,90,14.4444444444444,14
"C12orf29",13,4,61,78,16.6666666666667,17
"C12orf50",13,4,61,78,16.6666666666667,17
"CHD1",13,17,187,217,5.99078341013825,30
"CTD-2007H13.3",13,15,180,208,6.25,28
"CTDSP2",13,2,40,55,23.6363636363636,15
"CYP27B1",13,1,34,48,27.0833333333333,14
"DHRS12",13,0,49,62,20.9677419354839,13
"DUSP5",13,6,124,143,9.09090909090909,19
"EVX2",13,0,12,25,52,13
"FIP1L1",13,1,34,48,27.0833333333333,14
"GALC",13,2,54,69,18.8405797101449,15
"HIST1H2AD",13,1,80,94,13.8297872340426,14
"HIST1H2AM",13,1,59,73,17.8082191780822,14
"HIST1H3D",13,1,80,94,13.8297872340426,14
"HIST1H3J",13,1,59,73,17.8082191780822,14
"HOXC8",13,0,37,50,26,13
"HOXD8",13,0,26,39,33.3333333333333,13
"LINC01158",13,0,22,35,37.1428571428571,13
"NR2F1",13,3,25,41,31.7073170731707,16
"NR2F1-AS1",13,3,25,41,31.7073170731707,16
"NSUN6",13,5,114,132,9.84848484848485,18
"P2RX3",13,1,49,63,20.6349206349206,14
"PDCD10",13,9,95,117,11.1111111111111,22
"POU3F3",13,0,22,35,37.1428571428571,13
"RNU6-958P",13,0,47,60,21.6666666666667,13
"RP11-13J10.1",13,0,22,35,37.1428571428571,13
"RP11-181C3.1",13,5,73,91,14.2857142857143,18
"RP11-327P2.5",13,0,49,62,20.9677419354839,13
"RP11-525A16.4",13,6,124,143,9.09090909090909,19
"RP11-872D17.4",13,1,61,75,17.3333333333333,14
"RPS7",13,4,123,140,9.28571428571429,17
"RSL24D1",13,3,64,80,16.25,16
"SCFD2",13,0,18,31,41.9354838709677,13
"SDE2",13,1,28,42,30.952380952381,14
"SERPINI1",13,9,95,117,11.1111111111111,22
"SOX6",13,1,76,90,14.4444444444444,14
"SP8",13,1,21,35,37.1428571428571,14
"SSRP1",13,1,49,63,20.6349206349206,14
"TIMM10",13,1,65,79,16.4556962025316,14
"ZNF225",13,6,162,181,7.18232044198895,19
"ZNF227",13,5,72,90,14.4444444444444,18
"ZNF697",13,0,53,66,19.6969696969697,13
"AC008060.5",12,1,32,45,26.6666666666667,13
"AC009501.4",12,1,8,21,57.1428571428571,13
"AC012467.1",12,2,112,126,9.52380952380952,14
"AC097721.2",12,10,83,105,11.4285714285714,22
"ACTR8",12,2,112,126,9.52380952380952,14
"ADAM30",12,0,51,63,19.047619047619,12
"AGPAT5",12,2,98,112,10.7142857142857,14
"C9orf50",12,0,32,44,27.2727272727273,12
"CAHM",12,11,97,120,10,23
"CTC-467M3.2",12,1,38,51,23.5294117647059,13
"CTC-467M3.3",12,1,38,51,23.5294117647059,13
"CTD-2541M15.1",12,2,98,112,10.7142857142857,14
"CXCR4",12,0,35,47,25.531914893617,12
"DNAJB9",12,8,104,124,9.67741935483871,20
"DNAJC21",12,4,81,97,12.3711340206186,16
"EPM2AIP1",12,4,79,95,12.6315789473684,16
"HIST1H1B",12,1,68,81,14.8148148148148,13
"HIST1H4H",12,1,60,73,16.4383561643836,13
"HIST1H4L",12,1,65,78,15.3846153846154,13
"HMGCS1",12,1,64,77,15.5844155844156,13
"HOTAIRM1",12,2,22,36,33.3333333333333,14
"HOXA-AS3",12,1,25,38,31.5789473684211,13
"HOXA1",12,2,21,35,34.2857142857143,14
"MIR10B",12,0,26,38,31.5789473684211,12
"MIR148B",12,0,15,27,44.4444444444444,12
"MLH1",12,4,79,95,12.6315789473684,16
"NABP1",12,6,95,113,10.6194690265487,18
"NTMT1",12,0,32,44,27.2727272727273,12
"PABPC1",12,3,73,88,13.6363636363636,15
"PHGDH",12,0,38,50,24,12
"PNPLA8",12,8,104,124,9.67741935483871,20
"QKI",12,11,97,120,10,23
"RERE",12,1,47,60,20,13
"REST",12,2,59,73,16.4383561643836,14
"RP1-170O19.17",12,2,23,37,32.4324324324324,14
"SPOPL",12,10,83,105,11.4285714285714,22
"THAP5",12,8,104,124,9.67741935483871,20
"TNKS1BP1",12,1,50,63,19.047619047619,13
"ZNF234",12,9,137,158,7.59493670886076,21
"ZNF585A",12,6,76,94,12.7659574468085,18
"AC073934.6",11,1,42,54,20.3703703703704,12
"AGAP2",11,1,38,50,22,12
"APLF",11,1,53,65,16.9230769230769,12
"AURKA",11,2,68,81,13.5802469135802,13
"CBX8",11,0,23,34,32.3529411764706,11
"CCNG1",11,1,74,86,12.7906976744186,12
"CCSAP",11,0,12,23,47.8260869565217,11
"CHD4",11,3,50,64,17.1875,14
"CSGALNACT2",11,2,60,73,15.0684931506849,13
"CSTF1",11,2,68,81,13.5802469135802,13
"DANCR",11,0,26,37,29.7297297297297,11
"FBXO48",11,1,53,65,16.9230769230769,12
"GPR84",11,0,23,34,32.3529411764706,11
"HIST1H2BF",11,1,39,51,21.5686274509804,12
"HIST1H3H",11,1,55,67,16.4179104477612,12
"HIST1H4E",11,1,39,51,21.5686274509804,12
"HMMR",11,4,64,79,13.9240506329114,15
"HMX3",11,1,51,63,17.4603174603175,12
"HOXA3",11,2,24,37,29.7297297297297,13
"HOXA5",11,1,22,34,32.3529411764706,12
"HOXA6",11,1,22,34,32.3529411764706,12
"HS2ST1",11,5,64,80,13.75,16
"IFFO1",11,3,48,62,17.741935483871,14
"LBR",11,0,23,34,32.3529411764706,11
"LIN54",11,3,21,35,31.4285714285714,14
"LSG1",11,1,43,55,20,12
"MIR4449",11,0,26,37,29.7297297297297,11
"MPZL1",11,3,43,57,19.2982456140351,14
"NOP2",11,3,50,64,17.1875,14
"NUDCD2",11,4,64,79,13.9240506329114,15
"PLCG1",11,1,49,61,18.0327868852459,12
"PPID",11,8,80,99,11.1111111111111,19
"PRDM13",11,0,13,24,45.8333333333333,11
"PTPN18",11,1,61,73,15.0684931506849,12
"RHBDD2",11,0,83,94,11.7021276595745,11
"RP1-170O19.22",11,1,22,34,32.3529411764706,12
"RP1-170O19.23",11,1,22,34,32.3529411764706,12
"RP1-1J6.2",11,1,49,61,18.0327868852459,12
"RP1-34B20.4",11,1,39,51,21.5686274509804,12
"RP11-135A1.2",11,1,68,80,13.75,12
"RP11-351D16.3",11,2,60,73,15.0684931506849,13
"RP11-353N14.1",11,0,23,34,32.3529411764706,11
"RP11-541P9.3",11,1,74,86,12.7906976744186,12
"RP11-620J15.1",11,1,23,35,31.4285714285714,12
"SELK",11,0,62,73,15.0684931506849,11
"SEP15",11,5,64,80,13.75,16
"SNORA26",11,0,26,37,29.7297297297297,11
"SYNCRIP",11,7,94,112,9.82142857142857,18
"TMEM30B",11,2,35,48,22.9166666666667,13
"ZHX3",11,0,40,51,21.5686274509804,11
"ZNF385A",11,0,16,27,40.7407407407407,11
"ABCB10",10,2,27,39,25.6410256410256,12
"AC018755.1",10,1,51,62,16.1290322580645,11
"AC018755.16",10,1,51,62,16.1290322580645,11
"ACBD6",10,1,47,58,17.2413793103448,11
"ACN9",10,2,48,60,16.6666666666667,12
"ACRBP",10,3,45,58,17.2413793103448,13
"ALDH4A1",10,0,40,50,20,10
"ALG11",10,1,31,42,23.8095238095238,11
"ANKRD35",10,1,45,56,17.8571428571429,11
"ARL6IP5",10,3,72,85,11.7647058823529,13
"ATP7B",10,0,30,40,25,10
"BRSK1",10,0,38,48,20.8333333333333,10
"C15orf40",10,6,63,79,12.6582278481013,16
"C4orf45",10,3,31,44,22.7272727272727,13
"CCDC174",10,3,65,78,12.8205128205128,13
"CCDC82",10,2,44,56,17.8571428571429,12
"CD47",10,7,96,113,8.84955752212389,17
"CDK17",10,4,66,80,12.5,14
"CMIP",10,0,76,86,11.6279069767442,10
"CMPK2",10,1,60,71,14.0845070422535,11
"CTD-2186M15.3",10,0,50,60,16.6666666666667,10
"CTD-2256P15.2",10,2,118,130,7.69230769230769,12
"DBX1",10,0,11,21,47.6190476190476,10
"EGOT",10,2,58,70,14.2857142857143,12
"ELMO1",10,0,20,30,33.3333333333333,10
"ELP4",10,2,43,55,18.1818181818182,12
"FBXO33",10,9,43,62,16.1290322580645,19
"GOLPH3",10,0,50,60,16.6666666666667,10
"HELQ",10,4,25,39,25.6410256410256,14
"HES1",10,2,55,67,14.9253731343284,12
"HIF1A",10,2,84,96,10.4166666666667,12
"HIF1A-AS1",10,2,84,96,10.4166666666667,12
"HIST1H2APS4",10,1,55,66,15.1515151515152,11
"HIST1H2BI",10,1,55,66,15.1515151515152,11
"HIST1H3G",10,1,55,66,15.1515151515152,11
"HIST1H4K",10,1,63,74,13.5135135135135,11
"HOTTIP",10,3,41,54,18.5185185185185,13
"HOXA13",10,3,41,54,18.5185185185185,13
"HOXA7",10,0,13,23,43.4782608695652,10
"IGF2BP3",10,0,29,39,25.6410256410256,10
"IMMP1L",10,2,43,55,18.1818181818182,12
"ING4",10,3,43,56,17.8571428571429,13
"INPP5A",10,1,45,56,17.8571428571429,11
"ITGA5",10,0,12,22,45.4545454545455,10
"ITK",10,5,47,62,16.1290322580645,15
"JRKL",10,2,44,56,17.8571428571429,12
"KPNA5",10,9,94,113,8.84955752212389,19
"MARCH6",10,2,118,130,7.69230769230769,12
"MCPH1",10,1,97,108,9.25925925925926,11
"MIR1290",10,0,40,50,20,10
"MIR130A",10,0,55,65,15.3846153846154,10
"MIR620",10,2,22,34,29.4117647058824,12
"MRPS18C",10,4,25,39,25.6410256410256,14
"MSL1",10,2,36,48,20.8333333333333,12
"MYL12B",10,6,66,82,12.1951219512195,16
"NKX2",10,1,45,56,17.8571428571429,11
"NRN1",10,1,17,28,35.7142857142857,11
"PDX1",10,0,9,19,52.6315789473684,10
"PDX1-AS1",10,0,9,19,52.6315789473684,10
"PEX11B",10,1,40,51,19.6078431372549,11
"PLXND1",10,0,26,36,27.7777777777778,10
"PPP1R2",10,1,15,26,38.4615384615385,11
"PRMT3",10,2,27,39,25.6410256410256,12
"REG4",10,0,47,57,17.5438596491228,10
"RNF144A",10,2,44,56,17.8571428571429,12
"RNF144A-AS1",10,2,44,56,17.8571428571429,12
"RNU6-402P",10,9,76,95,10.5263157894737,19
"RP1-170O19.21",10,0,13,23,43.4782608695652,10
"RP1-43E13.2",10,2,63,75,13.3333333333333,12
"RP11-1055B8.6",10,0,18,28,35.7142857142857,10
"RP11-1055B8.7",10,0,18,28,35.7142857142857,10
"RP11-115C21.2",10,1,97,108,9.25925925925926,11
"RP11-382A20.7",10,6,63,79,12.6582278481013,16
"RP11-47I22.4",10,1,80,91,10.989010989011,11
"RP11-496B10.3",10,3,57,70,14.2857142857143,13
"RP11-536G4.2",10,3,27,40,25,13
"RP11-753H16.3",10,0,12,22,45.4545454545455,10
"RP11-872D17.8",10,1,55,66,15.1515151515152,11
"RP13-270P17.1",10,6,66,82,12.1951219512195,16
"SIRT5",10,1,58,69,14.4927536231884,11
"SLC43A3",10,1,55,66,15.1515151515152,11
"SNRPF",10,3,27,40,25,13
"SNX18",10,3,41,54,18.5185185185185,13
"TTC14",10,3,57,70,14.2857142857143,13
"UBR4",10,2,63,75,13.3333333333333,12
"AC003104.1",9,1,28,38,23.6842105263158,10
"AC004540.4",9,0,23,32,28.125,9
"AC091633.3",9,1,8,18,50,10
"AE000662.92",9,4,66,79,11.3924050632911,13
"AE000662.93",9,4,66,79,11.3924050632911,13
"AF129408.17",9,0,44,53,16.9811320754717,9
"AKTIP",9,3,54,66,13.6363636363636,12
"AL163636.6",9,0,49,58,15.5172413793103,9
"AL583828.1",9,0,29,38,23.6842105263158,9
"AMN1",9,3,25,37,24.3243243243243,12
"ANG",9,0,49,58,15.5172413793103,9
"AP000662.4",9,0,51,60,15,9
"APOLD1",9,0,56,65,13.8461538461538,9
"BHLHE40",9,2,39,50,18,11
"BHLHE40-AS1",9,2,39,50,18,11
"C11orf31",9,0,39,48,18.75,9
"C6orf62",9,1,66,76,11.8421052631579,10
"CBR4",9,1,53,63,14.2857142857143,10
"CBX5",9,0,12,21,42.8571428571429,9
"CCL24",9,0,66,75,12,9
"CCNH",9,0,29,38,23.6842105263158,9
"CCR7",9,2,17,28,32.1428571428571,11
"CD4",9,2,32,43,20.9302325581395,11
"CEP44",9,5,74,88,10.2272727272727,14
"CETN3",9,4,48,61,14.7540983606557,13
"CLP1",9,0,51,60,15,9
"CREG1",9,2,55,66,13.6363636363636,11
"CTD-2140B24.4",9,4,62,75,12,13
"ETS2",9,0,62,71,12.6760563380282,9
"EXTL2",9,2,42,53,16.9811320754717,11
"FAM43A",9,1,49,59,15.2542372881356,10
"FBXO8",9,5,74,88,10.2272727272727,14
"FLI1",9,1,67,77,11.6883116883117,10
"FOXN3",9,2,59,70,12.8571428571429,11
"GFOD1",9,0,30,39,23.0769230769231,9
"GFOD1-AS1",9,0,29,38,23.6842105263158,9
"GMNN",9,1,58,68,13.2352941176471,10
"GNB5",9,5,61,75,12,14
"GSDMA",9,0,13,22,40.9090909090909,9
"HAT1",9,0,15,24,37.5,9
"HAVCR2",9,3,42,54,16.6666666666667,12
"HIST1H2BE",9,1,52,62,14.5161290322581,10
"HMGCS2",9,0,38,47,19.1489361702128,9
"HMGXB3",9,0,20,29,31.0344827586207,9
"HNRNPA1",9,0,12,21,42.8571428571429,9
"HOXB-AS3",9,3,41,53,16.9811320754717,12
"HOXB3",9,3,44,56,16.0714285714286,12
"HOXB8",9,3,40,52,17.3076923076923,12
"IFT74",9,4,75,88,10.2272727272727,13
"ISG20L2",9,2,46,57,15.7894736842105,11
"ITGA10",9,1,32,42,21.4285714285714,10
"KMT2E",9,3,44,56,16.0714285714286,12
"KMT2E-AS1",9,3,44,56,16.0714285714286,12
"LARP1P1",9,1,52,62,14.5161290322581,10
"LINC01004",9,3,44,56,16.0714285714286,12
"LINC01011",9,4,44,57,15.7894736842105,13
"LINC01124",9,1,14,24,37.5,10
"LRIG1",9,0,50,59,15.2542372881356,9
"MED7",9,4,44,57,15.7894736842105,13
"METTL1",9,0,26,35,25.7142857142857,9
"METTL21B",9,0,26,35,25.7142857142857,9
"MIR153",9,0,55,64,14.0625,9
"MIR196A2",9,0,21,30,30,9
"MNX1",9,1,17,27,33.3333333333333,10
"MNX1-AS1",9,1,17,27,33.3333333333333,10
"MNX1-AS2",9,1,17,27,33.3333333333333,10
"MRPL13",9,1,39,49,18.3673469387755,10
"MRPL50",9,3,50,62,14.5161290322581,12
"MTBP",9,1,39,49,18.3673469387755,10
"NIFK",9,0,54,63,14.2857142857143,9
"NOA1",9,0,54,63,14.2857142857143,9
"NQO2",9,4,44,57,15.7894736842105,13
"OSR1",9,2,30,41,21.9512195121951,11
"PGRMC2",9,2,71,82,10.9756097560976,11
"POLR2B",9,0,56,65,13.8461538461538,9
"POU4F1",9,2,10,21,42.8571428571429,11
"PSMG1",9,0,44,53,16.9811320754717,9
"RN7SKP107",9,1,47,57,15.7894736842105,10
"RNASE4",9,0,49,58,15.5172413793103,9
"RNU6-1280P",9,3,74,86,10.4651162790698,12
"RNU6-70P",9,1,24,34,26.4705882352941,10
"RNU7-134P",9,0,29,38,23.6842105263158,9
"RNU7-14P",9,2,67,78,11.5384615384615,11
"RNY4P17",9,1,53,63,14.2857142857143,10
"RP1-170O19.14",9,3,40,52,17.3076923076923,12
"RP11-180M15.4",9,0,56,65,13.8461538461538,9
"RP11-337A23.3",9,4,73,86,10.4651162790698,13
"RP11-404F10.2",9,0,63,72,12.5,9
"RP11-47I22.1",9,1,85,95,9.47368421052632,10
"RP11-483A20.3",9,1,53,63,14.2857142857143,10
"RP11-571M6.15",9,0,26,35,25.7142857142857,9
"RP11-944C7.1",9,1,61,71,12.6760563380282,10
"RP11-968A15.8",9,0,12,21,42.8571428571429,9
"RP5-1115A15.1",9,1,37,47,19.1489361702128,10
"RPL24",9,2,28,39,23.0769230769231,11
"RRNAD1",9,2,46,57,15.7894736842105,11
"RSAD2",9,1,45,55,16.3636363636364,10
"RWDD2B",9,3,68,80,11.25,12
"SCAF8",9,5,55,69,13.0434782608696,14
"SENCR",9,1,66,76,11.8421052631579,10
"SLC26A2",9,0,17,26,34.6153846153846,9
"SLC30A7",9,2,42,53,16.9811320754717,11
"SLC38A6",9,2,27,38,23.6842105263158,11
"SLC43A1",9,0,48,57,15.7894736842105,9
"snoU13.196",9,1,55,65,13.8461538461538,10
"SNX14",9,12,148,169,5.32544378698225,21
"SP5",9,1,14,24,37.5,10
"TIGD6",9,0,20,29,31.0344827586207,9
"TRMT5",9,2,27,38,23.6842105263158,11
"TSN",9,0,54,63,14.2857142857143,9
"TXNIP",9,1,36,46,19.5652173913043,10
"U8.13",9,0,53,62,14.5161290322581,9
"USP1",9,2,28,39,23.0769230769231,11
"WRAP53",9,0,31,40,22.5,9
"Y_RNA.782",9,1,61,71,12.6760563380282,10
"YPEL4",9,0,51,60,15,9
"ZBTB2",9,3,67,79,11.3924050632911,12
"ZNF10",9,4,62,75,12,13
"ZNF189",9,3,50,62,14.5161290322581,12
"ZNF268",9,4,62,75,12,13
"ZNF891",9,4,62,75,12,13
"AAMP",8,1,72,81,9.87654320987654,9
"AASDH",8,2,39,49,16.3265306122449,10
"AC003002.4",8,3,41,52,15.3846153846154,11
"AC003002.6",8,2,20,30,26.6666666666667,10
"AC004076.7",8,2,20,30,26.6666666666667,10
"AC007228.11",8,2,71,81,9.87654320987654,10
"AC011747.7",8,0,49,57,14.0350877192982,8
"AC012531.25",8,0,18,26,30.7692307692308,8
"AC018816.3",8,2,55,65,12.3076923076923,10
"AC026202.1",8,2,41,51,15.6862745098039,10
"AC026202.3",8,2,41,51,15.6862745098039,10
"AC068669.1",8,1,14,23,34.7826086956522,9
"AC074138.3",8,3,30,41,19.5121951219512,11
"ACTR6",8,2,41,51,15.6862745098039,10
"AMDHD1",8,0,17,25,32,8
"ARFGEF2",8,1,31,40,20,9
"ATN1",8,3,37,48,16.6666666666667,11
"ATP6V0A1",8,1,25,34,23.5294117647059,9
"AVIL",8,2,31,41,19.5121951219512,10
"AZI2",8,0,28,36,22.2222222222222,8
"BRPF1",8,0,49,57,14.0350877192982,8
"BTG2",8,0,24,32,25,8
"BUB1B",8,0,32,40,20,8
"C12orf57",8,3,38,49,16.3265306122449,11
"C7orf60",8,4,41,53,15.0943396226415,12
"CAPZB",8,0,43,51,15.6862745098039,8
"CASC10",8,3,30,41,19.5121951219512,11
"CASC3",8,1,14,23,34.7826086956522,9
"CCNB1IP1",8,0,37,45,17.7777777777778,8
"CD27-AS1",8,1,22,31,25.8064516129032,9
"CD2AP",8,2,59,69,11.5942028985507,10
"CD48",8,0,53,61,13.1147540983607,8
"CDC6",8,2,33,43,18.6046511627907,10
"CDCA2",8,2,109,119,6.72268907563025,10
"CENPF",8,7,56,71,11.2676056338028,15
"CHIC2",8,0,41,49,16.3265306122449,8
"CISD1",8,13,114,135,5.92592592592593,21
"CNP",8,1,33,42,19.047619047619,9
"CNPPD1",8,0,38,46,17.3913043478261,8
"CNTRL",8,1,60,69,11.5942028985507,9
"CXXC5",8,0,17,25,32,8
"DFNB59",8,2,44,54,14.8148148148148,10
"DIMT1",8,1,63,72,11.1111111111111,9
"DIS3",8,2,38,48,16.6666666666667,10
"DYNC1I2",8,1,15,24,33.3333333333333,9
"EDEM1",8,2,41,51,15.6862745098039,10
"EFCAB14",8,1,36,45,17.7777777777778,9
"EIF3M",8,0,20,28,28.5714285714286,8
"ENTPD3-AS1",8,3,44,55,14.5454545454545,11
"FAM134A",8,0,38,46,17.3913043478261,8
"FNDC3B",8,4,74,86,9.30232558139535,12
"FOS",8,1,73,82,9.75609756097561,9
"GAPDH",8,3,50,61,13.1147540983607,11
"GFM1",8,1,33,42,19.047619047619,9
"GNRHR2",8,1,35,44,18.1818181818182,9
"GPR98",8,3,50,61,13.1147540983607,11
"H3F3A",8,1,23,32,25,9
"HAUS6",8,1,22,31,25.8064516129032,9
"HIST1H1PS1",8,1,43,52,15.3846153846154,9
"HIST1H2AH",8,0,56,64,12.5,8
"HIST1H2APS3",8,1,42,51,15.6862745098039,9
"HIST1H2BK",8,0,56,64,12.5,8
"HIST1H2BO",8,2,55,65,12.3076923076923,10
"HIST1H3E",8,1,42,51,15.6862745098039,9
"HIST1H3F",8,1,34,43,18.6046511627907,9
"HIST1H4D",8,1,43,52,15.3846153846154,9
"HMGB1",8,2,74,84,9.52380952380952,10
"HOXA4",8,1,16,25,32,9
"HOXB13",8,0,22,30,26.6666666666667,8
"HOXB4",8,3,37,48,16.6666666666667,11
"HOXC4",8,0,26,34,23.5294117647059,8
"ID2",8,0,49,57,14.0350877192982,8
"IER5L",8,0,21,29,27.5862068965517,8
"IFNGR1",8,2,40,50,16,10
"IL8",8,1,33,42,19.047619047619,9
"IMMP2L",8,5,42,55,14.5454545454545,13
"IPMK",8,13,114,135,5.92592592592593,21
"IPO11",8,1,67,76,10.5263157894737,9
"IRF2BP2",8,0,66,74,10.8108108108108,8
"JADE2",8,1,36,45,17.7777777777778,9
"KCTD9",8,2,109,119,6.72268907563025,10
"LEFTY1",8,3,42,53,15.0943396226415,11
"LINC01136",8,0,24,32,25,8
"LONRF1",8,3,100,111,7.20720720720721,11
"LPIN2",8,6,72,86,9.30232558139535,14
"LYSMD3",8,3,50,61,13.1147540983607,11
"MAML2",8,1,44,53,15.0943396226415,9
"MAP1LC3B2",8,1,50,59,13.5593220338983,9
"MARS",8,2,20,30,26.6666666666667,10
"MBD2",8,2,58,68,11.7647058823529,10
"MBIP",8,4,36,48,16.6666666666667,12
"MBNL1",8,3,49,60,13.3333333333333,11
"MDH2",8,0,30,38,21.0526315789474,8
"MIR10A",8,3,37,48,16.6666666666667,11
"MIR1260B",8,1,44,53,15.0943396226415,9
"MIR129",8,2,54,64,12.5,10
"MIR1915",8,3,30,41,19.5121951219512,11
"MIR2277",8,0,14,22,36.3636363636364,8
"MIR3143",8,0,56,64,12.5,8
"MLC1",8,0,30,38,21.0526315789474,8
"MSMB",8,5,81,94,8.51063829787234,13
"MYB",8,2,34,44,18.1818181818182,10
"NAA38",8,2,40,50,16,10
"NCAPD2",8,2,28,38,21.0526315789474,10
"NCOA2",8,6,55,69,11.5942028985507,14
"OTX1",8,0,5,13,61.5384615384615,8
"PAK6",8,0,33,41,19.5121951219512,8
"PIBF1",8,2,39,49,16.3265306122449,10
"PIP4K2C",8,1,29,38,21.0526315789474,9
"PNKD",8,1,73,82,9.75609756097561,9
"PRKRA",8,2,44,54,14.8148148148148,10
"PTRF",8,1,43,52,15.3846153846154,9
"RANBP9",8,1,45,54,14.8148148148148,9
"RARA",8,3,34,45,17.7777777777778,11
"RBM26",8,7,39,54,14.8148148148148,15
"RBM26-AS1",8,7,39,54,14.8148148148148,15
"RN7SKP259",8,1,42,51,15.6862745098039,9
"RNU6-433P",8,0,31,39,20.5128205128205,8
"RNU6-653P",8,0,17,25,32,8
"RNU7",8,3,37,48,16.6666666666667,11
"ROPN1L",8,0,86,94,8.51063829787234,8
"ROPN1L-AS1",8,0,86,94,8.51063829787234,8
"RP11-102C16.3",8,0,21,29,27.5862068965517,8
"RP11-1275H24.1",8,0,18,26,30.7692307692308,8
"RP11-1275H24.2",8,0,18,26,30.7692307692308,8
"RP11-1275H24.3",8,0,18,26,30.7692307692308,8
"RP11-133K1.2",8,0,30,38,21.0526315789474,8
"RP11-175P13.3",8,2,41,51,15.6862745098039,10
"RP11-219E7.1",8,0,42,50,16,8
"RP11-245J9.4",8,3,88,99,8.08080808080808,11
"RP11-247A12.2",8,0,21,29,27.5862068965517,8
"RP11-247A12.8",8,0,21,29,27.5862068965517,8
"RP11-382J12.1",8,3,46,57,14.0350877192982,11
"RP11-385F7.1",8,2,58,68,11.7647058823529,10
"RP11-396C23.4",8,1,23,32,25,9
"RP11-47I22.2",8,1,81,90,8.88888888888889,9
"RP11-47I22.3",8,1,81,90,8.88888888888889,9
"RP11-646I6.5",8,2,39,49,16.3265306122449,10
"RP11-745C15.2",8,5,69,82,9.75609756097561,13
"RP11-809C9.2",8,1,50,59,13.5593220338983,9
"RP11-834C11.14",8,0,18,26,30.7692307692308,8
"RP11-857B24.5",8,10,44,62,12.9032258064516,18
"RP4-781K5.2",8,0,66,74,10.8108108108108,8
"RP5-940J5.3",8,3,50,61,13.1147540983607,11
"RPIA",8,2,60,70,11.4285714285714,10
"RPL14",8,3,44,55,14.5454545454545,11
"RSBN1L",8,3,76,87,9.19540229885057,11
"RSBN1L-AS1",8,3,76,87,9.19540229885057,11
"RTN4",8,0,27,35,22.8571428571429,8
"RTN4RL2",8,1,42,51,15.6862745098039,9
"SCARNA10",8,1,24,33,24.2424242424242,9
"SEC31A",8,3,19,30,26.6666666666667,11
"SEC61G",8,5,72,85,9.41176470588235,13
"SIM1",8,10,23,41,19.5121951219512,18
"SLAMF1",8,0,54,62,12.9032258064516,8
"SMNDC1",8,7,118,133,6.01503759398496,15
"SNAPC1",8,1,77,86,9.30232558139535,9
"SNORA1.1",8,3,72,83,9.63855421686747,11
"SNORA37",8,2,58,68,11.7647058823529,10
"SNORA53",8,4,47,59,13.5593220338983,12
"SNORD112.24",8,4,31,43,18.6046511627907,12
"SNORD126",8,0,39,47,17.0212765957447,8
"snoU13.75",8,7,69,84,9.52380952380952,15
"SPTBN1",8,0,12,20,40,8
"SRCAP",8,1,28,37,21.6216216216216,9
"STYXL1",8,0,30,38,21.0526315789474,8
"TAF5L",8,3,29,40,20,11
"TAPBPL",8,1,22,31,25.8064516129032,9
"THAP9",8,3,19,30,26.6666666666667,11
"THAP9-AS1",8,3,19,30,26.6666666666667,11
"TMEM246",8,6,82,96,8.33333333333333,14
"TNRC18",8,0,19,27,29.6296296296296,8
"TNS3",8,0,74,82,9.75609756097561,8
"TRAF1",8,1,61,70,11.4285714285714,9
"TRAK1",8,1,17,26,30.7692307692308,9
"TRAM1",8,3,46,57,14.0350877192982,11
"TRAPPC2P1",8,3,41,52,15.3846153846154,11
"TSFM",8,1,29,38,21.0526315789474,9
"TSHR",8,2,51,61,13.1147540983607,10
"UBE2Q1",8,1,43,52,15.3846153846154,9
"UBE2Q1-AS1",8,1,41,50,16,9
"UGGT1",8,2,39,49,16.3265306122449,10
"URB2",8,3,29,40,20,11
"USPL1",8,2,74,84,9.52380952380952,10
"VAMP1",8,1,31,40,20,9
"ZCWPW2",8,0,28,36,22.2222222222222,8
"ZMYND8",8,1,62,71,11.2676056338028,9
"ZNF155",8,5,95,108,7.40740740740741,13
"ZNF2",8,5,42,55,14.5454545454545,13
"ZNF345",8,7,96,111,7.20720720720721,15
"ZNF397",8,3,33,44,18.1818181818182,11
"ZNF470",8,2,71,81,9.87654320987654,10
"ZNF514",8,5,42,55,14.5454545454545,13
"ZNF527",8,4,50,62,12.9032258064516,12
"ZNF547",8,3,41,52,15.3846153846154,11
"ZNF548",8,2,20,30,26.6666666666667,10
"ZNF567",8,3,30,41,19.5121951219512,11
"ZNF583",8,4,81,93,8.60215053763441,12
"ZNF790",8,7,96,111,7.20720720720721,15
"ABT1",7,0,41,48,14.5833333333333,7
"AC000403.1",7,1,30,38,18.4210526315789,8
"AC005220.3",7,2,51,60,11.6666666666667,9
"AC006042.7",7,10,63,80,8.75,17
"AC009120.4",7,3,86,96,7.29166666666667,10
"AC012531.23",7,0,11,18,38.8888888888889,7
"AC019201.1",7,3,49,59,11.864406779661,10
"AC024940.1",7,2,33,42,16.6666666666667,9
"AC092669.1",7,0,18,25,28,7
"AC092811.1",7,0,16,23,30.4347826086957,7
"AC093110.3",7,0,10,17,41.1764705882353,7
"AC093388.3",7,0,32,39,17.9487179487179,7
"AC093415.2",7,0,19,26,26.9230769230769,7
"AC093818.1",7,0,8,15,46.6666666666667,7
"AC097495.2",7,0,32,39,17.9487179487179,7
"AC100791.2",7,0,20,27,25.9259259259259,7
"AC104134.2",7,2,76,85,8.23529411764706,9
"AC105053.3",7,0,31,38,18.4210526315789,7
"AC139149.1",7,0,14,21,33.3333333333333,7
"ACTG1",7,0,16,23,30.4347826086957,7
"ANAPC13",7,4,83,94,7.4468085106383,11
"ANKRD32",7,0,19,26,26.9230769230769,7
"ANKRD33B",7,0,64,71,9.85915492957746,7
"ANKRD33B-AS1",7,1,54,62,11.2903225806452,8
"ANKRD46",7,3,35,45,15.5555555555556,10
"APEX1",7,0,48,55,12.7272727272727,7
"ARHGAP9",7,2,16,25,28,9
"ATL1",7,0,16,23,30.4347826086957,7
"BCLAF1",7,1,11,19,36.8421052631579,8
"BRAT1",7,1,32,40,17.5,8
"C10orf91",7,1,40,48,14.5833333333333,8
"C12orf55",7,4,57,68,10.2941176470588,11
"C1orf112",7,0,34,41,17.0731707317073,7
"C20orf26",7,4,40,51,13.7254901960784,11
"C5orf51",7,1,35,43,16.2790697674419,8
"C5orf54",7,2,39,48,14.5833333333333,9
"C6orf100",7,2,37,46,15.2173913043478,9
"C6orf195",7,0,28,35,20,7
"C7orf65",7,0,82,89,7.86516853932584,7
"CARD6",7,1,62,70,10,8
"CBX4",7,0,16,23,30.4347826086957,7
"CCDC38",7,1,15,23,30.4347826086957,8
"CCDC59",7,6,60,73,9.58904109589041,13
"CCND2",7,2,44,53,13.2075471698113,9
"CCND2-AS1",7,2,44,53,13.2075471698113,9
"CCND2-AS2",7,2,44,53,13.2075471698113,9
"CDR2",7,2,43,52,13.4615384615385,9
"CEP290",7,0,18,25,28,7
"CEP63",7,4,83,94,7.4468085106383,11
"CEP70",7,2,55,64,10.9375,9
"CHIT1",7,0,34,41,17.0731707317073,7
"CHST11",7,2,38,47,14.8936170212766,9
"COMMD2",7,0,32,39,17.9487179487179,7
"COPS4",7,2,15,24,29.1666666666667,9
"CRNKL1",7,4,40,51,13.7254901960784,11
"CSDE1",7,3,53,63,11.1111111111111,10
"CTC-303L1.2",7,0,19,26,26.9230769230769,7
"CTD-2650P22.1",7,4,35,46,15.2173913043478,11
"CTDSPL",7,0,19,26,26.9230769230769,7
"DDX60",7,0,38,45,15.5555555555556,7
"DENND2D",7,0,49,56,12.5,7
"DIEXF",7,1,77,85,8.23529411764706,8
"DNAJB2",7,0,29,36,19.4444444444444,7
"DNAJC1",7,2,33,42,16.6666666666667,9
"DOCK4",7,2,44,53,13.2075471698113,9
"EAPP",7,2,37,46,15.2173913043478,9
"ECHDC1",7,3,28,38,18.4210526315789,10
"EEF1B2",7,4,83,94,7.4468085106383,11
"EFCAB12",7,0,33,40,17.5,7
"EML6",7,0,11,18,38.8888888888889,7
"EMX1",7,0,9,16,43.75,7
"ERCC1",7,0,12,19,36.8421052631579,7
"FAM214A",7,6,33,46,15.2173913043478,13
"FAM60A",7,2,35,44,15.9090909090909,9
"FGGY",7,1,87,95,7.36842105263158,8
"GAR1",7,3,37,47,14.8936170212766,10
"GCH1",7,2,39,48,14.5833333333333,9
"GIN1",7,7,65,79,8.86075949367089,14
"GLCCI1",7,10,63,80,8.75,17
"GMDS",7,0,19,26,26.9230769230769,7
"GMDS-AS1",7,0,19,26,26.9230769230769,7
"GPA33",7,1,29,37,18.9189189189189,8
"HCRT",7,1,23,31,22.5806451612903,8
"HDDC2",7,1,35,43,16.2790697674419,8
"HFE2",7,1,35,43,16.2790697674419,8
"HINT3",7,3,34,44,15.9090909090909,10
"HIPK2",7,1,58,66,10.6060606060606,8
"HIST1H1E",7,1,44,52,13.4615384615385,8
"HIST1H2AB",7,0,40,47,14.8936170212766,7
"HIST1H2AI",7,1,36,44,15.9090909090909,8
"HIST1H2AL",7,0,34,41,17.0731707317073,7
"HIST1H2BD",7,1,44,52,13.4615384615385,8
"HIST1H2BH",7,1,42,50,14,8
"HIST1H2BL",7,1,36,44,15.9090909090909,8
"HIST1H2BPS2",7,0,34,41,17.0731707317073,7
"HIST1H3I",7,0,34,41,17.0731707317073,7
"HIST1H4G",7,1,36,44,15.9090909090909,8
"HIST1H4J",7,1,47,55,12.7272727272727,8
"HIST1H4PS1",7,1,36,44,15.9090909090909,8
"HMGB2",7,4,42,53,13.2075471698113,11
"HNRNPK",7,7,68,82,8.53658536585366,14
"HOXA11",7,1,28,36,19.4444444444444,8
"HOXA11-AS",7,1,28,36,19.4444444444444,8
"HOXB-AS4",7,2,34,43,16.2790697674419,9
"HOXB9",7,2,34,43,16.2790697674419,9
"HOXC12",7,0,11,18,38.8888888888889,7
"HOXC5",7,0,22,29,24.1379310344828,7
"HOXD4",7,0,18,25,28,7
"HUS1",7,7,138,152,4.60526315789474,14
"IRF4",7,2,50,59,11.864406779661,9
"ISOC2",7,0,20,27,25.9259259259259,7
"JAK1",7,1,30,38,18.4210526315789,8
"KBTBD8",7,3,59,69,10.1449275362319,10
"KCNH4",7,1,23,31,22.5806451612903,8
"KCTD12",7,1,30,38,18.4210526315789,8
"KIAA0825",7,0,19,26,26.9230769230769,7
"KIAA1551",7,2,39,48,14.5833333333333,9
"KRCC1",7,0,65,72,9.72222222222222,7
"LAMB3",7,2,73,82,8.53658536585366,9
"LARS2-AS1",7,2,28,37,18.9189189189189,9
"LDLRAD4",7,1,52,60,11.6666666666667,8
"LINC01116",7,0,10,17,41.1764705882353,7
"LINC01117",7,0,10,17,41.1764705882353,7
"LTA4H",7,2,43,52,13.4615384615385,9
"MAP4K5",7,0,16,23,30.4347826086957,7
"MAPK6",7,4,35,46,15.2173913043478,11
"MAST4",7,1,25,33,21.2121212121212,8
"MAST4-AS1",7,1,18,26,26.9230769230769,8
"MBNL1-AS1",7,2,39,48,14.5833333333333,9
"MDN1",7,0,31,38,18.4210526315789,7
"MEIS1",7,2,25,34,20.5882352941176,9
"MEIS1-AS2",7,0,18,25,28,7
"METAP1D",7,0,13,20,35,7
"METTL18",7,0,34,41,17.0731707317073,7
"METTL25",7,6,60,73,9.58904109589041,13
"MIR148A",7,0,13,20,35,7
"MIR26A2",7,1,15,23,30.4347826086957,8
"MIR3185",7,0,22,29,24.1379310344828,7
"MIR615",7,0,22,29,24.1379310344828,7
"MON2",7,5,60,72,9.72222222222222,12
"MRPL3",7,1,37,45,15.5555555555556,8
"MRRF",7,1,15,23,30.4347826086957,8
"MTDH",7,5,63,75,9.33333333333333,12
"MTHFD2",7,0,51,58,12.0689655172414,7
"MYLPF",7,2,29,38,18.4210526315789,9
"NAA15",7,5,49,61,11.4754098360656,12
"NABP2",7,0,33,40,17.5,7
"NAPB",7,5,65,77,9.09090909090909,12
"NCOA3",7,1,40,48,14.5833333333333,8
"NDUFC1",7,5,49,61,11.4754098360656,12
"NEK5",7,0,22,29,24.1379310344828,7
"NEUROG2",7,1,22,30,23.3333333333333,8
"NFE2L3",7,0,27,34,20.5882352941176,7
"NKX6",7,3,14,24,29.1666666666667,10
"NRAS",7,3,43,53,13.2075471698113,10
"ORMDL3",7,0,13,20,35,7
"OSGEP",7,0,40,47,14.8936170212766,7
"PAQR3",7,2,24,33,21.2121212121212,9
"PDK1",7,0,8,15,46.6666666666667,7
"PF4V1",7,1,28,36,19.4444444444444,8
"PHTF2",7,1,64,72,9.72222222222222,8
"PMPCB",7,3,44,54,12.962962962963,10
"PNP",7,0,34,41,17.0731707317073,7
"POLR1A",7,0,40,47,14.8936170212766,7
"POLR3G",7,5,52,64,10.9375,12
"POU3F2",7,2,22,31,22.5806451612903,9
"PPIP5K2",7,7,65,79,8.86075949367089,14
"PPM1N",7,0,13,20,35,7
"PRAC1",7,0,22,29,24.1379310344828,7
"PRAC2",7,0,22,29,24.1379310344828,7
"PRPF39",7,8,35,50,14,15
"PSMD7",7,3,86,96,7.29166666666667,10
"PSPC1",7,4,34,45,15.5555555555556,11
"PTCD3",7,0,40,47,14.8936170212766,7
"PTPN12",7,3,65,75,9.33333333333333,10
"PTPRN",7,0,34,41,17.0731707317073,7
"RAB43",7,0,29,36,19.4444444444444,7
"RAPGEFL1",7,1,25,33,21.2121212121212,8
"RASA1",7,5,69,81,8.64197530864197,12
"RBM18",7,1,15,23,30.4347826086957,8
"RBM8A",7,0,35,42,16.6666666666667,7
"RFXAP",7,2,35,44,15.9090909090909,9
"RHO",7,0,24,31,22.5806451612903,7
"RHOG",7,2,50,59,11.864406779661,9
"RIPK2",7,4,33,44,15.9090909090909,11
"RMI1",7,7,68,82,8.53658536585366,14
"RN7SL391P",7,1,29,37,18.9189189189189,8
"RNA5SP382",7,0,33,40,17.5,7
"RNF41",7,0,32,39,17.9487179487179,7
"RNU1-27P",7,2,37,46,15.2173913043478,9
"RNU2-6P",7,1,57,65,10.7692307692308,8
"RNU6-1083P",7,0,10,17,41.1764705882353,7
"RNU6-398P",7,1,14,22,31.8181818181818,8
"RNU6-549P",7,0,17,24,29.1666666666667,7
"RNU6-950P",7,0,7,14,50,7
"RNU7-26P",7,1,34,42,16.6666666666667,8
"RP11-129J12.2",7,2,9,18,38.8888888888889,9
"RP11-175P13.2",7,6,53,66,10.6060606060606,13
"RP11-199F11.2",7,0,26,33,21.2121212121212,7
"RP11-21M24.2",7,2,43,52,13.4615384615385,9
"RP11-284M14.1",7,5,63,75,9.33333333333333,12
"RP11-315I20.1",7,0,35,42,16.6666666666667,7
"RP11-350N15.5",7,1,86,94,7.4468085106383,8
"RP11-353N14.2",7,0,20,27,25.9259259259259,7
"RP11-353N14.3",7,0,16,23,30.4347826086957,7
"RP11-37B2.1",7,4,33,44,15.9090909090909,11
"RP11-402J6.1",7,1,22,30,23.3333333333333,8
"RP11-571M6.17",7,0,10,17,41.1764705882353,7
"RP11-602N24.3",7,3,37,47,14.8936170212766,10
"RP11-638I2.4",7,0,42,49,14.2857142857143,7
"RP11-66D17.5",7,2,48,57,12.280701754386,9
"RP11-671J11.6",7,2,37,46,15.2173913043478,9
"RP11-671J11.7",7,2,37,46,15.2173913043478,9
"RP11-712B9.2",7,2,35,44,15.9090909090909,9
"RP11-730K11.1",7,0,72,79,8.86075949367089,7
"RP11-794M8.1",7,1,52,60,11.6666666666667,8
"RP11-798M19.3",7,5,47,59,11.864406779661,12
"RP11-887P2.5",7,0,14,21,33.3333333333333,7
"RP13-766D20.1",7,0,14,21,33.3333333333333,7
"RP13-766D20.2",7,0,16,23,30.4347826086957,7
"RP4-761J14.8",7,3,34,44,15.9090909090909,10
"RPL28",7,1,35,43,16.2790697674419,8
"RPL37",7,2,67,76,9.21052631578947,9
"RQCD1",7,0,49,56,12.5,7
"RTN2",7,0,13,20,35,7
"SAP30L",7,3,55,65,10.7692307692308,10
"SAP30L-AS1",7,3,55,65,10.7692307692308,10
"SATB2",7,1,9,17,41.1764705882353,8
"SCARNA16.4",7,6,43,56,12.5,13
"SERPINB1",7,3,40,50,14,10
"SHISA7",7,0,20,27,25.9259259259259,7
"SLC25A12",7,0,13,20,35,7
"SLC25A13",7,3,15,25,28,10
"SLC41A2",7,0,37,44,15.9090909090909,7
"SNORA79",7,3,35,45,15.5555555555556,10
"snoU13.129",7,1,55,63,11.1111111111111,8
"SOCS2",7,0,30,37,18.9189189189189,7
"SOCS2-AS1",7,0,30,37,18.9189189189189,7
"SORL1",7,0,72,79,8.86075949367089,7
"SRP14",7,0,30,37,18.9189189189189,7
"SRP14-AS1",7,0,30,37,18.9189189189189,7
"SSPN",7,1,33,41,17.0731707317073,8
"SYCP2L",7,0,13,20,35,7
"TBC1D10B",7,2,29,38,18.4210526315789,9
"TBR1",7,0,3,10,70,7
"TBXAS1",7,1,58,66,10.6060606060606,8
"TEP1",7,0,33,40,17.5,7
"TFB1M",7,2,45,54,12.962962962963,9
"TGOLN2",7,1,24,32,21.875,8
"TM7SF3",7,3,44,54,12.962962962963,10
"TM9SF1",7,2,56,65,10.7692307692308,9
"TMEM14E",7,1,35,43,16.2790697674419,8
"TMEM194B",7,0,32,39,17.9487179487179,7
"TMEM238",7,1,35,43,16.2790697674419,8
"TMEM60",7,1,64,72,9.72222222222222,8
"TMEM78",7,0,24,31,22.5806451612903,7
"TMF1",7,1,34,42,16.6666666666667,8
"TMTC3",7,0,18,25,28,7
"TNFRSF1A",7,1,29,37,18.9189189189189,8
"TOP1",7,1,49,57,12.280701754386,8
"TOP2A",7,2,27,36,19.4444444444444,9
"TRAPPC8",7,3,43,53,13.2075471698113,10
"TRIM33",7,5,37,49,14.2857142857143,12
"TSPAN31",7,1,24,32,21.875,8
"TTC1",7,2,52,61,11.4754098360656,9
"TTK",7,5,59,71,9.85915492957746,12
"TUBA4A",7,0,29,36,19.4444444444444,7
"TUBA4B",7,0,29,36,19.4444444444444,7
"UBP1",7,5,45,57,12.280701754386,12
"UHRF1BP1L",7,6,53,66,10.6060606060606,13
"USP37",7,0,49,56,12.5,7
"USP38",7,5,63,75,9.33333333333333,12
"WHSC1L1",7,1,86,94,7.4468085106383,8
"WRNIP1",7,0,13,20,35,7
"XXYLT1",7,2,35,44,15.9090909090909,9
"Y_RNA.28",7,2,52,61,11.4754098360656,9
"YOD1",7,0,58,65,10.7692307692308,7
"YY1",7,0,42,49,14.2857142857143,7
"ZDHHC5",7,0,51,58,12.0689655172414,7
"ZKSCAN8",7,1,26,34,20.5882352941176,8
"ZNF177",7,2,21,30,23.3333333333333,9
"ZNF217",7,1,59,67,10.4477611940298,8
"ZNF24",7,2,30,39,17.9487179487179,9
"ZNF277",7,2,44,53,13.2075471698113,9
"ZNF559",7,2,21,30,23.3333333333333,9
"ZNF559-ZNF177",7,2,21,30,23.3333333333333,9
"ZNF620",7,2,19,28,25,9
"ZPLD1",7,2,40,49,14.2857142857143,9
"ABLIM1",6,0,20,26,23.0769230769231,6
"AC004854.4",6,1,30,37,16.2162162162162,7
"AC010170.1",6,0,19,25,24,6
"AC021078.1",6,0,14,20,30,6
"AC021188.4",6,3,78,87,6.89655172413793,9
"AC021860.1",6,0,44,50,12,6
"AC067968.3",6,3,54,63,9.52380952380952,9
"AC078883.4",6,0,20,26,23.0769230769231,6
"AC093391.2",6,0,18,24,25,6
"AC107993.1",6,1,24,31,19.3548387096774,7
"AC114803.3",6,0,19,25,24,6
"ACBD3",6,1,13,20,30,7
"ACYP2",6,0,24,30,20,6
"ADM",6,0,32,38,15.7894736842105,6
"AF124730.4",6,2,44,52,11.5384615384615,8
"AFTPH",6,0,38,44,13.6363636363636,6
"AGAP2-AS1",6,1,12,19,31.5789473684211,7
"AKR1D1P1",6,1,42,49,12.2448979591837,7
"AL096677.1",6,3,50,59,10.1694915254237,9
"ALG12",6,0,23,29,20.6896551724138,6
"AMHR2",6,0,31,37,16.2162162162162,6
"AMPD3",6,0,32,38,15.7894736842105,6
"ANAPC15",6,0,20,26,23.0769230769231,6
"ANGPT2",6,0,66,72,8.33333333333333,6
"ANKZF1",6,0,25,31,19.3548387096774,6
"AP2S1",6,0,9,15,40,6
"AQR",6,2,37,45,13.3333333333333,8
"ARF5",6,0,17,23,26.0869565217391,6
"ARFIP2",6,1,56,63,9.52380952380952,7
"ARIH1",6,0,27,33,18.1818181818182,6
"ASAP1",6,4,79,89,6.74157303370786,10
"ATG9A",6,0,26,32,18.75,6
"ATP13A1",6,2,38,46,13.0434782608696,8
"ATP13A4",6,3,42,51,11.7647058823529,9
"ATXN1",6,2,58,66,9.09090909090909,8
"AUH",6,3,41,50,12,9
"BCL2",6,0,47,53,11.3207547169811,6
"BEAN1",6,4,53,63,9.52380952380952,10
"BLOC1S5",6,3,55,64,9.375,9
"BLOC1S5-TXNDC5",6,3,54,63,9.52380952380952,9
"BRCA2",6,3,31,40,15,9
"C3orf80",6,0,11,17,35.2941176470588,6
"C5orf28",6,0,24,30,20,6
"C7orf33",6,1,32,39,15.3846153846154,7
"C7orf69",6,0,55,61,9.83606557377049,6
"C8orf88",6,2,26,34,17.6470588235294,8
"CCDC182",6,0,23,29,20.6896551724138,6
"CCL26",6,0,26,32,18.75,6
"CCNJL",6,0,35,41,14.6341463414634,6
"CCNK",6,4,58,68,8.82352941176471,10
"CD247",6,1,42,49,12.2448979591837,7
"CD27",6,1,21,28,21.4285714285714,7
"CD2BP2",6,2,27,35,17.1428571428571,8
"CD79A",6,0,25,31,19.3548387096774,6
"CD9",6,1,26,33,18.1818181818182,7
"CDKN1B",6,0,55,61,9.83606557377049,6
"CDX2",6,1,10,17,35.2941176470588,7
"CENPH",6,4,47,57,10.5263157894737,10
"CHD7",6,1,77,84,7.14285714285714,7
"CHML",6,3,98,107,5.60747663551402,9
"CHRNB2",6,1,26,33,18.1818181818182,7
"CLDND1",6,6,95,107,5.60747663551402,12
"CLUHP3",6,1,20,27,22.2222222222222,7
"CMC1",6,0,21,27,22.2222222222222,6
"COPS8",6,1,22,29,20.6896551724138,7
"COQ2",6,1,7,14,42.8571428571429,7
"CORO1C",6,1,30,37,16.2162162162162,7
"CRELD2",6,0,23,29,20.6896551724138,6
"CTD-2358C21.4",6,1,20,27,22.2222222222222,7
"CTD-2410N18.3",6,0,18,24,25,6
"CTD-2410N18.5",6,0,18,24,25,6
"CTDSP1",6,0,38,44,13.6363636363636,6
"CUX1",6,1,44,51,11.7647058823529,7
"CWF19L1",6,0,37,43,13.953488372093,6
"CYB5RL",6,0,35,41,14.6341463414634,6
"DAD1",6,1,42,49,12.2448979591837,7
"DARS",6,0,18,24,25,6
"DCUN1D4",6,0,18,24,25,6
"DENND3",6,0,65,71,8.45070422535211,6
"DENND4C",6,1,7,14,42.8571428571429,7
"DEPTOR",6,1,33,40,15,7
"DEXI",6,1,42,49,12.2448979591837,7
"DLEU1",6,0,30,36,16.6666666666667,6
"DLEU2",6,0,30,36,16.6666666666667,6
"DNAJC7",6,1,17,24,25,7
"DUSP27",6,2,22,30,20,8
"DUSP6",6,1,31,38,15.7894736842105,7
"EML2",6,0,4,10,60,6
"ETAA1",6,0,8,14,42.8571428571429,6
"EZH2",6,1,39,46,13.0434782608696,7
"FAIM",6,2,56,64,9.375,8
"FAM103A1",6,6,35,47,12.7659574468085,12
"FAM131C",6,0,24,30,20,6
"FAM179A",6,1,29,36,16.6666666666667,7
"FASTKD3",6,1,75,82,7.31707317073171,7
"FES",6,0,23,29,20.6896551724138,6
"FMOD",6,0,24,30,20,6
"FNIP2",6,5,41,52,11.5384615384615,11
"FOXD3",6,1,2,9,66.6666666666667,7
"FOXN3-AS1",6,2,35,43,13.953488372093,8
"FOXP1",6,2,46,54,11.1111111111111,8
"FSCN3",6,0,18,24,25,6
"FYB",6,2,63,71,8.45070422535211,8
"GADD45A",6,1,29,36,16.6666666666667,7
"GALNT4",6,0,18,24,25,6
"GMCL1",6,0,28,34,17.6470588235294,6
"GMPR2",6,1,49,56,10.7142857142857,7
"GPR162",6,2,28,36,16.6666666666667,8
"GS1-251I9.4",6,5,39,50,12,11
"GSDMB",6,0,13,19,31.5789473684211,6
"GSN",6,0,26,32,18.75,6
"GSX2",6,0,9,15,40,6
"H2AFV",6,1,30,37,16.2162162162162,7
"HAPLN2",6,0,26,32,18.75,6
"HAPLN3",6,0,36,42,14.2857142857143,6
"HBS1L",6,1,11,18,33.3333333333333,7
"HCG14",6,1,26,33,18.1818181818182,7
"HDDC3",6,0,24,30,20,6
"HEY2",6,5,35,46,13.0434782608696,11
"HIST1H4B",6,0,31,37,16.2162162162162,6
"HIST1H4C",6,0,32,38,15.7894736842105,6
"HOMER2",6,6,45,57,10.5263157894737,12
"HOTAIR",6,0,13,19,31.5789473684211,6
"HOXB6",6,2,30,38,15.7894736842105,8
"HOXC11",6,0,13,19,31.5789473684211,6
"HOXD-AS1",6,0,15,21,28.5714285714286,6
"HOXD1",6,0,15,21,28.5714285714286,6
"hsa-mir.1",6,1,98,105,5.71428571428571,7
"HSPBP1",6,0,27,33,18.1818181818182,6
"ICAM2",6,0,29,35,17.1428571428571,6
"IL12A-AS1",6,0,11,17,35.2941176470588,6
"IL19",6,1,46,53,11.3207547169811,7
"IL4R",6,0,25,31,19.3548387096774,6
"IL6R",6,1,20,27,22.2222222222222,7
"IMMT",6,0,25,31,19.3548387096774,6
"INHBE",6,1,22,29,20.6896551724138,7
"IPO4",6,1,46,53,11.3207547169811,7
"ISY1",6,0,22,28,21.4285714285714,6
"ISY1-RAB43",6,0,22,28,21.4285714285714,6
"KAT6B",6,0,29,35,17.1428571428571,6
"KATNAL1",6,0,59,65,9.23076923076923,6
"KB-1471A8.1",6,1,33,40,15,7
"KIAA0020",6,0,36,42,14.2857142857143,6
"KIAA0232",6,0,62,68,8.82352941176471,6
"KIAA0319",6,1,54,61,9.83606557377049,7
"KIAA1033",6,0,44,50,12,6
"KLF3",6,0,44,50,12,6
"KLHL2",6,1,42,49,12.2448979591837,7
"LACTB2",6,5,50,61,9.83606557377049,11
"LAG3",6,3,30,39,15.3846153846154,9
"LAMTOR1",6,0,20,26,23.0769230769231,6
"LENG1",6,0,38,44,13.6363636363636,6
"LEPREL2",6,2,28,36,16.6666666666667,8
"LETM2",6,0,63,69,8.69565217391304,6
"LINC00466",6,1,2,9,66.6666666666667,7
"LINC00525",6,0,60,66,9.09090909090909,6
"LPAR5",6,2,25,33,18.1818181818182,8
"LRCH1",6,1,38,45,13.3333333333333,7
"LRRC8C",6,4,33,43,13.953488372093,10
"LRTOMT",6,0,23,29,20.6896551724138,6
"MAML3",6,2,73,81,7.40740740740741,8
"MAN2A2",6,0,21,27,22.2222222222222,6
"MAP3K8",6,0,12,18,33.3333333333333,6
"MAP7D1",6,0,25,31,19.3548387096774,6
"MARCH3",6,2,65,73,8.21917808219178,8
"MARCH8",6,5,45,56,10.7142857142857,11
"MBLAC2",6,4,40,50,12,10
"METTL21A",6,0,34,40,15,6
"METTL9",6,2,58,66,9.09090909090909,8
"MFGE8",6,0,36,42,14.2857142857143,6
"MGST3",6,0,40,46,13.0434782608696,6
"MIOS",6,5,34,45,13.3333333333333,11
"MIR3661",6,0,18,24,25,6
"MIR4522",6,0,29,35,17.1428571428571,6
"MLF2",6,3,30,39,15.3846153846154,9
"MR1",6,1,32,39,15.3846153846154,7
"MRPL19",6,1,56,63,9.52380952380952,7
"MRPL35",6,0,25,31,19.3548387096774,6
"MRPL37",6,0,35,41,14.6341463414634,6
"MRPS30",6,3,62,71,8.45070422535211,9
"MRPS33",6,0,22,28,21.4285714285714,6
"MTRR",6,1,75,82,7.31707317073171,7
"MXD1",6,1,30,37,16.2162162162162,7
"MXI1",6,2,64,72,8.33333333333333,8
"MYLK4",6,0,13,19,31.5789473684211,6
"NBL1",6,0,48,54,11.1111111111111,6
"NDUFA4",6,4,25,35,17.1428571428571,10
"NDUFA5P3",6,1,5,12,50,7
"NDUFS1",6,4,77,87,6.89655172413793,10
"NEK10",6,0,38,44,13.6363636363636,6
"NEK9",6,1,74,81,7.40740740740741,7
"NHEJ1",6,0,35,41,14.6341463414634,6
"NIPBL",6,0,17,23,26.0869565217391,6
"NKIRAS2",6,1,17,24,25,7
"NME5",6,0,13,19,31.5789473684211,6
"NNT",6,0,23,29,20.6896551724138,6
"NNT-AS1",6,0,23,29,20.6896551724138,6
"NPY4R",6,1,82,89,6.74157303370786,7
"NUDCD3",6,4,46,56,10.7142857142857,10
"NUMA1",6,0,29,35,17.1428571428571,6
"NUMB",6,2,36,44,13.6363636363636,8
"NXT1",6,3,50,59,10.1694915254237,9
"OPA1",6,3,42,51,11.7647058823529,9
"OPTC",6,0,33,39,15.3846153846154,6
"OS9",6,1,12,19,31.5789473684211,7
"OSGIN2",6,2,31,39,15.3846153846154,8
"OTUD6B",6,5,39,50,12,11
"PARP12",6,0,23,29,20.6896551724138,6
"PAXIP1-AS2",6,2,82,90,6.66666666666667,8
"PCBP1-AS1",6,1,33,40,15,7
"PDHX",6,0,62,68,8.82352941176471,6
"PICK1",6,0,19,25,24,6
"PLXNB2",6,0,19,25,24,6
"POC1B",6,0,18,24,25,6
"POC1B-GALNT4",6,0,18,24,25,6
"POLR3A",6,2,44,52,11.5384615384615,8
"PPIL4",6,7,74,87,6.89655172413793,13
"PPP1R11",6,0,37,43,13.953488372093,6
"PPP2CA",6,0,18,24,25,6
"PPP2R5C",6,1,32,39,15.3846153846154,7
"PPP3R1",6,2,22,30,20,8
"PPP6R1",6,0,27,33,18.1818181818182,6
"PRDM1",6,4,74,84,7.14285714285714,10
"PREX1",6,1,20,27,22.2222222222222,7
"PSMB1",6,1,36,43,13.953488372093,7
"PSMD3",6,1,18,25,24,7
"PTMS",6,3,31,40,15,9
"PTPN4",6,6,57,69,8.69565217391304,12
"RAB4A",6,0,10,16,37.5,6
"RASA2",6,2,36,44,13.6363636363636,8
"RBM19",6,0,59,65,9.23076923076923,6
"RHBDD1",6,5,55,66,9.09090909090909,11
"RN7SKP285",6,0,26,32,18.75,6
"RNASE1",6,0,39,45,13.3333333333333,6
"RNF138",6,1,31,38,15.7894736842105,7
"RNPC3",6,0,26,32,18.75,6
"RNU4-21P",6,0,5,11,54.5454545454545,6
"RNU4-24P",6,2,30,38,15.7894736842105,8
"RNU4ATAC14P",6,1,70,77,7.79220779220779,7
"RNU6-487P",6,0,17,23,26.0869565217391,6
"RNU6-497P",6,1,41,48,12.5,7
"RNU6-588P",6,0,14,20,30,6
"RNU6-807P",6,3,28,37,16.2162162162162,9
"RNU6-925P",6,2,31,39,15.3846153846154,8
"RNU7-181P",6,2,51,59,10.1694915254237,8
"RNU7-97P",6,1,22,29,20.6896551724138,7
"RP1-151F17.1",6,2,58,66,9.09090909090909,8
"RP1-18D14.7",6,2,17,25,24,8
"RP11-1007O24.2",6,0,27,33,18.1818181818182,6
"RP11-1007O24.3",6,0,27,33,18.1818181818182,6
"RP11-115H15.2",6,2,13,21,28.5714285714286,8
"RP11-146N23.4",6,1,7,14,42.8571428571429,7
"RP11-153F1.1",6,0,26,32,18.75,6
"RP11-154H23.3",6,2,46,54,11.1111111111111,8
"RP11-158H5.7",6,2,17,25,24,8
"RP11-159F24.3",6,0,24,30,20,6
"RP11-175P19.2",6,3,42,51,11.7647058823529,9
"RP11-215P8.3",6,0,22,28,21.4285714285714,6
"RP11-227H4.5",6,6,95,107,5.60747663551402,12
"RP11-284F21.11",6,0,26,32,18.75,6
"RP11-293M10.1",6,1,48,55,10.9090909090909,7
"RP11-301O19.1",6,0,25,31,19.3548387096774,6
"RP11-302M6.4",6,4,33,43,13.953488372093,10
"RP11-326K13.4",6,3,41,50,12,9
"RP11-347C12.10",6,2,27,35,17.1428571428571,8
"RP11-350G8.5",6,1,20,27,22.2222222222222,7
"RP11-351I24.1",6,0,32,38,15.7894736842105,6
"RP11-36B15.1",6,0,19,25,24,6
"RP11-378A13.2",6,0,38,44,13.6363636363636,6
"RP11-431I8.1",6,0,11,17,35.2941176470588,6
"RP11-435P24.2",6,0,24,30,20,6
"RP11-441O15.3",6,4,44,54,11.1111111111111,10
"RP11-446E24.4",6,0,35,41,14.6341463414634,6
"RP11-468E2.2",6,1,46,53,11.3207547169811,7
"RP11-474G23.1",6,2,22,30,20,8
"RP11-53I6.3",6,1,31,38,15.7894736842105,7
"RP11-53O19.1",6,3,62,71,8.45070422535211,9
"RP11-549L6.3",6,2,64,72,8.33333333333333,8
"RP11-568N6.1",6,0,38,44,13.6363636363636,6
"RP11-571M6.7",6,1,12,19,31.5789473684211,7
"RP11-571M6.8",6,1,12,19,31.5789473684211,7
"RP11-603J24.4",6,0,22,28,21.4285714285714,6
"RP11-603J24.6",6,0,32,38,15.7894736842105,6
"RP11-617D20.1",6,0,44,50,12,6
"RP11-61E11.2",6,0,44,50,12,6
"RP11-624M8.1",6,5,35,46,13.0434782608696,11
"RP11-734K2.4",6,0,18,24,25,6
"RP11-74C1.4",6,1,38,45,13.3333333333333,7
"RP11-761I4.3",6,1,15,22,27.2727272727273,7
"RP11-799D4.4",6,1,30,37,16.2162162162162,7
"RP11-809O17.1",6,0,55,61,9.83606557377049,6
"RP11-950C14.7",6,1,74,81,7.40740740740741,7
"RP11-968A15.2",6,0,11,17,35.2941176470588,6
"RP11-977G19.5",6,0,46,52,11.5384615384615,6
"RP3-322G13.7",6,3,50,59,10.1694915254237,9
"RP4-792G4.2",6,1,2,9,66.6666666666667,7
"RP5-1007M22.2",6,4,33,43,13.953488372093,10
"RP5-1061H20.3",6,0,10,16,37.5,6
"RP5-1061H20.4",6,0,10,16,37.5,6
"RP5-1115A15.2",6,0,33,39,15.3846153846154,6
"RP5-1159O4.1",6,5,34,45,13.3333333333333,11
"RP5-1170K4.7",6,2,50,58,10.3448275862069,8
"RP5-855F16.1",6,4,25,35,17.1428571428571,10
"RPA3",6,3,32,41,14.6341463414634,9
"RPA3-AS1",6,3,32,41,14.6341463414634,9
"RPL34",6,4,35,45,13.3333333333333,10
"RPL34-AS1",6,4,35,45,13.3333333333333,10
"RPL35AP",6,1,41,48,12.5,7
"RPL7P51",6,0,49,55,10.9090909090909,6
"RPS24",6,2,44,52,11.5384615384615,8
"RPS26",6,0,22,28,21.4285714285714,6
"RPS6",6,1,5,12,50,7
"RRAGA",6,0,8,14,42.8571428571429,6
"RRM1",6,2,40,48,12.5,8
"SASS6",6,3,24,33,18.1818181818182,9
"SDHB",6,0,33,39,15.3846153846154,6
"SERPING1",6,0,14,20,30,6
"SETD3",6,4,58,68,8.82352941176471,10
"SFPQ",6,2,31,39,15.3846153846154,8
"SIGLEC14",6,0,49,55,10.9090909090909,6
"SIGLEC5",6,0,49,55,10.9090909090909,6
"SLC16A11",6,1,21,28,21.4285714285714,7
"SLC23A3",6,0,35,41,14.6341463414634,6
"SLFN5",6,1,30,37,16.2162162162162,7
"SLMAP",6,4,22,32,18.75,10
"SMARCC2",6,0,46,52,11.5384615384615,6
"SMC4",6,2,15,23,26.0869565217391,8
"SMC6",6,4,57,67,8.95522388059701,10
"SMG9",6,0,25,31,19.3548387096774,6
"SNORA76",6,1,44,51,11.7647058823529,7
"SNORA77.1",6,0,33,39,15.3846153846154,6
"SNORD104",6,1,44,51,11.7647058823529,7
"snoU13.223",6,0,33,39,15.3846153846154,6
"snoU13.233",6,0,20,26,23.0769230769231,6
"snoU13.272",6,1,31,38,15.7894736842105,7
"snoU13.329",6,1,31,38,15.7894736842105,7
"snoU13.399",6,2,40,48,12.5,8
"snoU13.436",6,0,28,34,17.6470588235294,6
"snoU13.77",6,3,59,68,8.82352941176471,9
"SPAG6",6,1,21,28,21.4285714285714,7
"SPTLC2",6,0,64,70,8.57142857142857,6
"SRFBP1",6,2,48,56,10.7142857142857,8
"SSBP3-AS1",6,0,23,29,20.6896551724138,6
"STARD5",6,1,15,22,27.2727272727273,7
"SUFU",6,0,18,24,25,6
"TAL1",6,2,18,26,23.0769230769231,8
"TBL1XR1",6,2,37,45,13.3333333333333,8
"TBP",6,1,36,43,13.953488372093,7
"TGS1",6,4,54,64,9.375,10
"THBD",6,3,78,87,6.89655172413793,9
"THNSL2",6,0,41,47,12.7659574468085,6
"TIMM10B",6,1,56,63,9.52380952380952,7
"TINF2",6,1,46,53,11.3207547169811,7
"TM2D3",6,3,28,37,16.2162162162162,9
"TMC4",6,0,38,44,13.6363636363636,6
"TMED10",6,1,68,75,8,7
"TMEM158",6,0,19,25,24,6
"TMEM192",6,1,42,49,12.2448979591837,7
"TMEM245",6,6,82,94,6.38297872340426,12
"TMEM68",6,4,54,64,9.375,10
"TMPRSS6",6,2,50,58,10.3448275862069,8
"TNFAIP8",6,3,63,72,8.33333333333333,9
"TRAPPC3",6,0,25,31,19.3548387096774,6
"TSC22D1",6,1,38,45,13.3333333333333,7
"TUFT1",6,1,39,46,13.0434782608696,7
"U8.14",6,0,19,25,24,6
"UBALD2",6,0,22,28,21.4285714285714,6
"UBE2S",6,0,30,36,16.6666666666667,6
"UBE3C",6,2,52,60,10,8
"UBLCP1",6,2,34,42,14.2857142857143,8
"UFM1",6,0,35,41,14.6341463414634,6
"UNCX",6,0,14,20,30,6
"USP5",6,3,29,38,15.7894736842105,9
"VRK2",6,0,23,29,20.6896551724138,6
"WSB1",6,0,29,35,17.1428571428571,6
"WWOX",6,2,69,77,7.79220779220779,8
"XKR9",6,5,50,61,9.83606557377049,11
"Y_RNA.331",6,2,31,39,15.3846153846154,8
"ZAR1L",6,3,31,40,15,9
"ZDBF2",6,0,0,6,100,6
"ZEB1",6,0,20,26,23.0769230769231,6
"ZEB1-AS1",6,0,20,26,23.0769230769231,6
"ZFR",6,2,65,73,8.21917808219178,8
"ZNF222",6,3,54,63,9.52380952380952,9
"ZNF223",6,3,56,65,9.23076923076923,9
"ZNF233",6,4,98,108,5.55555555555556,10
"ZNF271",6,2,17,25,24,8
"ZNF382",6,2,25,33,18.1818181818182,8
"ZNF428",6,0,33,39,15.3846153846154,6
"ZNF45",6,1,52,59,10.1694915254237,7
"ZNF529",6,2,26,34,17.6470588235294,8
"ZNF621",6,3,13,22,27.2727272727273,9
"ZNF649",6,2,33,41,14.6341463414634,8
"ZNF720",6,1,20,27,22.2222222222222,7
"ZNF774",6,1,39,46,13.0434782608696,7
"ZNF805",6,2,30,38,15.7894736842105,8
"ZSCAN16",6,0,22,28,21.4285714285714,6
"ZSCAN30",6,2,17,25,24,8
"AAAS",5,2,30,37,13.5135135135135,7
"ABHD17B",5,1,25,31,16.1290322580645,6
"ABHD4",5,0,15,20,25,5
"AC002310.7",5,0,24,29,17.2413793103448,5
"AC004458.1",5,0,4,9,55.5555555555556,5
"AC006960.7",5,0,8,13,38.4615384615385,5
"AC008394.1",5,2,36,43,11.6279069767442,7
"AC010327.2",5,0,25,30,16.6666666666667,5
"AC010609.1",5,3,30,38,13.1578947368421,8
"AC010761.14",5,0,22,27,18.5185185185185,5
"AC011465.1",5,0,21,26,19.2307692307692,5
"AC013283.1",5,3,23,31,16.1290322580645,8
"AC013436.6",5,2,23,30,16.6666666666667,7
"AC017083.3",5,1,17,23,21.7391304347826,6
"AC079753.1",5,1,28,34,14.7058823529412,6
"AC079922.3",5,0,32,37,13.5135135135135,5
"AC084368.1",5,1,13,19,26.3157894736842,6
"AC090587.4",5,1,34,40,12.5,6
"AC090587.5",5,1,34,40,12.5,6
"AC090627.1",5,0,12,17,29.4117647058824,5
"AC090952.5",5,2,59,66,7.57575757575758,7
"AC092171.2",5,0,13,18,27.7777777777778,5
"AC092573.2",5,1,1,7,71.4285714285714,6
"AC092839.3",5,0,8,13,38.4615384615385,5
"AC093267.1",5,4,73,82,6.09756097560976,9
"AC093620.5",5,0,13,18,27.7777777777778,5
"AC099535.1",5,0,15,20,25,5
"AC100830.4",5,1,19,25,20,6
"AC100830.5",5,1,19,25,20,6
"AC105247.1",5,0,33,38,13.1578947368421,5
"AC113189.5",5,0,22,27,18.5185185185185,5
"AC132186.1",5,4,42,51,9.80392156862745,9
"ACAP1",5,0,32,37,13.5135135135135,5
"ACOT13",5,0,39,44,11.3636363636364,5
"ACTR1A",5,0,14,19,26.3157894736842,5
"ADORA2A-AS1",5,0,14,19,26.3157894736842,5
"ADORA3",5,0,8,13,38.4615384615385,5
"AGAP7",5,3,44,52,9.61538461538462,8
"AHCYL2",5,1,16,22,22.7272727272727,6
"AHSA1",5,0,27,32,15.625,5
"AL136419.6",5,1,49,55,9.09090909090909,6
"AL138706.1",5,0,13,18,27.7777777777778,5
"AL139333.1",5,0,31,36,13.8888888888889,5
"AL162311.1",5,3,17,25,20,8
"AL365181.1",5,0,22,27,18.5185185185185,5
"AL512791.1",5,0,10,15,33.3333333333333,5
"ALDOA",5,2,18,25,20,7
"ALG5",5,1,18,24,20.8333333333333,6
"ANKRD31",5,1,20,26,19.2307692307692,6
"ANLN",5,0,6,11,45.4545454545455,5
"AP000355.2",5,0,14,19,26.3157894736842,5
"AP000640.2",5,0,30,35,14.2857142857143,5
"AP001258.4",5,0,21,26,19.2307692307692,5
"AP001258.5",5,0,21,26,19.2307692307692,5
"AP4S1",5,0,12,17,29.4117647058824,5
"APBB1",5,0,54,59,8.47457627118644,5
"APIP",5,0,48,53,9.43396226415094,5
"APOA1BP",5,0,22,27,18.5185185185185,5
"ARGLU1",5,7,57,69,7.2463768115942,12
"ARID1B",5,0,17,22,22.7272727272727,5
"ARID4B",5,1,13,19,26.3157894736842,6
"ARMC2",5,0,17,22,22.7272727272727,5
"ARPC4",5,0,40,45,11.1111111111111,5
"ARPC4-TTLL3",5,0,40,45,11.1111111111111,5
"ASNSD1",5,0,14,19,26.3157894736842,5
"ATP1B3",5,0,21,26,19.2307692307692,5
"ATP5F1",5,1,30,36,13.8888888888889,6
"ATP5G2",5,2,11,18,27.7777777777778,7
"ATPAF1",5,1,18,24,20.8333333333333,6
"B3GNT2",5,1,15,21,23.8095238095238,6
"BARHL2",5,2,13,20,25,7
"BCAT1",5,3,23,31,16.1290322580645,8
"BLK",5,1,62,68,7.35294117647059,6
"BOLA3",5,1,50,56,8.92857142857143,6
"BOLA3-AS1",5,1,50,56,8.92857142857143,6
"BPHL",5,0,13,18,27.7777777777778,5
"BTAF1",5,3,23,31,16.1290322580645,8
"C10orf25",5,4,48,57,8.7719298245614,9
"C12orf65",5,0,37,42,11.9047619047619,5
"C14orf178",5,0,37,42,11.9047619047619,5
"C1orf105",5,0,13,18,27.7777777777778,5
"C1orf162",5,0,33,38,13.1578947368421,5
"C2orf47",5,3,46,54,9.25925925925926,8
"C3orf27",5,0,10,15,33.3333333333333,5
"C5orf56",5,0,26,31,16.1290322580645,5
"C6orf211",5,3,48,56,8.92857142857143,8
"C7orf25",5,3,58,66,7.57575757575758,8
"C9orf85",5,1,25,31,16.1290322580645,6
"CABLES1",5,0,33,38,13.1578947368421,5
"CALM1",5,2,30,37,13.5135135135135,7
"CAMK1",5,0,23,28,17.8571428571429,5
"CAPG",5,0,27,32,15.625,5
"CAPRIN2",5,3,49,57,8.7719298245614,8
"CBLN3",5,1,49,55,9.09090909090909,6
"CCDC115",5,1,12,18,27.7777777777778,6
"CCDC86",5,1,42,48,10.4166666666667,6
"CCDC90B",5,9,69,83,6.02409638554217,14
"CCDC93",5,0,20,25,20,5
"CCNB1",5,3,56,64,7.8125,8
"CCT8",5,2,38,45,11.1111111111111,7
"CD180",5,1,20,26,19.2307692307692,6
"CD44",5,6,43,54,9.25925925925926,11
"CD68",5,0,13,18,27.7777777777778,5
"CD93",5,3,64,72,6.94444444444444,8
"CDCA7",5,1,1,7,71.4285714285714,6
"CEBPD",5,0,34,39,12.8205128205128,5
"CENPQ",5,4,26,35,14.2857142857143,9
"CEP152",5,6,25,36,13.8888888888889,11
"CGN",5,0,46,51,9.80392156862745,5
"CHCHD5",5,0,21,26,19.2307692307692,5
"CHCHD6",5,1,26,32,15.625,6
"CHI3L2",5,0,41,46,10.8695652173913,5
"CHMP4A",5,2,52,59,8.47457627118644,7
"CHSY1",5,2,46,53,9.43396226415094,7
"CKLF",5,3,44,52,9.61538461538462,8
"CKLF-CMTM1",5,3,44,52,9.61538461538462,8
"CLEC16A",5,2,36,43,11.6279069767442,7
"CLK1",5,1,21,27,18.5185185185185,6
"CNBP",5,0,24,29,17.2413793103448,5
"CNIH4",5,2,37,44,11.3636363636364,7
"CNNM4",5,3,63,71,7.04225352112676,8
"COL28A1",5,4,25,34,14.7058823529412,9
"COMMD6",5,1,34,40,12.5,6
"COPZ2",5,0,10,15,33.3333333333333,5
"COQ10A",5,0,20,25,20,5
"COX18",5,2,41,48,10.4166666666667,7
"CRYBG3",5,7,39,51,9.80392156862745,12
"CS",5,0,20,25,20,5
"CSHL1",5,0,37,42,11.9047619047619,5
"CSTF3",5,2,21,28,17.8571428571429,7
"CSTF3-AS1",5,2,21,28,17.8571428571429,7
"CTB-55O6.10",5,0,12,17,29.4117647058824,5
"CTC-236F12.4",5,2,56,63,7.93650793650794,7
"CTD-2105E13.15",5,0,9,14,35.7142857142857,5
"CTD-2647L4.1",5,0,8,13,38.4615384615385,5
"CTD-3028N15.1",5,7,33,45,11.1111111111111,12
"CTD-3203P2.2",5,0,27,32,15.625,5
"CTU1",5,0,29,34,14.7058823529412,5
"CUL2",5,4,69,78,6.41025641025641,9
"CWC27",5,1,23,29,17.2413793103448,6
"CYB5D1",5,0,24,29,17.2413793103448,5
"CYTIP",5,2,33,40,12.5,7
"DBF4",5,2,23,30,16.6666666666667,7
"DCHS1",5,0,49,54,9.25925925925926,5
"DDX46",5,2,22,29,17.2413793103448,7
"DEPDC4",5,4,48,57,8.7719298245614,9
"DHRS1",5,1,34,40,12.5,6
"DMAP1",5,0,30,35,14.2857142857143,5
"DNAH3",5,2,39,46,10.8695652173913,7
"DOPEY1",5,0,31,36,13.8888888888889,5
"DPCD",5,0,22,27,18.5185185185185,5
"DPH3",5,1,11,17,29.4117647058824,6
"DPH5",5,5,41,51,9.80392156862745,10
"DSCC1",5,0,20,25,20,5
"DTL",5,2,28,35,14.2857142857143,7
"DUSP1",5,1,19,25,20,6
"DYNLT1",5,0,37,42,11.9047619047619,5
"EFCAB14-AS1",5,1,18,24,20.8333333333333,6
"EIF4A1",5,0,13,18,27.7777777777778,5
"ELF1",5,0,11,16,31.25,5
"ELFN2",5,0,12,17,29.4117647058824,5
"EMG1",5,3,30,38,13.1578947368421,8
"EMILIN2",5,3,51,59,8.47457627118644,8
"EML3",5,0,20,25,20,5
"EN1",5,2,29,36,13.8888888888889,7
"ENOPH1",5,0,34,39,12.8205128205128,5
"EOMES",5,1,36,42,11.9047619047619,6
"ERC1",5,0,15,20,25,5
"ERCC8",5,1,15,21,23.8095238095238,6
"ERMN",5,2,36,43,11.6279069767442,7
"ESPL1",5,0,18,23,21.7391304347826,5
"EXOSC8",5,1,18,24,20.8333333333333,6
"FAIM3",5,1,51,57,8.7719298245614,6
"FAM105A",5,4,100,109,4.58715596330275,9
"FAM111A",5,0,21,26,19.2307692307692,5
"FAM13B",5,2,23,30,16.6666666666667,7
"FAM167A",5,1,72,78,6.41025641025641,6
"FAM175A",5,1,4,10,50,6
"FAM177A1",5,1,33,39,12.8205128205128,6
"FAM179B",5,8,42,55,9.09090909090909,13
"FAM49B",5,1,44,50,10,6
"FAM65B",5,0,40,45,11.1111111111111,5
"FANCM",5,8,41,54,9.25925925925926,13
"FARSB",5,2,23,30,16.6666666666667,7
"FBRS",5,0,19,24,20.8333333333333,5
"FCHSD2",5,0,16,21,23.8095238095238,5
"FDX1",5,3,13,21,23.8095238095238,8
"FGD6",5,1,18,24,20.8333333333333,6
"FGF11",5,0,23,28,17.8571428571429,5
"FIZ1",5,0,23,28,17.8571428571429,5
"FKBP3",5,8,41,54,9.25925925925926,13
"FMNL1",5,0,28,33,15.1515151515152,5
"FOXC1",5,1,24,30,16.6666666666667,6
"FOXD2",5,2,8,15,33.3333333333333,7
"FOXD2-AS1",5,2,9,16,31.25,7
"FOXO1",5,1,30,36,13.8888888888889,6
"FPR1",5,1,30,36,13.8888888888889,6
"FPR2",5,1,30,36,13.8888888888889,6
"FRS3",5,0,28,33,15.1515151515152,5
"FSD2",5,6,48,59,8.47457627118644,11
"FUS",5,1,37,43,11.6279069767442,6
"GATA4",5,1,31,37,13.5135135135135,6
"GATM",5,1,38,44,11.3636363636364,6
"GBE1",5,1,31,37,13.5135135135135,6
"GBP5",5,2,47,54,9.25925925925926,7
"GBP7",5,0,21,26,19.2307692307692,5
"GCM2",5,0,4,9,55.5555555555556,5
"GDI2",5,1,13,19,26.3157894736842,6
"GEN1",5,4,57,66,7.57575757575758,9
"GGNBP1",5,0,13,18,27.7777777777778,5
"GGPS1",5,1,13,19,26.3157894736842,6
"GH1",5,0,37,42,11.9047619047619,5
"GINS3",5,5,37,47,10.6382978723404,10
"GOT1",5,2,40,47,10.6382978723404,7
"GPCPD1",5,1,45,51,9.80392156862745,6
"GPR88",5,0,4,9,55.5555555555556,5
"GPS2",5,0,33,38,13.1578947368421,5
"GSG1",5,0,19,24,20.8333333333333,5
"GTF2E2",5,1,37,43,11.6279069767442,6
"HEBP1",5,2,41,48,10.4166666666667,7
"HECTD1",5,1,25,31,16.1290322580645,6
"HIPK3",5,2,20,27,18.5185185185185,7
"HIST1H2AK",5,0,24,29,17.2413793103448,5
"HIST1H2BN",5,0,24,29,17.2413793103448,5
"HIST1H4F",5,1,32,38,13.1578947368421,6
"HNRNPD",5,1,18,24,20.8333333333333,6
"HNRNPDL",5,0,34,39,12.8205128205128,5
"HOXA10",5,0,17,22,22.7272727272727,5
"HOXA2",5,1,13,19,26.3157894736842,6
"HOXC-AS3",5,0,17,22,22.7272727272727,5
"HOXC10",5,0,17,22,22.7272727272727,5
"HOXC13",5,0,10,15,33.3333333333333,5
"HOXC13-AS",5,0,10,15,33.3333333333333,5
"HPS4",5,0,20,25,20,5
"HSF2",5,5,33,43,11.6279069767442,10
"HTR6",5,0,37,42,11.9047619047619,5
"HTR7P1",5,2,41,48,10.4166666666667,7
"HYDIN",5,5,75,85,5.88235294117647,10
"IER5",5,2,12,19,26.3157894736842,7
"IFT122",5,0,39,44,11.3636363636364,5
"IFT27",5,1,33,39,12.8205128205128,6
"IGSF8",5,0,22,27,18.5185185185185,5
"IHH",5,0,9,14,35.7142857142857,5
"IL1B",5,1,42,48,10.4166666666667,6
"IL21R",5,0,33,38,13.1578947368421,5
"ILK",5,0,61,66,7.57575757575758,5
"IMP4",5,1,12,18,27.7777777777778,6
"INTS10",5,2,49,56,8.92857142857143,7
"INTS7",5,2,28,35,14.2857142857143,7
"IRF9",5,1,41,47,10.6382978723404,6
"ITPR1",5,1,50,56,8.92857142857143,6
"ITPR1-AS1",5,1,50,56,8.92857142857143,6
"JAK2",5,0,22,27,18.5185185185185,5
"JAZF1",5,1,21,27,18.5185185185185,6
"JAZF1-AS1",5,1,21,27,18.5185185185185,6
"JHDM1D-AS1",5,0,26,31,16.1290322580645,5
"KAT2B",5,5,39,49,10.2040816326531,10
"KB-1615E4.2",5,1,20,26,19.2307692307692,6
"KB-1615E4.3",5,1,19,25,20,6
"KCTD11",5,0,31,36,13.8888888888889,5
"KDM7A",5,0,26,31,16.1290322580645,5
"KHNYN",5,1,49,55,9.09090909090909,6
"KIAA0895",5,0,6,11,45.4545454545455,5
"KLF7",5,1,43,49,10.2040816326531,6
"KLHL21",5,2,28,35,14.2857142857143,7
"KLHL28",5,8,42,55,9.09090909090909,13
"LARP1",5,3,34,42,11.9047619047619,8
"LEFTY2",5,3,27,35,14.2857142857143,8
"LEKR1",5,1,48,54,9.25925925925926,6
"LENG8",5,0,26,31,16.1290322580645,5
"LENG8-AS1",5,0,26,31,16.1290322580645,5
"LEO1",5,3,25,33,15.1515151515152,8
"LFNG",5,1,18,24,20.8333333333333,6
"LIMK1",5,1,16,22,22.7272727272727,6
"LINC00167",5,0,50,55,9.09090909090909,5
"LLPH",5,1,23,29,17.2413793103448,6
"LMF2",5,0,12,17,29.4117647058824,5
"LMOD3",5,3,21,29,17.2413793103448,8
"LNX1",5,0,6,11,45.4545454545455,5
"LNX2",5,0,21,26,19.2307692307692,5
"LOH12CR1",5,0,30,35,14.2857142857143,5
"LOH12CR2",5,0,30,35,14.2857142857143,5
"LPIN3",5,0,32,37,13.5135135135135,5
"LRP1",5,0,23,28,17.8571428571429,5
"LRRC4",5,1,33,39,12.8205128205128,6
"LSMD1",5,0,27,32,15.625,5
"LTN1",5,2,36,43,11.6279069767442,7
"LYN",5,1,48,54,9.25925925925926,6
"LYRM2",5,0,27,32,15.625,5
"MAD2L1",5,3,39,47,10.6382978723404,8
"MAK16",5,6,71,82,6.09756097560976,11
"MANBA",5,1,23,29,17.2413793103448,6
"MANF",5,0,23,28,17.8571428571429,5
"MAP3K1",5,2,69,76,6.57894736842105,7
"MAP3K14",5,0,17,22,22.7272727272727,5
"MAP3K7",5,0,38,43,11.6279069767442,5
"MAP3K7CL",5,2,31,38,13.1578947368421,7
"MARK2",5,0,12,17,29.4117647058824,5
"MAT2B",5,3,34,42,11.9047619047619,8
"MBD4",5,0,39,44,11.3636363636364,5
"MBNL2",5,3,50,58,8.62068965517241,8
"MDP1",5,1,49,55,9.09090909090909,6
"MED24",5,1,30,36,13.8888888888889,6
"METTL13",5,1,37,43,11.6279069767442,6
"MFSD6",5,0,31,36,13.8888888888889,5
"MFSD9",5,1,13,19,26.3157894736842,6
"MGAT5",5,0,61,66,7.57575757575758,5
"MGME1",5,3,51,59,8.47457627118644,8
"MIR152",5,0,10,15,33.3333333333333,5
"MIR16",5,2,22,29,17.2413793103448,7
"MIR17HG",5,7,61,73,6.84931506849315,12
"MIR181C",5,0,13,18,27.7777777777778,5
"MIR181D",5,0,13,18,27.7777777777778,5
"MIR330",5,0,4,9,55.5555555555556,5
"MIR3607",5,4,53,62,8.06451612903226,9
"MIR4466",5,0,17,22,22.7272727272727,5
"MIR4687",5,1,34,40,12.5,6
"MIR548C",5,5,53,63,7.93650793650794,10
"MIR579",5,2,39,46,10.8695652173913,7
"MIR591",5,0,9,14,35.7142857142857,5
"MIR609",5,2,54,61,8.19672131147541,7
"MIR624",5,0,11,16,31.25,5
"MIR629",5,3,82,90,5.55555555555556,8
"MIR7",5,5,64,74,6.75675675675676,10
"MITF",5,3,18,26,19.2307692307692,8
"MLKL",5,1,36,42,11.9047619047619,6
"MPDU1",5,0,22,27,18.5185185185185,5
"MPHOSPH9",5,0,37,42,11.9047619047619,5
"MPPE1",5,0,22,27,18.5185185185185,5
"MRPS18A",5,1,27,33,15.1515151515152,6
"MSH5-SAPCD1",5,0,16,21,23.8095238095238,5
"MTFR2",5,1,10,16,31.25,6
"MTMR10",5,1,66,72,6.94444444444444,6
"MTMR14",5,0,36,41,12.1951219512195,5
"MUT",5,4,26,35,14.2857142857143,9
"MYB-AS1",5,2,26,33,15.1515151515152,7
"MYO1G",5,1,31,37,13.5135135135135,6
"NAB1",5,0,31,36,13.8888888888889,5
"NANOS3",5,0,13,18,27.7777777777778,5
"NAT14",5,0,26,31,16.1290322580645,5
"NCAPH",5,3,57,65,7.69230769230769,8
"NCAPH2",5,0,12,17,29.4117647058824,5
"NDEL1",5,0,30,35,14.2857142857143,5
"NDUFAF2",5,1,12,18,27.7777777777778,6
"NEAT1",5,0,15,20,25,5
"NEDD8",5,1,50,56,8.92857142857143,6
"NEDD9",5,1,54,60,8.33333333333333,6
"NEK8",5,0,23,28,17.8571428571429,5
"NFE2L2",5,2,42,49,10.2040816326531,7
"NFIL3",5,2,29,36,13.8888888888889,7
"NIF3L1",5,0,33,38,13.1578947368421,5
"NLE1",5,4,35,44,11.3636363636364,9
"NNMT",5,1,43,49,10.2040816326531,6
"NOP9",5,1,38,44,11.3636363636364,6
"NPR1",5,0,26,31,16.1290322580645,5
"NRDE2",5,0,8,13,38.4615384615385,5
"NSMCE1",5,0,27,32,15.625,5
"NUP155",5,3,18,26,19.2307692307692,8
"NXPH1",5,3,21,29,17.2413793103448,8
"OAZ2",5,1,19,25,20,6
"OSBPL3",5,0,45,50,10,5
"OXCT1",5,1,20,26,19.2307692307692,6
"OXCT1-AS1",5,1,20,26,19.2307692307692,6
"OXNAD1",5,1,7,13,38.4615384615385,6
"PACSIN3",5,0,18,23,21.7391304347826,5
"PADI2",5,0,42,47,10.6382978723404,5
"PADI3",5,0,37,42,11.9047619047619,5
"PADI4",5,0,31,36,13.8888888888889,5
"PAICS",5,2,29,36,13.8888888888889,7
"PAPSS1",5,1,40,46,10.8695652173913,6
"PATL1",5,0,30,35,14.2857142857143,5
"PCBP1",5,0,13,18,27.7777777777778,5
"PDE4D",5,0,52,57,8.7719298245614,5
"PFDN5",5,1,29,35,14.2857142857143,6
"PGM2",5,0,22,27,18.5185185185185,5
"PHB2",5,3,30,38,13.1578947368421,8
"PHF13",5,2,28,35,14.2857142857143,7
"PHLDA1",5,11,51,67,7.46268656716418,16
"PIAS3",5,1,27,33,15.1515151515152,6
"PICALM",5,3,60,68,7.35294117647059,8
"PIGR",5,1,56,62,8.06451612903226,6
"PLCB2",5,1,37,43,11.6279069767442,6
"PLEKHH2",5,0,10,15,33.3333333333333,5
"PLEKHM3",5,1,32,38,13.1578947368421,6
"PNRC1",5,0,30,35,14.2857142857143,5
"POLL",5,0,13,18,27.7777777777778,5
"POLR1D",5,0,21,26,19.2307692307692,5
"PPAPDC1B",5,1,51,57,8.7719298245614,6
"PPAT",5,2,29,36,13.8888888888889,7
"PPIL3",5,0,30,35,14.2857142857143,5
"PPM1J",5,2,24,31,16.1290322580645,7
"PPP4C",5,2,15,22,22.7272727272727,7
"PRCP",5,8,50,63,7.93650793650794,13
"PRDM10",5,0,50,55,9.09090909090909,5
"PRICKLE4",5,0,26,31,16.1290322580645,5
"PRKACA",5,0,12,17,29.4117647058824,5
"PRKCB",5,0,22,27,18.5185185185185,5
"PRORSD1P",5,0,21,26,19.2307692307692,5
"PRR14",5,0,20,25,20,5
"PRR5L",5,4,19,28,17.8571428571429,9
"PRRT3",5,0,25,30,16.6666666666667,5
"PRSS36",5,0,34,39,12.8205128205128,5
"PTPN1",5,1,18,24,20.8333333333333,6
"PYCR2",5,3,27,35,14.2857142857143,8
"QRICH2",5,0,27,32,15.625,5
"RAB13",5,0,33,38,13.1578947368421,5
"RAD17",5,1,43,49,10.2040816326531,6
"RAD52",5,0,15,20,25,5
"RALGAPA1",5,3,17,25,20,8
"RBL2",5,2,43,50,10,7
"RBM15B",5,0,18,23,21.7391304347826,5
"RBPMS",5,0,23,28,17.8571428571429,5
"RBPMS-AS1",5,0,23,28,17.8571428571429,5
"RHOC",5,2,24,31,16.1290322580645,7
"RMND1",5,3,48,56,8.92857142857143,8
"RNASE6",5,0,41,46,10.8695652173913,5
"RNF182",5,1,30,36,13.8888888888889,6
"RNF220",5,0,21,26,19.2307692307692,5
"RNF31",5,1,45,51,9.80392156862745,6
"RNGTT",5,0,27,32,15.625,5
"RNU2-2P",5,0,18,23,21.7391304347826,5
"RNU2-37P",5,0,11,16,31.25,5
"RNU6-1007P",5,1,42,48,10.4166666666667,6
"RNU6-100P",5,0,28,33,15.1515151515152,5
"RNU6-1043P",5,1,22,28,17.8571428571429,6
"RNU6-1051P",5,0,34,39,12.8205128205128,5
"RNU6-1148P",5,2,22,29,17.2413793103448,7
"RNU6-1255P",5,2,62,69,7.2463768115942,7
"RNU6-1311P",5,0,13,18,27.7777777777778,5
"RNU6-312P",5,0,30,35,14.2857142857143,5
"RNU6-422P",5,0,23,28,17.8571428571429,5
"RNU6-792P",5,0,7,12,41.6666666666667,5
"RNU6-805P",5,1,21,27,18.5185185185185,6
"RNU7-133P",5,2,32,39,12.8205128205128,7
"RNU7-151P",5,1,38,44,11.3636363636364,6
"RNU7-193P",5,1,20,26,19.2307692307692,6
"RNU7-3P",5,4,53,62,8.06451612903226,9
"RNY1P6",5,0,21,26,19.2307692307692,5
"RP1-170O19.20",5,0,17,22,22.7272727272727,5
"RP1-212P9.3",5,0,25,30,16.6666666666667,5
"RP1-240K6.3",5,2,28,35,14.2857142857143,7
"RP1-261D10.2",5,2,66,73,6.84931506849315,7
"RP1-63G5.5",5,0,12,17,29.4117647058824,5
"RP1-90J20.10",5,0,25,30,16.6666666666667,5
"RP11-1020A11.2",5,0,25,30,16.6666666666667,5
"RP11-104H15.10",5,0,23,28,17.8571428571429,5
"RP11-104H15.8",5,0,23,28,17.8571428571429,5
"RP11-104H15.9",5,0,23,28,17.8571428571429,5
"RP11-124N14.3",5,1,34,40,12.5,6
"RP11-127B20.3",5,1,18,24,20.8333333333333,6
"RP11-146F11.1",5,1,22,28,17.8571428571429,6
"RP11-146F11.5",5,0,24,29,17.2413793103448,5
"RP11-148O21.3",5,1,64,70,7.14285714285714,6
"RP11-148O21.6",5,1,64,70,7.14285714285714,6
"RP11-15A1.7",5,2,21,28,17.8571428571429,7
"RP11-230C9.2",5,0,17,22,22.7272727272727,5
"RP11-230C9.3",5,0,17,22,22.7272727272727,5
"RP11-230C9.4",5,0,17,22,22.7272727272727,5
"RP11-266N13.2",5,0,50,55,9.09090909090909,5
"RP11-286H14.8",5,1,16,22,22.7272727272727,6
"RP11-290L1.2",5,11,51,67,7.46268656716418,16
"RP11-290L1.3",5,11,51,67,7.46268656716418,16
"RP11-293M10.2",5,1,65,71,7.04225352112676,6
"RP11-293M10.4",5,1,38,44,11.3636363636364,6
"RP11-293M10.5",5,1,38,44,11.3636363636364,6
"RP11-29G8.3",5,1,34,40,12.5,6
"RP11-310H4.1",5,3,29,37,13.5135135135135,8
"RP11-313D6.3",5,4,65,74,6.75675675675676,9
"RP11-33I11.2",5,1,66,72,6.94444444444444,6
"RP11-359B12.2",5,0,15,20,25,5
"RP11-367G6.3",5,0,40,45,11.1111111111111,5
"RP11-377D9.3",5,2,41,48,10.4166666666667,7
"RP11-388M20.6",5,1,37,43,11.6279069767442,6
"RP11-393M11.2",5,2,27,34,14.7058823529412,7
"RP11-404E16.1",5,0,35,40,12.5,5
"RP11-421L21.2",5,2,32,39,12.8205128205128,7
"RP11-421L21.3",5,5,41,51,9.80392156862745,10
"RP11-422P24.9",5,0,33,38,13.1578947368421,5
"RP11-426L16.10",5,2,24,31,16.1290322580645,7
"RP11-426L16.9",5,2,24,31,16.1290322580645,7
"RP11-440G5.2",5,2,29,36,13.8888888888889,7
"RP11-44N12.5",5,0,10,15,33.3333333333333,5
"RP11-466F5.8",5,0,34,39,12.8205128205128,5
"RP11-484D2.2",5,3,29,37,13.5135135135135,8
"RP11-485O10.3",5,6,25,36,13.8888888888889,11
"RP11-493P1.2",5,1,10,16,31.25,6
"RP11-517P14.2",5,0,14,19,26.3157894736842,5
"RP11-533E19.7",5,2,12,19,26.3157894736842,7
"RP11-57H12.3",5,1,36,42,11.9047619047619,6
"RP11-637O19.2",5,0,4,9,55.5555555555556,5
"RP11-63L7.5",5,0,30,35,14.2857142857143,5
"RP11-679C8.2",5,3,39,47,10.6382978723404,8
"RP11-727A23.10",5,9,69,83,6.02409638554217,14
"RP11-732A19.8",5,0,49,54,9.25925925925926,5
"RP11-745O10.2",5,1,23,29,17.2413793103448,6
"RP11-779O18.1",5,0,16,21,23.8095238095238,5
"RP11-779O18.2",5,0,23,28,17.8571428571429,5
"RP11-779O18.3",5,0,23,28,17.8571428571429,5
"RP11-77I22.2",5,3,49,57,8.7719298245614,8
"RP11-780K2.1",5,0,27,32,15.625,5
"RP11-804A23.2",5,1,42,48,10.4166666666667,6
"RP11-820I16.4",5,0,22,27,18.5185185185185,5
"RP11-829H16.5",5,0,11,16,31.25,5
"RP11-834C11.10",5,0,14,19,26.3157894736842,5
"RP11-834C11.12",5,0,17,22,22.7272727272727,5
"RP11-834C11.8",5,0,14,19,26.3157894736842,5
"RP11-902B17.1",5,0,46,51,9.80392156862745,5
"RP11-977G19.14",5,0,18,23,21.7391304347826,5
"RP3-425P12.5",5,0,40,45,11.1111111111111,5
"RP4-559A3.6",5,3,27,35,14.2857142857143,8
"RP4-559A3.7",5,3,27,35,14.2857142857143,8
"RP4-607I7.1",5,6,43,54,9.25925925925926,11
"RP4-612B15.3",5,2,23,30,16.6666666666667,7
"RP4-753D10.3",5,3,51,59,8.47457627118644,8
"RP4-753D10.5",5,3,49,57,8.7719298245614,8
"RP5-1022P6.5",5,1,39,45,11.1111111111111,6
"RP5-1061H20.5",5,0,51,56,8.92857142857143,5
"RP5-833A20.1",5,0,8,13,38.4615384615385,5
"RP5-837M10.4",5,0,6,11,45.4545454545455,5
"RP5-997D24.3",5,0,24,29,17.2413793103448,5
"RPL23A",5,0,37,42,11.9047619047619,5
"RPL27A",5,1,46,52,9.61538461538462,6
"RPL5P21",5,0,24,29,17.2413793103448,5
"RPS18P1",5,1,39,45,11.1111111111111,6
"RPS27",5,0,33,38,13.1578947368421,5
"RPS4XP13",5,0,17,22,22.7272727272727,5
"RSG1",5,0,20,25,20,5
"RUVBL1",5,0,11,16,31.25,5
"RUVBL1-AS1",5,0,11,16,31.25,5
"RWDD3",5,1,36,42,11.9047619047619,6
"SAR1B",5,0,13,18,27.7777777777778,5
"SBF2",5,0,26,31,16.1290322580645,5
"SCYL2",5,4,48,57,8.7719298245614,9
"SERPINB9",5,0,25,30,16.6666666666667,5
"SESN3",5,2,29,36,13.8888888888889,7
"SETD5",5,0,35,40,12.5,5
"SETD5-AS1",5,0,35,40,12.5,5
"SGK223",5,0,46,51,9.80392156862745,5
"SGOL1",5,3,48,56,8.92857142857143,8
"SH2D6",5,0,27,32,15.625,5
"SH3GLB1",5,2,23,30,16.6666666666667,7
"SIPA1L1",5,2,66,73,6.84931506849315,7
"SKAP1",5,0,13,18,27.7777777777778,5
"SLAMF7",5,0,34,39,12.8205128205128,5
"SLC18B1",5,3,32,40,12.5,8
"SLC20A1",5,0,32,37,13.5135135135135,5
"SLC25A40",5,2,23,30,16.6666666666667,7
"SLFN12L",5,2,39,46,10.8695652173913,7
"SMAD9-AS1",5,1,14,20,25,6
"SMC3",5,3,57,65,7.69230769230769,8
"SMG5",5,0,15,20,25,5
"SMPD1",5,0,52,57,8.7719298245614,5
"SNHG5",5,6,79,90,5.55555555555556,11
"SNORA25.14",5,3,15,23,21.7391304347826,8
"SNORA3",5,1,34,40,12.5,6
"SNORA44.1",5,0,46,51,9.80392156862745,5
"SNORA45",5,1,34,40,12.5,6
"SNORA48",5,0,13,18,27.7777777777778,5
"SNORA67",5,0,13,18,27.7777777777778,5
"SNORA67.4",5,2,28,35,14.2857142857143,7
"SNORD10",5,0,13,18,27.7777777777778,5
"SNORD112.2",5,5,75,85,5.88235294117647,10
"SNORD112.8",5,2,27,34,14.7058823529412,7
"SNORD42A",5,0,22,27,18.5185185185185,5
"SNORD42B",5,0,34,39,12.8205128205128,5
"SNORD4B",5,0,22,27,18.5185185185185,5
"SNORD58.1",5,7,33,45,11.1111111111111,12
"SNORD72",5,1,36,42,11.9047619047619,6
"snoU13.146",5,2,36,43,11.6279069767442,7
"snoU13.24",5,3,48,56,8.92857142857143,8
"snoU13.317",5,1,60,66,7.57575757575758,6
"snoU13.419",5,2,45,52,9.61538461538462,7
"snoU13.456",5,1,14,20,25,6
"SNRNP27",5,1,31,37,13.5135135135135,6
"SNW1",5,0,37,42,11.9047619047619,5
"SNX2",5,3,73,81,6.17283950617284,8
"SNX27",5,0,35,40,12.5,5
"SNX5",5,3,55,63,7.93650793650794,8
"SOX15",5,0,22,27,18.5185185185185,5
"SOX2-OT",5,1,31,37,13.5135135135135,6
"SP7",5,1,22,28,17.8571428571429,6
"SPATA13",5,1,37,43,11.6279069767442,6
"SPATA13-AS1",5,1,36,42,11.9047619047619,6
"SPATA5L1",5,1,36,42,11.9047619047619,6
"SPDYE4",5,2,43,50,10,7
"SPHAR",5,0,6,11,45.4545454545455,5
"SPIDR",5,0,34,39,12.8205128205128,5
"SREK1IP1",5,1,23,29,17.2413793103448,6
"SRP72",5,2,27,34,14.7058823529412,7
"SRRD",5,0,20,25,20,5
"SSBP3",5,0,41,46,10.8695652173913,5
"SSC5D",5,0,26,31,16.1290322580645,5
"STAMBP",5,1,60,66,7.57575757575758,6
"STAT5B",5,1,17,23,21.7391304347826,6
"STAT6",5,0,22,27,18.5185185185185,5
"STIM1",5,1,34,40,12.5,6
"STIM2",5,3,45,53,9.43396226415094,8
"STK3",5,0,10,15,33.3333333333333,5
"STXBP5",5,0,29,34,14.7058823529412,5
"STXBP5-AS1",5,0,29,34,14.7058823529412,5
"SUCLG1",5,1,28,34,14.7058823529412,6
"SUPT4H1",5,1,7,13,38.4615384615385,6
"SVIP",5,3,27,35,14.2857142857143,8
"SYTL3",5,0,37,42,11.9047619047619,5
"TADA1",5,0,3,8,62.5,5
"TADA3",5,0,40,45,11.1111111111111,5
"TAF2",5,1,25,31,16.1290322580645,6
"TAF9",5,1,43,49,10.2040816326531,6
"TBC1D7",5,1,38,44,11.3636363636364,6
"TCTEX1D1",5,0,19,24,20.8333333333333,5
"TDP2",5,0,39,44,11.3636363636364,5
"TEX38",5,1,18,24,20.8333333333333,6
"TFP1",5,4,34,43,11.6279069767442,9
"TGFBR2",5,0,48,53,9.43396226415094,5
"THAP6",5,1,29,35,14.2857142857143,6
"THRAP3",5,0,17,22,22.7272727272727,5
"TK2",5,3,44,52,9.61538461538462,8
"TLCD1",5,0,22,27,18.5185185185185,5
"TLE3",5,3,72,80,6.25,8
"TMCC1",5,0,25,30,16.6666666666667,5
"TMCC1-AS1",5,0,25,30,16.6666666666667,5
"TMCO1",5,0,36,41,12.1951219512195,5
"TMEM102",5,0,23,28,17.8571428571429,5
"TMEM159",5,2,39,46,10.8695652173913,7
"TMEM182",5,1,13,19,26.3157894736842,6
"TMEM190",5,0,9,14,35.7142857142857,5
"TMEM243",5,2,29,36,13.8888888888889,7
"TMEM55B",5,0,33,38,13.1578947368421,5
"TMEM63A",5,0,12,17,29.4117647058824,5
"TMEM79",5,0,15,20,25,5
"TMEM86B",5,0,25,30,16.6666666666667,5
"TMEM88",5,0,24,29,17.2413793103448,5
"TNFSF12",5,0,17,22,22.7272727272727,5
"TNFSF12-TNFSF13",5,0,17,22,22.7272727272727,5
"TOPBP1",5,4,34,43,11.6279069767442,9
"TOR1AIP1",5,2,12,19,26.3157894736842,7
"TP53",5,0,15,20,25,5
"TPRG1",5,0,48,53,9.43396226415094,5
"TRAPPC3L",5,3,41,49,10.2040816326531,8
"TRIB2",5,3,64,72,6.94444444444444,8
"TTC17",5,3,29,37,13.5135135135135,8
"TTC37",5,1,33,39,12.8205128205128,6
"TXNL1",5,3,28,36,13.8888888888889,8
"TYW5",5,3,46,54,9.25925925925926,8
"U3.46",5,0,14,19,26.3157894736842,5
"U3.70",5,0,33,38,13.1578947368421,5
"U3.87",5,6,34,45,11.1111111111111,11
"UBAP2L",5,0,22,27,18.5185185185185,5
"UBE2L6",5,0,17,22,22.7272727272727,5
"UBE3D",5,0,31,36,13.8888888888889,5
"UCHL3",5,1,34,40,12.5,6
"UNG",5,1,41,47,10.6382978723404,6
"UPB1",5,0,18,23,21.7391304347826,5
"UPP2",5,1,22,28,17.8571428571429,6
"USP48",5,1,30,36,13.8888888888889,6
"UTP3",5,1,35,41,12.1951219512195,6
"VCPKMT",5,1,48,54,9.25925925925926,6
"VEZT",5,1,19,25,20,6
"VIM",5,1,40,46,10.8695652173913,6
"VIMP",5,3,41,49,10.2040816326531,8
"VIPAS39",5,0,27,32,15.625,5
"VOPP1",5,3,29,37,13.5135135135135,8
"VWF",5,0,26,31,16.1290322580645,5
"WARS",5,0,27,32,15.625,5
"WBP4",5,0,11,16,31.25,5
"WDFY2",5,0,21,26,19.2307692307692,5
"WDR59",5,2,35,42,11.9047619047619,7
"WDR7",5,3,28,36,13.8888888888889,8
"WDR74",5,0,19,24,20.8333333333333,5
"WDR77",5,1,30,36,13.8888888888889,6
"XXYLT1-AS1",5,2,35,42,11.9047619047619,7
"Y_RNA.157",5,2,29,36,13.8888888888889,7
"Y_RNA.592",5,0,21,26,19.2307692307692,5
"Y_RNA.807",5,3,44,52,9.61538461538462,8
"Z97352.1",5,0,24,29,17.2413793103448,5
"ZBTB11",5,2,21,28,17.8571428571429,7
"ZBTB11-AS1",5,2,21,28,17.8571428571429,7
"ZBTB39",5,0,26,31,16.1290322580645,5
"ZNF184",5,0,12,17,29.4117647058824,5
"ZNF22",5,4,48,57,8.7719298245614,9
"ZNF230",5,2,21,28,17.8571428571429,7
"ZNF235",5,4,54,63,7.93650793650794,9
"ZNF329",5,3,37,45,11.1111111111111,8
"ZNF350",5,3,49,57,8.7719298245614,8
"ZNF384",5,3,27,35,14.2857142857143,8
"ZNF487",5,1,22,28,17.8571428571429,6
"ZNF524",5,0,23,28,17.8571428571429,5
"ZNF550",5,2,18,25,20,7
"ZNF575",5,0,23,28,17.8571428571429,5
"ZNF646",5,0,35,40,12.5,5
"ZNF688",5,0,24,29,17.2413793103448,5
"ZNF689",5,0,20,25,20,5
"ZNF785",5,0,24,29,17.2413793103448,5
"ZNRF1",5,2,35,42,11.9047619047619,7
"A2ML1",4,0,5,9,44.4444444444444,4
"A2ML1-AS2",4,0,5,9,44.4444444444444,4
"ABCF1",4,0,15,19,21.0526315789474,4
"AC002117.1",4,0,14,18,22.2222222222222,4
"AC002454.1",4,3,28,35,11.4285714285714,7
"AC003986.6",4,0,4,8,50,4
"AC005037.3",4,0,26,30,13.3333333333333,4
"AC006486.1",4,0,36,40,10,4
"AC007163.6",4,2,28,34,11.7647058823529,6
"AC007246.3",4,1,37,42,9.52380952380952,5
"AC007421.1",4,0,7,11,36.3636363636364,4
"AC008278.2",4,1,22,27,14.8148148148148,5
"AC008949.1",4,0,15,19,21.0526315789474,4
"AC009121.1",4,2,34,40,10,6
"AC009133.15",4,0,20,24,16.6666666666667,4
"AC009303.1",4,0,15,19,21.0526315789474,4
"AC009677.1",4,3,60,67,5.97014925373134,7
"AC009961.3",4,4,32,40,10,8
"AC010295.1",4,0,21,25,16,4
"AC010761.8",4,0,24,28,14.2857142857143,4
"AC012358.8",4,1,21,26,15.3846153846154,5
"AC013733.3",4,0,9,13,30.7692307692308,4
"AC018755.2",4,0,34,38,10.5263157894737,4
"AC022210.2",4,2,45,51,7.84313725490196,6
"AC022431.2",4,2,55,61,6.55737704918033,6
"AC025165.8",4,1,22,27,14.8148148148148,5
"AC025171.1",4,0,8,12,33.3333333333333,4
"AC026956.1",4,0,19,23,17.3913043478261,4
"AC072062.1",4,3,69,76,5.26315789473684,7
"AC074286.1",4,1,10,15,26.6666666666667,5
"AC079305.10",4,2,42,48,8.33333333333333,6
"AC079610.2",4,10,117,131,3.05343511450382,14
"AC092171.4",4,0,24,28,14.2857142857143,4
"AC092295.4",4,1,13,18,22.2222222222222,5
"AC103563.8",4,1,7,12,33.3333333333333,5
"AC104695.3",4,1,33,38,10.5263157894737,5
"AC105760.3",4,2,37,43,9.30232558139535,6
"AC106782.20",4,0,7,11,36.3636363636364,4
"AC108004.3",4,0,39,43,9.30232558139535,4
"AC110298.1",4,0,7,11,36.3636363636364,4
"AC116366.6",4,0,18,22,18.1818181818182,4
"AC116533.1",4,2,40,46,8.69565217391304,6
"ACAD11",4,2,43,49,8.16326530612245,6
"ACAP2",4,1,12,17,23.5294117647059,5
"ACD",4,0,27,31,12.9032258064516,4
"ACIN1",4,1,23,28,14.2857142857143,5
"ACTB",4,0,19,23,17.3913043478261,4
"ACTG2",4,1,34,39,10.2564102564103,5
"ACTR3B",4,3,33,40,10,7
"ACVR1",4,1,21,26,15.3846153846154,5
"ACYP1",4,0,27,31,12.9032258064516,4
"ADAM10",4,1,61,66,6.06060606060606,5
"ADAMTS4",4,0,12,16,25,4
"ADAMTSL4",4,2,28,34,11.7647058823529,6
"ADAMTSL4-AS1",4,2,28,34,11.7647058823529,6
"ADAR",4,1,11,16,25,5
"ADPGK",4,0,21,25,16,4
"ADPGK-AS1",4,0,21,25,16,4
"ADRB1",4,0,15,19,21.0526315789474,4
"ADRB2",4,1,26,31,12.9032258064516,5
"AEBP1",4,2,28,34,11.7647058823529,6
"AF213884.3",4,1,29,34,11.7647058823529,5
"AFAP1L1",4,0,12,16,25,4
"AFF1",4,1,36,41,9.75609756097561,5
"AGBL3",4,0,32,36,11.1111111111111,4
"AGFG1",4,5,53,62,6.45161290322581,9
"AGPS",4,1,10,15,26.6666666666667,5
"AHCTF1",4,3,46,53,7.54716981132075,7
"AIMP1",4,2,37,43,9.30232558139535,6
"AK1",4,0,6,10,40,4
"AKR1A1",4,0,22,26,15.3846153846154,4
"AL079342.1",4,0,36,40,10,4
"AL133410.1",4,0,6,10,40,4
"AL136160.1",4,2,17,23,17.3913043478261,6
"AL138696.1",4,1,12,17,23.5294117647059,5
"AL158151.1",4,0,19,23,17.3913043478261,4
"AL161790.1",4,0,0,4,100,4
"AL356356.1",4,2,28,34,11.7647058823529,6
"AL357060.1",4,0,21,25,16,4
"AL513547.1",4,1,19,24,16.6666666666667,5
"ALAD",4,1,22,27,14.8148148148148,5
"ALCAM",4,1,30,35,11.4285714285714,5
"ALKBH1",4,0,30,34,11.7647058823529,4
"ALKBH2",4,1,37,42,9.52380952380952,5
"ALMS1",4,0,12,16,25,4
"ANGEL2",4,0,16,20,20,4
"ANKH",4,8,73,85,4.70588235294118,12
"ANKIB1",4,0,18,22,18.1818181818182,4
"ANKRD17",4,1,29,34,11.7647058823529,5
"ANKRD34A",4,0,24,28,14.2857142857143,4
"ANKRD44",4,0,56,60,6.66666666666667,4
"ANKRD6",4,0,21,25,16,4
"ANTXR2",4,1,16,21,19.047619047619,5
"ANXA2R",4,0,8,12,33.3333333333333,4
"ANXA4",4,0,18,22,18.1818181818182,4
"ANXA6",4,0,49,53,7.54716981132075,4
"AP003041.2",4,3,48,55,7.27272727272727,7
"AP006216.10",4,1,41,46,8.69565217391304,5
"AP006216.11",4,1,41,46,8.69565217391304,5
"AP1AR",4,2,32,38,10.5263157894737,6
"AP5M1",4,1,45,50,8,5
"APH1B",4,2,27,33,12.1212121212121,6
"APLP2",4,3,48,55,7.27272727272727,7
"APOA1",4,1,22,27,14.8148148148148,5
"APOA5",4,1,36,41,9.75609756097561,5
"APOD",4,0,2,6,66.6666666666667,4
"ARAP1",4,0,27,31,12.9032258064516,4
"ARFGAP2",4,0,18,22,18.1818181818182,4
"ARHGAP31",4,1,23,28,14.2857142857143,5
"ARHGEF25",4,1,22,27,14.8148148148148,5
"ARID5B",4,2,42,48,8.33333333333333,6
"ARL6",4,4,34,42,9.52380952380952,8
"ARMC5",4,2,34,40,10,6
"ARMC6",4,0,10,14,28.5714285714286,4
"ARNTL",4,1,16,21,19.047619047619,5
"ARPC2",4,0,25,29,13.7931034482759,4
"ARSK",4,1,25,30,13.3333333333333,5
"ASH1L",4,0,30,34,11.7647058823529,4
"ASPRV1",4,1,30,35,11.4285714285714,5
"ASPSCR1",4,0,3,7,57.1428571428571,4
"ASUN",4,0,4,8,50,4
"ATAD1",4,0,21,25,16,4
"ATG16L1",4,1,42,47,8.51063829787234,5
"ATG4C",4,2,13,19,21.0526315789474,6
"ATG5",4,0,15,19,21.0526315789474,4
"ATOX1",4,1,58,63,6.34920634920635,5
"ATP11B",4,3,19,26,15.3846153846154,7
"ATP1A1",4,1,45,50,8,5
"ATP2B1",4,1,37,42,9.52380952380952,5
"ATP5J",4,3,48,55,7.27272727272727,7
"ATXN7L1",4,0,22,26,15.3846153846154,4
"B4GALT3",4,0,4,8,50,4
"BACH1-AS1",4,0,22,26,15.3846153846154,4
"BACH1-IT2",4,0,22,26,15.3846153846154,4
"BAIAP2L2",4,0,9,13,30.7692307692308,4
"BARD1",4,3,69,76,5.26315789473684,7
"BATF",4,0,19,23,17.3913043478261,4
"BAZ2A",4,0,23,27,14.8148148148148,4
"BBX",4,1,19,24,16.6666666666667,5
"BCAN",4,2,23,29,13.7931034482759,6
"BCCIP",4,4,48,56,7.14285714285714,8
"BCL11A",4,0,5,9,44.4444444444444,4
"BCL6B",4,0,17,21,19.047619047619,4
"BCL7C",4,0,7,11,36.3636363636364,4
"BDP1",4,3,31,38,10.5263157894737,7
"BFSP1",4,2,32,38,10.5263157894737,6
"BIVM",4,3,44,51,7.84313725490196,7
"BIVM-ERCC5",4,3,43,50,8,7
"BLOC1S2",4,0,20,24,16.6666666666667,4
"BLOC1S4",4,0,52,56,7.14285714285714,4
"BMP10",4,0,10,14,28.5714285714286,4
"BMP2K",4,0,15,19,21.0526315789474,4
"BNIP3",4,4,55,63,6.34920634920635,8
"BPGM",4,0,33,37,10.8108108108108,4
"BRD7",4,0,86,90,4.44444444444444,4
"BRICD5",4,0,4,8,50,4
"BTBD1",4,3,32,39,10.2564102564103,7
"BTBD18",4,0,25,29,13.7931034482759,4
"BTBD2",4,0,12,16,25,4
"BTF3",4,0,25,29,13.7931034482759,4
"BUB3",4,2,32,38,10.5263157894737,6
"BUD13",4,1,41,46,8.69565217391304,5
"BZW1",4,2,28,34,11.7647058823529,6
"C11orf49",4,1,9,14,28.5714285714286,5
"C11orf52",4,1,41,46,8.69565217391304,5
"C12orf10",4,1,20,25,16,5
"C12orf4",4,0,18,22,18.1818181818182,4
"C12orf45",4,0,18,22,18.1818181818182,4
"C12orf5",4,0,25,29,13.7931034482759,4
"C12orf60",4,5,47,56,7.14285714285714,9
"C12orf61",4,3,32,39,10.2564102564103,7
"C15orf52",4,0,15,19,21.0526315789474,4
"C16orf93",4,1,12,17,23.5294117647059,5
"C17orf107",4,0,17,21,19.047619047619,4
"C17orf97",4,0,38,42,9.52380952380952,4
"C18orf21",4,2,21,27,14.8148148148148,6
"C19orf60",4,0,16,20,20,4
"C1orf122",4,1,12,17,23.5294117647059,5
"C1QBP",4,0,12,16,25,4
"C20orf195",4,0,20,24,16.6666666666667,4
"C21orf128",4,2,17,23,17.3913043478261,6
"C3orf72",4,0,24,28,14.2857142857143,4
"C4orf21",4,0,25,29,13.7931034482759,4
"C4orf33",4,3,55,62,6.45161290322581,7
"C4orf36",4,1,36,41,9.75609756097561,5
"C5orf66",4,1,13,18,22.2222222222222,5
"C6orf120",4,1,19,24,16.6666666666667,5
"C6orf52",4,1,32,37,10.8108108108108,5
"C7orf73",4,1,45,50,8,5
"C7orf76",4,0,2,6,66.6666666666667,4
"C8orf12",4,0,29,33,12.1212121212121,4
"C9orf3",4,0,20,24,16.6666666666667,4
"C9orf43",4,1,23,28,14.2857142857143,5
"CA14",4,1,30,35,11.4285714285714,5
"CACNA1G",4,1,33,38,10.5263157894737,5
"CACNA1G-AS1",4,1,33,38,10.5263157894737,5
"CAPN11",4,2,34,40,10,6
"CAPN7",4,1,18,23,17.3913043478261,5
"CBX1",4,0,10,14,28.5714285714286,4
"CCDC109B",4,1,18,23,17.3913043478261,5
"CCDC147",4,3,48,55,7.27272727272727,7
"CCDC147-AS1",4,3,48,55,7.27272727272727,7
"CCDC88A",4,2,26,32,12.5,6
"CCT5",4,2,66,72,5.55555555555556,6
"CCT6B",4,2,26,32,12.5,6
"CD3EAP",4,0,7,11,36.3636363636364,4
"CD5",4,2,35,41,9.75609756097561,6
"CD58",4,1,35,40,10,5
"CDC25A",4,0,12,16,25,4
"CDC26",4,2,17,23,17.3913043478261,6
"CDCA3",4,3,21,28,14.2857142857143,7
"CDHR3",4,0,22,26,15.3846153846154,4
"CDK6",4,3,28,35,11.4285714285714,7
"CDKN1A",4,1,10,15,26.6666666666667,5
"CDKN2D",4,0,24,28,14.2857142857143,4
"CDNF",4,2,53,59,6.77966101694915,6
"CEACAM18",4,0,27,31,12.9032258064516,4
"CELF3",4,1,45,50,8,5
"CENPK",4,1,42,47,8.51063829787234,5
"CEP128",4,2,28,34,11.7647058823529,6
"CEPT1",4,0,21,25,16,4
"CERKL",4,0,9,13,30.7692307692308,4
"CERS6",4,0,37,41,9.75609756097561,4
"CHCHD2",4,2,27,33,12.1212121212121,6
"CHCHD7",4,4,89,97,4.12371134020619,8
"CHD3",4,0,19,23,17.3913043478261,4
"CHRM3-AS1",4,0,22,26,15.3846153846154,4
"CHRNE",4,0,17,21,19.047619047619,4
"CHTOP",4,0,23,27,14.8148148148148,4
"CIAO1",4,3,53,60,6.66666666666667,7
"CKAP2",4,0,8,12,33.3333333333333,4
"CLCN3",4,0,26,30,13.3333333333333,4
"CLDN7",4,0,26,30,13.3333333333333,4
"CNEP1R1",4,0,58,62,6.45161290322581,4
"CNGB1",4,0,14,18,22.2222222222222,4
"CNNM2",4,0,33,37,10.8108108108108,4
"CNOT8",4,2,48,54,7.40740740740741,6
"COG5",4,2,21,27,14.8148148148148,6
"COL6A4P1",4,1,18,23,17.3913043478261,5
"COPB2",4,0,18,22,18.1818181818182,4
"COX6B2",4,0,12,16,25,4
"COX7C",4,6,85,95,4.21052631578947,10
"CPB2-AS1",4,0,32,36,11.1111111111111,4
"CPN2",4,0,12,16,25,4
"CREB3",4,0,15,19,21.0526315789474,4
"CREB3L4",4,0,26,30,13.3333333333333,4
"CRLF1",4,0,16,20,20,4
"CROT",4,1,15,20,20,5
"CRTC2",4,0,26,30,13.3333333333333,4
"CRTC3",4,0,43,47,8.51063829787234,4
"CRYAB",4,1,41,46,8.69565217391304,5
"CSGALNACT1",4,2,50,56,7.14285714285714,6
"CTA-212D2.2",4,1,11,16,25,5
"CTA-276O3.4",4,2,30,36,11.1111111111111,6
"CTB-40H15.4",4,8,73,85,4.70588235294118,12
"CTB-60E11.9",4,0,13,17,23.5294117647059,4
"CTB-79E8.2",4,0,12,16,25,4
"CTC-308K20.1",4,0,21,25,16,4
"CTC-308K20.2",4,0,21,25,16,4
"CTC-436P18.1",4,1,14,19,21.0526315789474,5
"CTC-487M23.8",4,5,71,80,5,9
"CTC-512J12.4",4,2,64,70,5.71428571428571,6
"CTD-2001C12.1",4,1,29,34,11.7647058823529,5
"CTD-2020K17.1",4,0,28,32,12.5,4
"CTD-2020K17.3",4,0,24,28,14.2857142857143,4
"CTD-2035E11.4",4,0,8,12,33.3333333333333,4
"CTD-2132N18.3",4,1,19,24,16.6666666666667,5
"CTD-2256P15.1",4,2,66,72,5.55555555555556,6
"CTD-2260A17.2",4,0,21,25,16,4
"CTD-2284J15.1",4,3,22,29,13.7931034482759,7
"CTD-2288O8.1",4,2,34,40,10,6
"CTD-2368P22.1",4,1,15,20,20,5
"CTD-2537I9.16",4,0,18,22,18.1818181818182,4
"CTD-2545G14.7",4,0,19,23,17.3913043478261,4
"CTD-3073N11.5",4,0,23,27,14.8148148148148,4
"CTDNEP1",4,0,21,25,16,4
"CTF1",4,0,7,11,36.3636363636364,4
"CTNNA1",4,0,20,24,16.6666666666667,4
"CUL1",4,1,33,38,10.5263157894737,5
"CWC22",4,2,26,32,12.5,6
"CWF19L2",4,0,32,36,11.1111111111111,4
"CXCL1",4,0,12,16,25,4
"CXCR6",4,0,21,25,16,4
"CYB561A3",4,1,29,34,11.7647058823529,5
"CYB561D2",4,0,24,28,14.2857142857143,4
"CYLD",4,0,54,58,6.89655172413793,4
"DAAM1",4,1,42,47,8.51063829787234,5
"DAB2",4,0,27,31,12.9032258064516,4
"DCLK3",4,1,31,36,11.1111111111111,5
"DCTD",4,2,29,35,11.4285714285714,6
"DCUN1D3",4,1,12,17,23.5294117647059,5
"DDX20",4,1,39,44,9.09090909090909,5
"DDX39A",4,0,14,18,22.2222222222222,4
"DDX6",4,0,17,21,19.047619047619,4
"DENND4B",4,0,28,32,12.5,4
"DEPDC5",4,1,16,21,19.047619047619,5
"DESI2",4,0,21,25,16,4
"DGKA",4,0,11,15,26.6666666666667,4
"DLEU7-AS1",4,2,21,27,14.8148148148148,6
"DLG2",4,2,27,33,12.1212121212121,6
"DLGAP1-AS1",4,1,34,39,10.2564102564103,5
"DMKN",4,2,35,41,9.75609756097561,6
"DMXL2",4,0,4,8,50,4
"DNAJC10",4,5,40,49,8.16326530612245,9
"DNAJC2",4,2,30,36,11.1111111111111,6
"DNASE1L2",4,0,4,8,50,4
"DOCK10",4,1,30,35,11.4285714285714,5
"DOCK8",4,1,23,28,14.2857142857143,5
"DPH6",4,5,33,42,9.52380952380952,9
"DPH6-AS1",4,5,33,42,9.52380952380952,9
"DRAM2",4,0,21,25,16,4
"DSTN",4,2,32,38,10.5263157894737,6
"DTX1",4,0,15,19,21.0526315789474,4
"DTX3",4,1,22,27,14.8148148148148,5
"DUS4L",4,2,21,27,14.8148148148148,6
"DUSP12",4,0,15,19,21.0526315789474,4
"DUSP19",4,0,19,23,17.3913043478261,4
"DUT",4,0,11,15,26.6666666666667,4
"DVL2",4,0,19,23,17.3913043478261,4
"DYM",4,0,22,26,15.3846153846154,4
"DYNC1H1",4,0,16,20,20,4
"DYNC1LI2",4,3,34,41,9.75609756097561,7
"DYNC2H1",4,2,42,48,8.33333333333333,6
"E2F3",4,0,59,63,6.34920634920635,4
"E4F1",4,0,4,8,50,4
"EED",4,2,62,68,5.88235294117647,6
"EEF1A1",4,8,48,60,6.66666666666667,12
"EFCAB2",4,0,12,16,25,4
"EFHC1",4,1,34,39,10.2564102564103,5
"EGLN3",4,1,14,19,21.0526315789474,5
"EID2B",4,0,13,17,23.5294117647059,4
"EIF5A",4,0,25,29,13.7931034482759,4
"ELK3",4,2,14,20,20,6
"ELMOD3",4,0,17,21,19.047619047619,4
"ELP5",4,0,26,30,13.3333333333333,4
"EMR3",4,0,5,9,44.4444444444444,4
"ENKD1",4,1,30,35,11.4285714285714,5
"ENSA",4,0,23,27,14.8148148148148,4
"EPB41L5",4,1,27,32,12.5,5
"EPS8",4,2,24,30,13.3333333333333,6
"ERAP2",4,3,40,47,8.51063829787234,7
"ERF",4,0,36,40,10,4
"ERI2",4,2,15,21,19.047619047619,6
"ERICH2",4,1,18,23,17.3913043478261,5
"ERN1",4,0,20,24,16.6666666666667,4
"ESYT1",4,0,28,32,12.5,4
"ETHE1",4,0,11,15,26.6666666666667,4
"ETNK1",4,2,29,35,11.4285714285714,6
"ETV6",4,0,32,36,11.1111111111111,4
"EXOC5",4,1,45,50,8,5
"FAM101A",4,3,57,64,6.25,7
"FAM101B",4,0,30,34,11.7647058823529,4
"FAM107B",4,1,26,31,12.9032258064516,5
"FAM173B",4,2,66,72,5.55555555555556,6
"FAM174A",4,1,29,34,11.7647058823529,5
"FAM200B",4,0,44,48,8.33333333333333,4
"FAM208B",4,1,17,22,18.1818181818182,5
"FAM210B",4,0,25,29,13.7931034482759,4
"FAM212B",4,1,39,44,9.09090909090909,5
"FAM214B",4,1,20,25,16,5
"FAM229B",4,2,29,35,11.4285714285714,6
"FAM35A",4,1,17,22,18.1818181818182,5
"FAM53B",4,4,69,77,5.19480519480519,8
"FAM71B",4,2,25,31,12.9032258064516,6
"FARS2",4,2,42,48,8.33333333333333,6
"FAXDC2",4,2,48,54,7.40740740740741,6
"FBXL19",4,0,18,22,18.1818181818182,4
"FBXL19-AS1",4,0,18,22,18.1818181818182,4
"FBXL5",4,0,44,48,8.33333333333333,4
"FBXO18",4,1,12,17,23.5294117647059,5
"FBXO42",4,0,14,18,22.2222222222222,4
"FCAMR",4,1,50,55,7.27272727272727,5
"FGD2",4,1,29,34,11.7647058823529,5
"FGF18",4,0,32,36,11.1111111111111,4
"FGF8",4,1,17,22,18.1818181818182,5
"FGFR1OP2",4,0,4,8,50,4
"FH",4,2,54,60,6.66666666666667,6
"FHL3",4,0,21,25,16,4
"FLJ20373",4,0,45,49,8.16326530612245,4
"FNTB",4,1,39,44,9.09090909090909,5
"FOPNL",4,2,37,43,9.30232558139535,6
"FOSL2",4,1,33,38,10.5263157894737,5
"FOXL2",4,0,24,28,14.2857142857143,4
"FPGS",4,1,15,20,20,5
"FPR3",4,2,53,59,6.77966101694915,6
"FSIP1",4,0,26,30,13.3333333333333,4
"FTL",4,0,18,22,18.1818181818182,4
"FXR2",4,0,7,11,36.3636363636364,4
"G3BP1",4,1,56,61,6.55737704918033,5
"GABARAP",4,0,19,23,17.3913043478261,4
"GABARAPL3",4,1,27,32,12.5,5
"GABPA",4,3,48,55,7.27272727272727,7
"GALNT10",4,1,39,44,9.09090909090909,5
"GAN",4,0,44,48,8.33333333333333,4
"GATAD2B",4,0,26,30,13.3333333333333,4
"GBA2",4,0,17,21,19.047619047619,4
"GBAS",4,4,35,43,9.30232558139535,8
"GBP4",4,0,31,35,11.4285714285714,4
"GCC2",4,0,37,41,9.75609756097561,4
"GDAP2",4,1,35,40,10,5
"GEMIN2",4,6,21,31,12.9032258064516,10
"GEMIN5",4,0,26,30,13.3333333333333,4
"GEMIN8P4",4,3,26,33,12.1212121212121,7
"GGT6",4,0,16,20,20,4
"GINM1",4,6,48,58,6.89655172413793,10
"GLUD1",4,1,17,22,18.1818181818182,5
"GNAI3",4,0,28,32,12.5,4
"GPATCH4",4,0,11,15,26.6666666666667,4
"GPD2",4,3,37,44,9.09090909090909,7
"GPR182",4,0,21,25,16,4
"GPR19",4,0,36,40,10,4
"GPR3",4,0,21,25,16,4
"GPR56",4,0,5,9,44.4444444444444,4
"GPR65",4,0,29,33,12.1212121212121,4
"GRPEL1",4,0,40,44,9.09090909090909,4
"GS1-251I9.3",4,1,20,25,16,5
"GSAP",4,1,47,52,7.69230769230769,5
"GSE1",4,2,32,38,10.5263157894737,6
"GSK3A",4,0,36,40,10,4
"GSTZ1",4,0,31,35,11.4285714285714,4
"GTF3A",4,0,11,15,26.6666666666667,4
"GTF3C3",4,0,9,13,30.7692307692308,4
"H1FX",4,0,12,16,25,4
"H1FX-AS1",4,0,12,16,25,4
"H3F3C",4,1,9,14,28.5714285714286,5
"HADH",4,1,24,29,13.7931034482759,5
"HBCBP",4,0,21,25,16,4
"HBP1",4,1,33,38,10.5263157894737,5
"HCG15",4,0,12,16,25,4
"HCG16",4,0,12,16,25,4
"HEXIM2",4,0,14,18,22.2222222222222,4
"HIBCH",4,0,13,17,23.5294117647059,4
"HINT2",4,0,10,14,28.5714285714286,4
"HIPK1",4,3,25,32,12.5,7
"HIST1H1C",4,0,42,46,8.69565217391304,4
"HIST1H2AG",4,0,17,21,19.047619047619,4
"HIST1H2BJ",4,0,17,21,19.047619047619,4
"HIST1H3B",4,0,38,42,9.52380952380952,4
"HIVEP1",4,7,58,69,5.79710144927536,11
"HLA-DPA1",4,0,22,26,15.3846153846154,4
"HLA-DPB1",4,0,22,26,15.3846153846154,4
"HMX2",4,2,32,38,10.5263157894737,6
"HOXA-AS2",4,2,10,16,25,6
"HOXB5",4,2,18,24,16.6666666666667,6
"HS3ST1",4,0,26,30,13.3333333333333,4
"HSPA14",4,2,53,59,6.77966101694915,6
"HSPA1A",4,0,19,23,17.3913043478261,4
"HSPA1L",4,0,19,23,17.3913043478261,4
"ICK",4,4,38,46,8.69565217391304,8
"IFFO2",4,0,22,26,15.3846153846154,4
"IFNAR2",4,3,39,46,8.69565217391304,7
"IFNLR1",4,1,14,19,21.0526315789474,5
"IFT80",4,0,7,11,36.3636363636364,4
"IGF1R",4,7,65,76,5.26315789473684,11
"IL17F",4,0,10,14,28.5714285714286,4
"IL1RAP",4,3,34,41,9.75609756097561,7
"IL24",4,1,42,47,8.51063829787234,5
"ILDR2",4,0,2,6,66.6666666666667,4
"ILF3",4,0,10,14,28.5714285714286,4
"ILF3-AS1",4,0,10,14,28.5714285714286,4
"ING3",4,8,30,42,9.52380952380952,12
"INPP1",4,0,13,17,23.5294117647059,4
"IPO9",4,0,20,24,16.6666666666667,4
"IPO9-AS1",4,0,20,24,16.6666666666667,4
"IQGAP1",4,1,45,50,8,5
"IQSEC1",4,1,36,41,9.75609756097561,5
"IRF2BPL",4,0,35,39,10.2564102564103,4
"IRGQ",4,0,26,30,13.3333333333333,4
"IRX3",4,0,6,10,40,4
"ISCU",4,1,30,35,11.4285714285714,5
"ITGA1",4,2,34,40,10,6
"ITGA4",4,1,48,53,7.54716981132075,5
"JARID2",4,0,41,45,8.88888888888889,4
"JARID2-AS1",4,0,41,45,8.88888888888889,4
"KAT8",4,0,31,35,11.4285714285714,4
"KB-1980E6.2",4,1,11,16,25,5
"KCNK17",4,1,17,22,18.1818181818182,5
"KDM1B",4,2,49,55,7.27272727272727,6
"KDM8",4,0,24,28,14.2857142857143,4
"KIAA0319L",4,0,16,20,20,4
"KIAA0947",4,1,66,71,5.63380281690141,5
"KIF21B",4,2,11,17,23.5294117647059,6
"KIF2A",4,1,28,33,12.1212121212121,5
"KLF10",4,4,34,42,9.52380952380952,8
"KLF13",4,0,41,45,8.88888888888889,4
"KLF14",4,0,27,31,12.9032258064516,4
"KLLN",4,1,33,38,10.5263157894737,5
"KRIT1",4,0,18,22,18.1818181818182,4
"KRTDAP",4,2,30,36,11.1111111111111,6
"L34079.2",4,0,26,30,13.3333333333333,4
"LAP3P2",4,1,10,15,26.6666666666667,5
"LARP7",4,3,39,46,8.69565217391304,7
"LCA5L",4,0,22,26,15.3846153846154,4
"LEF1",4,3,35,42,9.52380952380952,7
"LEF1-AS1",4,3,35,42,9.52380952380952,7
"LHX2",4,0,24,28,14.2857142857143,4
"LIG3",4,2,26,32,12.5,6
"LIMD1-AS1",4,0,9,13,30.7692307692308,4
"LINC00336",4,0,11,15,26.6666666666667,4
"LINC00636",4,1,10,15,26.6666666666667,5
"LINC00842",4,1,38,43,9.30232558139535,5
"LINC00888",4,0,21,25,16,4
"LINC00936",4,1,37,42,9.52380952380952,5
"LINC00998",4,3,16,23,17.3913043478261,7
"LIPJ",4,1,14,19,21.0526315789474,5
"LIX1L",4,1,23,28,14.2857142857143,5
"LMAN2",4,0,18,22,18.1818181818182,4
"LMNB1",4,1,50,55,7.27272727272727,5
"LNPEP",4,0,21,25,16,4
"LPIN1",4,0,22,26,15.3846153846154,4
"LPP",4,1,51,56,7.14285714285714,5
"LPP-AS2",4,1,50,55,7.27272727272727,5
"LRRC3C",4,0,9,13,30.7692307692308,4
"LSM2",4,0,17,21,19.047619047619,4
"LTBR",4,0,3,7,57.1428571428571,4
"LXN",4,0,19,23,17.3913043478261,4
"LYRM1",4,1,12,17,23.5294117647059,5
"LYRM4",4,2,42,48,8.33333333333333,6
"LYRM9",4,4,40,48,8.33333333333333,8
"LZTFL1",4,0,20,24,16.6666666666667,4
"MACROD1",4,0,4,8,50,4
"MAK",4,0,6,10,40,4
"MAL",4,1,7,12,33.3333333333333,5
"MAN2A1",4,4,23,31,12.9032258064516,8
"MANSC1",4,0,34,38,10.5263157894737,4
"MAP3K12",4,0,30,34,11.7647058823529,4
"MAP3K14-AS1",4,0,20,24,16.6666666666667,4
"MAP4K3",4,1,37,42,9.52380952380952,5
"MARCH7",4,4,32,40,10,8
"MARCKS",4,4,35,43,9.30232558139535,8
"MAT2A",4,0,22,26,15.3846153846154,4
"MAZ",4,0,20,24,16.6666666666667,4
"MBOAT7",4,0,26,30,13.3333333333333,4
"MED19",4,0,18,22,18.1818181818182,4
"MED21",4,1,8,13,30.7692307692308,5
"MED29",4,0,13,17,23.5294117647059,4
"MEGF9",4,1,48,53,7.54716981132075,5
"MEIG1",4,0,37,41,9.75609756097561,4
"MEIS1-AS3",4,2,17,23,17.3913043478261,6
"MESP1",4,0,30,34,11.7647058823529,4
"METTL17",4,0,22,26,15.3846153846154,4
"METTL20",4,1,37,42,9.52380952380952,5
"METTL4",4,4,24,32,12.5,8
"MEX3B",4,0,19,23,17.3913043478261,4
"MFNG",4,0,13,17,23.5294117647059,4
"MGAT4A",4,1,39,44,9.09090909090909,5
"MGC10955",4,0,39,43,9.30232558139535,4
"MICAL3",4,2,36,42,9.52380952380952,6
"MINK1",4,0,18,22,18.1818181818182,4
"MINOS1",4,0,34,38,10.5263157894737,4
"MINOS1-NBL1",4,0,34,38,10.5263157894737,4
"MIOX",4,0,4,8,50,4
"MIR1179",4,0,35,39,10.2564102564103,4
"MIR1203",4,0,10,14,28.5714285714286,4
"MIR125A",4,0,34,38,10.5263157894737,4
"MIR1302",4,1,42,47,8.51063829787234,5
"MIR1343",4,2,41,47,8.51063829787234,6
"MIR15B",4,2,13,19,21.0526315789474,6
"MIR2355",4,1,22,27,14.8148148148148,5
"MIR28",4,1,30,35,11.4285714285714,5
"MIR302A",4,0,45,49,8.16326530612245,4
"MIR3654",4,0,22,26,15.3846153846154,4
"MIR4257",4,2,28,34,11.7647058823529,6
"MIR4515",4,3,32,39,10.2564102564103,7
"MIR5703",4,5,53,62,6.45161290322581,9
"MIR590",4,1,30,35,11.4285714285714,5
"MIR614",4,0,21,25,16,4
"MIR762",4,0,7,11,36.3636363636364,4
"MIR877",4,0,15,19,21.0526315789474,4
"MIR9",4,0,16,20,20,4
"MIR936",4,3,31,38,10.5263157894737,7
"MIR99B",4,0,34,38,10.5263157894737,4
"MIRLET7E",4,0,34,38,10.5263157894737,4
"MIRLET7I",4,3,32,39,10.2564102564103,7
"MKLN1",4,3,67,74,5.40540540540541,7
"MLLT3",4,1,13,18,22.2222222222222,5
"MLST8",4,0,5,9,44.4444444444444,4
"MMADHC",4,6,57,67,5.97014925373134,10
"MOGAT1",4,3,19,26,15.3846153846154,7
"MORN5",4,0,4,8,50,4
"MRFAP1",4,0,61,65,6.15384615384615,4
"MRPL46",4,0,66,70,5.71428571428571,4
"MRPL51",4,1,10,15,26.6666666666667,5
"MRPS11",4,0,66,70,5.71428571428571,4
"MRPS17",4,4,35,43,9.30232558139535,8
"MSANTD4",4,0,35,39,10.2564102564103,4
"MSH5",4,0,14,18,22.2222222222222,4
"MSI2",4,0,26,30,13.3333333333333,4
"MTA2",4,0,20,24,16.6666666666667,4
"MTERFD1",4,1,37,42,9.52380952380952,5
"MUTYH",4,0,16,20,20,4
"MXD3",4,0,39,43,9.30232558139535,4
"MYCBP2",4,8,46,58,6.89655172413793,12
"MYO1A",4,0,15,19,21.0526315789474,4
"NAB2",4,0,16,20,20,4
"NACC1",4,1,20,25,16,5
"NCDN",4,0,16,20,20,4
"NCOA4",4,3,21,28,14.2857142857143,7
"NCOA5",4,0,16,20,20,4
"NCOA7-AS1",4,5,26,35,11.4285714285714,9
"NCOR2",4,0,45,49,8.16326530612245,4
"NDC80",4,4,23,31,12.9032258064516,8
"NDUFA8",4,0,4,8,50,4
"NDUFS2",4,0,12,16,25,4
"NEK1",4,0,26,30,13.3333333333333,4
"NEMF",4,1,22,27,14.8148148148148,5
"NEUROD1",4,0,9,13,30.7692307692308,4
"NFAM1",4,1,21,26,15.3846153846154,5
"NFE2L1",4,0,9,13,30.7692307692308,4
"NFKB2",4,1,17,22,18.1818181818182,5
"NKD1",4,0,62,66,6.06060606060606,4
"NPHP3",4,2,46,52,7.69230769230769,6
"NPHP3-AS1",4,2,46,52,7.69230769230769,6
"NPRL2",4,0,24,28,14.2857142857143,4
"NR1D1",4,1,8,13,30.7692307692308,5
"NR1H3",4,0,10,14,28.5714285714286,4
"NR3C1",4,0,41,45,8.88888888888889,4
"NSL1",4,0,19,23,17.3913043478261,4
"NUP210P3",4,0,12,16,25,4
"NXN",4,0,40,44,9.09090909090909,4
"NXPE3",4,4,16,24,16.6666666666667,8
"NXPH4",4,0,8,12,33.3333333333333,4
"OPA1-AS1",4,3,29,36,11.1111111111111,7
"OR13A1",4,2,18,24,16.6666666666667,6
"OR1K1",4,0,12,16,25,4
"OR5A2",4,0,27,31,12.9032258064516,4
"OR5B21",4,1,29,34,11.7647058823529,5
"ORC2",4,0,26,30,13.3333333333333,4
"OSCP1",4,1,22,27,14.8148148148148,5
"OSR2",4,0,10,14,28.5714285714286,4
"OSTC",4,1,18,23,17.3913043478261,5
"OTUD1",4,1,10,15,26.6666666666667,5
"OTUD4",4,1,63,68,5.88235294117647,5
"PA2G4",4,0,26,30,13.3333333333333,4
"PAF1",4,0,13,17,23.5294117647059,4
"PAG1",4,2,35,41,9.75609756097561,6
"PAIP1",4,0,35,39,10.2564102564103,4
"PAK1IP1",4,1,32,37,10.8108108108108,5
"PAPD5",4,0,59,63,6.34920634920635,4
"PARD6A",4,0,27,31,12.9032258064516,4
"PARP1",4,0,9,13,30.7692307692308,4
"PAX6",4,0,17,21,19.047619047619,4
"PCDHGA3",4,0,23,27,14.8148148148148,4
"PCDHGA7",4,0,20,24,16.6666666666667,4
"PCDHGB1",4,0,23,27,14.8148148148148,4
"PCF11",4,9,85,98,4.08163265306122,13
"PCMTD1",4,3,35,42,9.52380952380952,7
"PDCD6IP",4,1,18,23,17.3913043478261,5
"PDCL",4,0,9,13,30.7692307692308,4
"PDE12",4,1,15,20,20,5
"PDE3B",4,3,17,24,16.6666666666667,7
"PDGFRA",4,0,24,28,14.2857142857143,4
"PELO",4,2,34,40,10,6
"PGP",4,0,4,8,50,4
"PHC1",4,1,4,9,44.4444444444444,5
"PHF12",4,0,26,30,13.3333333333333,4
"PHF23",4,0,19,23,17.3913043478261,4
"PHGR1",4,0,15,19,21.0526315789474,4
"PIGC",4,3,16,23,17.3913043478261,7
"PIGO",4,1,15,20,20,5
"PIGV",4,2,18,24,16.6666666666667,6
"PIK3C2B",4,0,16,20,20,4
"PIK3R1",4,0,20,24,16.6666666666667,4
"PIM3",4,0,7,11,36.3636363636364,4
"PINLYP",4,0,26,30,13.3333333333333,4
"PIP5K1B",4,3,48,55,7.27272727272727,7
"PIP5KL1",4,0,11,15,26.6666666666667,4
"PIPOX",4,0,26,30,13.3333333333333,4
"PITX1",4,1,13,18,22.2222222222222,5
"PKD2L1",4,0,15,19,21.0526315789474,4
"PKM",4,1,10,15,26.6666666666667,5
"PKN2",4,0,16,20,20,4
"PLA2G12A",4,1,27,32,12.5,5
"PLA2G6",4,0,13,17,23.5294117647059,4
"PLAG1",4,4,89,97,4.12371134020619,8
"PLCXD2",4,1,59,64,6.25,5
"PLD1",4,1,21,26,15.3846153846154,5
"PLEKHG6",4,0,25,29,13.7931034482759,4
"PLIN2",4,0,4,8,50,4
"PLSCR1",4,4,13,21,19.047619047619,8
"PNN",4,7,22,33,12.1212121212121,11
"PNO1",4,2,25,31,12.9032258064516,6
"POLE3",4,1,23,28,14.2857142857143,5
"POLG2",4,2,29,35,11.4285714285714,6
"POLR3GL",4,0,24,28,14.2857142857143,4
"POM121L2",4,0,17,21,19.047619047619,4
"POMT2",4,0,31,35,11.4285714285714,4
"POU2F1",4,1,24,29,13.7931034482759,5
"PP13439",4,1,21,26,15.3846153846154,5
"PPOX",4,0,4,8,50,4
"PPP1R13L",4,0,7,11,36.3636363636364,4
"PPP4R2",4,1,22,27,14.8148148148148,5
"PPWD1",4,1,42,47,8.51063829787234,5
"PRDM8",4,0,16,20,20,4
"PRG2",4,0,24,28,14.2857142857143,4
"PRKCQ",4,0,19,23,17.3913043478261,4
"PRKCQ-AS1",4,0,19,23,17.3913043478261,4
"PRM2",4,1,30,35,11.4285714285714,5
"PRNT",4,0,23,27,14.8148148148148,4
"PRPF4",4,2,17,23,17.3913043478261,6
"PRRC2C",4,8,56,68,5.88235294117647,12
"PRSS8",4,0,31,35,11.4285714285714,4
"PSMA1",4,3,17,24,16.6666666666667,7
"PSMA6",4,1,6,11,36.3636363636364,5
"PSMC2",4,2,30,36,11.1111111111111,6
"PSMC3IP",4,1,19,24,16.6666666666667,5
"PSMC6",4,2,15,21,19.047619047619,6
"PSMD12",4,1,28,33,12.1212121212121,5
"PSME2",4,1,38,43,9.30232558139535,5
"PSMG2",4,1,40,45,8.88888888888889,5
"PTDSS1",4,1,37,42,9.52380952380952,5
"PTEN",4,1,33,38,10.5263157894737,5
"PTGER4",4,2,45,51,7.84313725490196,6
"PTGS1",4,0,7,11,36.3636363636364,4
"PTK2",4,0,41,45,8.88888888888889,4
"PURB",4,1,20,25,16,5
"PUS7",4,1,25,30,13.3333333333333,5
"PYGB",4,2,35,41,9.75609756097561,6
"RAB30",4,7,51,62,6.45161290322581,11
"RAB30-AS1",4,7,45,56,7.14285714285714,11
"RAB3GAP2",4,2,56,62,6.45161290322581,6
"RAB5C",4,1,19,24,16.6666666666667,5
"RAB8B",4,2,38,44,9.09090909090909,6
"RABGGTA",4,1,40,45,8.88888888888889,5
"RAD51AP1",4,0,18,22,18.1818181818182,4
"RAG1",4,4,22,30,13.3333333333333,8
"RALGAPA2",4,1,24,29,13.7931034482759,5
"RANBP3L",4,0,1,5,80,4
"RAPGEF1",4,1,24,29,13.7931034482759,5
"RAPGEF6",4,0,11,15,26.6666666666667,4
"RASSF1",4,0,7,11,36.3636363636364,4
"RASSF3",4,2,49,55,7.27272727272727,6
"RASSF6",4,1,16,21,19.047619047619,5
"RCN1",4,0,18,22,18.1818181818182,4
"REC8",4,1,35,40,10,5
"REEP4",4,1,9,14,28.5714285714286,5
"RELL1",4,0,28,32,12.5,4
"REPS1",4,2,21,27,14.8148148148148,6
"RESP18",4,1,21,26,15.3846153846154,5
"RETSAT",4,0,17,21,19.047619047619,4
"RFC3",4,4,26,34,11.7647058823529,8
"RGS14",4,0,18,22,18.1818181818182,4
"RGS3",4,1,26,31,12.9032258064516,5
"RLTPR",4,0,27,31,12.9032258064516,4
"RMI2",4,2,35,41,9.75609756097561,6
"RN7SL103P",4,3,40,47,8.51063829787234,7
"RN7SL111P",4,0,12,16,25,4
"RN7SL3",4,1,22,27,14.8148148148148,5
"RN7SL473P",4,2,28,34,11.7647058823529,6
"RN7SL600P",4,2,28,34,11.7647058823529,6
"RN7SL784P",4,0,17,21,19.047619047619,4
"RN7SL845P",4,3,33,40,10,7
"RNA5SP203",4,0,11,15,26.6666666666667,4
"RNA5SP392",4,0,15,19,21.0526315789474,4
"RNASE11",4,0,26,30,13.3333333333333,4
"RNASEH2B",4,2,15,21,19.047619047619,6
"RNASEH2B-AS1",4,2,15,21,19.047619047619,6
"RNF130",4,1,28,33,12.1212121212121,5
"RNF146",4,1,18,23,17.3913043478261,5
"RNF157",4,0,20,24,16.6666666666667,4
"RNF183",4,2,9,15,26.6666666666667,6
"RNF25",4,0,37,41,9.75609756097561,4
"RNF40",4,1,12,17,23.5294117647059,5
"RNF7",4,2,22,28,14.2857142857143,6
"RNU1-150P",4,1,22,27,14.8148148148148,5
"RNU2-52P",4,1,36,41,9.75609756097561,5
"RNU4-20P",4,6,32,42,9.52380952380952,10
"RNU5D",4,0,10,14,28.5714285714286,4
"RNU6",4,1,23,28,14.2857142857143,5
"RNU6-1050P",4,3,28,35,11.4285714285714,7
"RNU6-1069P",4,1,9,14,28.5714285714286,5
"RNU6-1084P",4,0,28,32,12.5,4
"RNU6-1142P",4,0,39,43,9.30232558139535,4
"RNU6-1143P",4,2,26,32,12.5,6
"RNU6-1154P",4,1,18,23,17.3913043478261,5
"RNU6-1226P",4,2,9,15,26.6666666666667,6
"RNU6-1338P",4,4,54,62,6.45161290322581,8
"RNU6-189P",4,2,26,32,12.5,6
"RNU6-242P",4,0,25,29,13.7931034482759,4
"RNU6-431P",4,1,18,23,17.3913043478261,5
"RNU6-471P",4,1,6,11,36.3636363636364,5
"RNU6-565P",4,0,7,11,36.3636363636364,4
"RNU6-586P",4,0,10,14,28.5714285714286,4
"RNU6-63P",4,0,8,12,33.3333333333333,4
"RNU6-651P",4,0,7,11,36.3636363636364,4
"RNU6-709P",4,0,26,30,13.3333333333333,4
"RNU6-727P",4,0,7,11,36.3636363636364,4
"RNU6-736P",4,0,18,22,18.1818181818182,4
"RNU6-850P",4,0,11,15,26.6666666666667,4
"RNU6-888P",4,0,11,15,26.6666666666667,4
"RNU6-939P",4,0,15,19,21.0526315789474,4
"RNU6-999P",4,0,21,25,16,4
"RNU6ATAC11P",4,0,11,15,26.6666666666667,4
"RNU6ATAC24P",4,1,13,18,22.2222222222222,5
"RNU7-110P",4,4,35,43,9.30232558139535,8
"RNU7-169P",4,0,29,33,12.1212121212121,4
"RNU7-188P",4,0,2,6,66.6666666666667,4
"RNU7-199P",4,1,36,41,9.75609756097561,5
"RNU7-50P",4,1,42,47,8.51063829787234,5
"RP1-111D6.2",4,5,60,69,5.79710144927536,9
"RP1-111D6.3",4,2,42,48,8.33333333333333,6
"RP1-12G14.6",4,6,39,49,8.16326530612245,10
"RP1-144C9.2",4,0,21,25,16,4
"RP1-178F15.4",4,0,23,27,14.8148148148148,4
"RP1-178F15.5",4,0,23,27,14.8148148148148,4
"RP1-234P15.4",4,5,50,59,6.77966101694915,9
"RP1-3J17.3",4,3,42,49,8.16326530612245,7
"RP1-4G17.5",4,0,26,30,13.3333333333333,4
"RP1-66C13.4",4,4,40,48,8.33333333333333,8
"RP11-102M11.2",4,3,60,67,5.97014925373134,7
"RP11-1042B17.5",4,1,22,27,14.8148148148148,5
"RP11-1081L13.4",4,1,35,40,10,5
"RP11-109G23.1",4,0,15,19,21.0526315789474,4
"RP11-109G23.3",4,0,15,19,21.0526315789474,4
"RP11-10C24.1",4,1,18,23,17.3913043478261,5
"RP11-10C24.2",4,1,18,23,17.3913043478261,5
"RP11-10C24.3",4,1,18,23,17.3913043478261,5
"RP11-110G21.1",4,3,35,42,9.52380952380952,7
"RP11-110G21.2",4,3,35,42,9.52380952380952,7
"RP11-118H4.3",4,0,9,13,30.7692307692308,4
"RP11-12M5.3",4,0,10,14,28.5714285714286,4
"RP11-133K1.1",4,1,24,29,13.7931034482759,5
"RP11-133K1.6",4,1,24,29,13.7931034482759,5
"RP11-148O21.2",4,1,60,65,6.15384615384615,5
"RP11-148O21.4",4,1,60,65,6.15384615384615,5
"RP11-154J22.1",4,0,11,15,26.6666666666667,4
"RP11-156E8.1",4,0,12,16,25,4
"RP11-165F24.3",4,0,23,27,14.8148148148148,4
"RP11-168O16.1",4,2,11,17,23.5294117647059,6
"RP11-17M16.1",4,0,49,53,7.54716981132075,4
"RP11-182N22.8",4,1,15,20,20,5
"RP11-203J24.9",4,0,6,10,40,4
"RP11-216L13.17",4,0,10,14,28.5714285714286,4
"RP11-21B23.1",4,0,86,90,4.44444444444444,4
"RP11-225N10.1",4,3,19,26,15.3846153846154,7
"RP11-259P20.1",4,3,40,47,8.51063829787234,7
"RP11-264F23.1",4,0,25,29,13.7931034482759,4
"RP11-268P4.4",4,2,29,35,11.4285714285714,6
"RP11-274B18.4",4,0,29,33,12.1212121212121,4
"RP11-277B15.3",4,1,24,29,13.7931034482759,5
"RP11-27K13.3",4,1,47,52,7.69230769230769,5
"RP11-293A21.1",4,0,27,31,12.9032258064516,4
"RP11-299G20.2",4,4,34,42,9.52380952380952,8
"RP11-299J3.8",4,2,22,28,14.2857142857143,6
"RP11-304L19.11",4,0,4,8,50,4
"RP11-304L19.12",4,0,4,8,50,4
"RP11-304L19.8",4,0,4,8,50,4
"RP11-319G6.1",4,0,18,22,18.1818181818182,4
"RP11-327F22.1",4,0,54,58,6.89655172413793,4
"RP11-338E21.1",4,2,49,55,7.27272727272727,6
"RP11-34D15.2",4,0,20,24,16.6666666666667,4
"RP11-358B23.1",4,1,19,24,16.6666666666667,5
"RP11-373D23.2",4,1,33,38,10.5263157894737,5
"RP11-375N15.2",4,1,15,20,20,5
"RP11-377G16.2",4,0,16,20,20,4
"RP11-37C7.3",4,0,26,30,13.3333333333333,4
"RP11-387H17.4",4,0,9,13,30.7692307692308,4
"RP11-388M20.2",4,0,31,35,11.4285714285714,4
"RP11-390K5.6",4,0,18,22,18.1818181818182,4
"RP11-394O4.3",4,0,20,24,16.6666666666667,4
"RP11-398C13.6",4,0,44,48,8.33333333333333,4
"RP11-407N17.4",4,7,22,33,12.1212121212121,11
"RP11-421M1.8",4,0,11,15,26.6666666666667,4
"RP11-422P24.10",4,0,20,24,16.6666666666667,4
"RP11-425A23.1",4,0,19,23,17.3913043478261,4
"RP11-434D11.4",4,1,50,55,7.27272727272727,5
"RP11-44N11.2",4,2,26,32,12.5,6
"RP11-44N11.3",4,2,26,32,12.5,6
"RP11-468E2.4",4,1,37,42,9.52380952380952,5
"RP11-474N8.5",4,0,21,25,16,4
"RP11-481C4.1",4,3,55,62,6.45161290322581,7
"RP11-485G7.5",4,2,34,40,10,6
"RP11-485G7.6",4,2,34,40,10,6
"RP11-489E7.4",4,1,25,30,13.3333333333333,5
"RP11-498E2.9",4,0,7,11,36.3636363636364,4
"RP11-505P4.7",4,8,48,60,6.66666666666667,12
"RP11-542K23.9",4,0,6,10,40,4
"RP11-545M17.1",4,6,21,31,12.9032258064516,10
"RP11-545M17.3",4,6,21,31,12.9032258064516,10
"RP11-545N8.3",4,0,17,21,19.047619047619,4
"RP11-54A4.2",4,2,28,34,11.7647058823529,6
"RP11-54C4.1",4,1,56,61,6.55737704918033,5
"RP11-554J4.1",4,0,23,27,14.8148148148148,4
"RP11-55K13.1",4,0,44,48,8.33333333333333,4
"RP11-560J1.2",4,0,41,45,8.88888888888889,4
"RP11-58K22.4",4,2,32,38,10.5263157894737,6
"RP11-58K22.5",4,2,32,38,10.5263157894737,6
"RP11-599B13.6",4,0,16,20,20,4
"RP11-599B13.7",4,0,16,20,20,4
"RP11-59O6.3",4,1,10,15,26.6666666666667,5
"RP11-603J24.17",4,0,21,25,16,4
"RP11-61A14.4",4,3,34,41,9.75609756097561,7
"RP11-631N16.2",4,3,32,39,10.2564102564103,7
"RP11-637O19.3",4,0,11,15,26.6666666666667,4
"RP11-662I13.2",4,0,16,20,20,4
"RP11-67C2.2",4,5,31,40,10,9
"RP11-680A11.5",4,1,20,25,16,5
"RP11-689B22.2",4,1,44,49,8.16326530612245,5
"RP11-691N7.6",4,0,25,29,13.7931034482759,4
"RP11-692D12.1",4,1,29,34,11.7647058823529,5
"RP11-6D1.3",4,3,57,64,6.25,7
"RP11-717A5.1",4,0,17,21,19.047619047619,4
"RP11-724N1.1",4,0,33,37,10.8108108108108,4
"RP11-732A19.2",4,0,57,61,6.55737704918033,4
"RP11-732A19.9",4,0,40,44,9.09090909090909,4
"RP11-73K9.2",4,2,32,38,10.5263157894737,6
"RP11-744N12.3",4,0,34,38,10.5263157894737,4
"RP11-76N22.2",4,0,16,20,20,4
"RP11-793H13.10",4,2,32,38,10.5263157894737,6
"RP11-79O8.1",4,4,59,67,5.97014925373134,8
"RP11-79P5.9",4,0,25,29,13.7931034482759,4
"RP11-7C6.1",4,1,38,43,9.30232558139535,5
"RP11-806H10.4",4,2,24,30,13.3333333333333,6
"RP11-818F20.5",4,2,11,17,23.5294117647059,6
"RP11-831H9.3",4,0,20,24,16.6666666666667,4
"RP11-84C10.1",4,0,22,26,15.3846153846154,4
"RP11-85O21.2",4,0,24,28,14.2857142857143,4
"RP11-85O21.4",4,0,24,28,14.2857142857143,4
"RP11-881M11.1",4,2,26,32,12.5,6
"RP11-96L14.7",4,0,26,30,13.3333333333333,4
"RP11-98C1.1",4,0,15,19,21.0526315789474,4
"RP13-890H12.2",4,0,14,18,22.2222222222222,4
"RP4-620F22.2",4,0,34,38,10.5263157894737,4
"RP4-668G5.1",4,0,9,13,30.7692307692308,4
"RP4-673M15.1",4,1,20,25,16,5
"RP4-728D4.2",4,0,15,19,21.0526315789474,4
"RP4-790G17.7",4,1,30,35,11.4285714285714,5
"RP5-1029F21.3",4,0,30,34,11.7647058823529,4
"RP5-1056L3.1",4,0,34,38,10.5263157894737,4
"RP5-1073O3.7",4,3,25,32,12.5,7
"RP5-866L20.2",4,0,15,19,21.0526315789474,4
"RP5-890E16.2",4,0,9,13,30.7692307692308,4
"RP5-899E9.1",4,1,47,52,7.69230769230769,5
"RPE",4,3,36,43,9.30232558139535,7
"RPL10P14",4,0,59,63,6.34920634920635,4
"RPL17",4,0,26,30,13.3333333333333,4
"RPL17-C18orf32",4,0,24,28,14.2857142857143,4
"RPL26L1",4,0,21,25,16,4
"RPL32P1",4,0,18,22,18.1818181818182,4
"RPL34P26",4,1,12,17,23.5294117647059,5
"RPL41",4,0,21,25,16,4
"RPN1",4,1,15,20,20,5
"RPS13",4,2,40,46,8.69565217391304,6
"RPS21",4,0,35,39,10.2564102564103,4
"RRBP1",4,4,50,58,6.89655172413793,8
"RRP8",4,0,39,43,9.30232558139535,4
"RTFDC1",4,0,41,45,8.88888888888889,4
"RYBP",4,1,64,69,5.79710144927536,5
"S100A1",4,0,23,27,14.8148148148148,4
"S100A13",4,0,23,27,14.8148148148148,4
"SACM1L",4,0,9,13,30.7692307692308,4
"SC5D",4,0,40,44,9.09090909090909,4
"SCARNA21",4,0,15,19,21.0526315789474,4
"SCD",4,0,20,24,16.6666666666667,4
"SCLT1",4,3,55,62,6.45161290322581,7
"SCNN1A",4,0,3,7,57.1428571428571,4
"SCRN2",4,0,9,13,30.7692307692308,4
"SDAD1",4,1,21,26,15.3846153846154,5
"SDHC",4,0,7,11,36.3636363636364,4
"SDHD",4,2,23,29,13.7931034482759,6
"SEC23A",4,6,21,31,12.9032258064516,10
"SECTM1",4,0,20,24,16.6666666666667,4
"SEH1L",4,0,21,25,16,4
"SELPLG",4,1,44,49,8.16326530612245,5
"SELT",4,1,38,43,9.30232558139535,5
"SENP6",4,4,54,62,6.45161290322581,8
"SERP1",4,1,41,46,8.69565217391304,5
"SERP2",4,0,19,23,17.3913043478261,4
"SERPINB6",4,0,10,14,28.5714285714286,4
"SERTAD2",4,1,25,30,13.3333333333333,5
"SESTD1",4,0,41,45,8.88888888888889,4
"SEZ6",4,0,28,32,12.5,4
"SH3BGR",4,0,22,26,15.3846153846154,4
"SHBG",4,0,7,11,36.3636363636364,4
"SHFM1",4,1,8,13,30.7692307692308,5
"SHMT2",4,0,8,12,33.3333333333333,4
"SIAH1",4,1,33,38,10.5263157894737,5
"SIGLEC8",4,0,23,27,14.8148148148148,4
"SIT1",4,0,7,11,36.3636363636364,4
"SIX1",4,1,19,24,16.6666666666667,5
"SLA",4,0,50,54,7.40740740740741,4
"SLC16A13",4,0,14,18,22.2222222222222,4
"SLC16A7",4,3,24,31,12.9032258064516,7
"SLC17A5",4,4,52,60,6.66666666666667,8
"SLC25A20P1",4,0,10,14,28.5714285714286,4
"SLC26A10",4,1,22,27,14.8148148148148,5
"SLC39A1",4,0,20,24,16.6666666666667,4
"SLC39A5",4,0,17,21,19.047619047619,4
"SLC43A2",4,0,11,15,26.6666666666667,4
"SLC45A4",4,0,48,52,7.69230769230769,4
"SLC6A6",4,0,22,26,15.3846153846154,4
"SLIRP",4,0,30,34,11.7647058823529,4
"SMAD7",4,2,44,50,8,6
"SMEK2",4,0,23,27,14.8148148148148,4
"SMIM15",4,1,14,19,21.0526315789474,5
"SMIM2",4,0,5,9,44.4444444444444,4
"SMIM2-AS1",4,0,24,28,14.2857142857143,4
"SNHG1",4,0,20,24,16.6666666666667,4
"SNORA12.2",4,3,50,57,7.01754385964912,7
"SNORA3.3",4,1,29,34,11.7647058823529,5
"SNORA30",4,0,15,19,21.0526315789474,4
"SNORA4.4",4,0,21,25,16,4
"SNORA50.1",4,3,40,47,8.51063829787234,7
"SNORA63.1",4,0,21,25,16,4
"SNORA63.7",4,0,21,25,16,4
"SNORA63.8",4,1,17,22,18.1818181818182,5
"SNORA7.3",4,1,12,17,23.5294117647059,5
"SNORA7.4",4,1,30,35,11.4285714285714,5
"SNORA70.23",4,0,59,63,6.34920634920635,4
"SNORA81.3",4,0,21,25,16,4
"SNORD112.36",4,0,15,19,21.0526315789474,4
"SNORD118",4,0,16,20,20,4
"SNORD127",4,6,28,38,10.5263157894737,10
"SNORD14A",4,2,40,46,8.69565217391304,6
"SNORD14B",4,2,40,46,8.69565217391304,6
"SNORD17",4,1,43,48,8.33333333333333,5
"SNORD4A",4,0,24,28,14.2857142857143,4
"SNORD56B",4,3,57,64,6.25,7
"SNORD58A",4,0,24,28,14.2857142857143,4
"SNORD58B",4,0,24,28,14.2857142857143,4
"SNORD94",4,0,35,39,10.2564102564103,4
"snoU13.1",4,0,40,44,9.09090909090909,4
"snoU13.114",4,1,30,35,11.4285714285714,5
"snoU13.124",4,0,55,59,6.77966101694915,4
"snoU13.191",4,2,28,34,11.7647058823529,6
"snoU13.334",4,0,27,31,12.9032258064516,4
"snoU13.361",4,1,23,28,14.2857142857143,5
"snoU13.375",4,1,30,35,11.4285714285714,5
"snoU13.398",4,2,47,53,7.54716981132075,6
"snoU13.52",4,0,24,28,14.2857142857143,4
"snoU13.63",4,1,38,43,9.30232558139535,5
"snoU13.95",4,0,13,17,23.5294117647059,4
"SNRPA1",4,4,34,42,9.52380952380952,8
"SNTB1",4,2,34,40,10,6
"SNX10",4,0,13,17,23.5294117647059,4
"SNX11",4,0,10,14,28.5714285714286,4
"SNX6",4,1,20,25,16,5
"SOCS3",4,2,24,30,13.3333333333333,6
"SOX4",4,0,41,45,8.88888888888889,4
"SP1",4,0,13,17,23.5294117647059,4
"SPACA6P",4,0,34,38,10.5263157894737,4
"SPACA6P-AS",4,0,34,38,10.5263157894737,4
"SPAG16",4,10,117,131,3.05343511450382,14
"SPAG8",4,0,6,10,40,4
"SPATA32",4,0,20,24,16.6666666666667,4
"SPTSSA",4,1,14,19,21.0526315789474,5
"SPTY2D1",4,0,29,33,12.1212121212121,4
"SQLE",4,3,57,64,6.25,7
"SQRDL",4,1,54,59,6.77966101694915,5
"SREBF1",4,0,26,30,13.3333333333333,4
"SRMS",4,0,20,24,16.6666666666667,4
"SRP19",4,5,71,80,5,9
"SRP9",4,1,11,16,25,5
"SRRM5",4,0,26,30,13.3333333333333,4
"SRSF11",4,4,64,72,5.55555555555556,8
"ST6GALNAC4",4,0,11,15,26.6666666666667,4
"ST6GALNAC6",4,0,6,10,40,4
"STAG1",4,3,60,67,5.97014925373134,7
"STARD6",4,3,36,43,9.30232558139535,7
"STAT2",4,0,10,14,28.5714285714286,4
"STOM",4,1,29,34,11.7647058823529,5
"STOML2",4,1,18,23,17.3913043478261,5
"STON2",4,2,27,33,12.1212121212121,6
"STX7",4,4,25,33,12.1212121212121,8
"SUGP2",4,0,10,14,28.5714285714286,4
"SUV39H2",4,0,44,48,8.33333333333333,4
"SWT1",4,2,22,28,14.2857142857143,6
"SYT15",4,2,52,58,6.89655172413793,6
"SZRD1",4,0,14,18,22.2222222222222,4
"TAB2",4,2,44,50,8,6
"TAF10",4,0,57,61,6.55737704918033,4
"TAF1D",4,6,62,72,5.55555555555556,10
"TARBP1",4,1,6,11,36.3636363636364,5
"TATDN3",4,0,19,23,17.3913043478261,4
"TBC1D14",4,0,37,41,9.75609756097561,4
"TBC1D23",4,1,63,68,5.88235294117647,5
"TBCK",4,3,46,53,7.54716981132075,7
"TDGF1P7",4,0,13,17,23.5294117647059,4
"TDRD1",4,0,10,14,28.5714285714286,4
"TECPR1",4,1,19,24,16.6666666666667,5
"TET3",4,1,37,42,9.52380952380952,5
"TEX19",4,0,22,26,15.3846153846154,4
"TFAP2E",4,0,15,19,21.0526315789474,4
"THADA",4,0,8,12,33.3333333333333,4
"TIMELESS",4,0,19,23,17.3913043478261,4
"TLN1",4,0,15,19,21.0526315789474,4
"TLR10",4,0,20,24,16.6666666666667,4
"TMEM107",4,0,16,20,20,4
"TMEM109",4,2,26,32,12.5,6
"TMEM115",4,0,11,15,26.6666666666667,4
"TMEM126B",4,2,27,33,12.1212121212121,6
"TMEM127",4,3,53,60,6.66666666666667,7
"TMEM130",4,4,37,45,8.88888888888889,8
"TMEM138",4,1,29,34,11.7647058823529,5
"TMEM141",4,0,10,14,28.5714285714286,4
"TMEM14B",4,0,11,15,26.6666666666667,4
"TMEM184C",4,0,19,23,17.3913043478261,4
"TMEM194A",4,0,16,20,20,4
"TMEM237",4,0,8,12,33.3333333333333,4
"TMEM242",4,1,27,32,12.5,5
"TMEM252",4,0,29,33,12.1212121212121,4
"TMEM30A",4,5,50,59,6.77966101694915,9
"TMEM5",4,3,17,24,16.6666666666667,7
"TMEM66",4,1,25,30,13.3333333333333,5
"TMEM71",4,1,49,54,7.40740740740741,5
"TMEM8B",4,0,12,16,25,4
"TMX2",4,0,18,22,18.1818181818182,4
"TMX2-CTNND1",4,0,18,22,18.1818181818182,4
"TNKS",4,1,15,20,20,5
"TOE1",4,0,16,20,20,4
"TOM1L2",4,0,21,25,16,4
"TOMM6",4,0,22,26,15.3846153846154,4
"TOR1AIP2",4,2,15,21,19.047619047619,6
"TP53BP2",4,1,25,30,13.3333333333333,5
"TP53TG1",4,1,15,20,20,5
"TPMT",4,2,49,55,7.27272727272727,6
"TPP1",4,0,40,44,9.09090909090909,4
"TPST1",4,0,24,28,14.2857142857143,4
"TPST2",4,0,16,20,20,4
"TRABD2A",4,2,45,51,7.84313725490196,6
"TRAF6",4,4,22,30,13.3333333333333,8
"TRAM2",4,2,37,43,9.30232558139535,6
"TRAM2-AS1",4,2,37,43,9.30232558139535,6
"TRANK1",4,1,17,22,18.1818181818182,5
"TRAPPC6B",4,7,22,33,12.1212121212121,11
"TRDMT1",4,0,32,36,11.1111111111111,4
"TRIM59",4,1,10,15,26.6666666666667,5
"TRIO",4,5,64,73,5.47945205479452,9
"TRMT13",4,4,16,24,16.6666666666667,8
"TRMT1L",4,2,22,28,14.2857142857143,6
"TRMU",4,0,11,15,26.6666666666667,4
"TSEN34",4,0,26,30,13.3333333333333,4
"TSPAN1",4,0,23,27,14.8148148148148,4
"TTC32",4,4,59,67,5.97014925373134,8
"TTC4",4,0,15,19,21.0526315789474,4
"TTLL11",4,0,17,21,19.047619047619,4
"TTLL3",4,0,42,46,8.69565217391304,4
"TTYH3",4,0,23,27,14.8148148148148,4
"TUBE1",4,2,29,35,11.4285714285714,6
"TUT1",4,0,22,26,15.3846153846154,4
"TXNDC15",4,0,14,18,22.2222222222222,4
"TXNRD1",4,2,29,35,11.4285714285714,6
"U3.32",4,2,25,31,12.9032258064516,6
"U6.51",4,1,28,33,12.1212121212121,5
"UBA3",4,1,14,19,21.0526315789474,5
"UBA5",4,2,46,52,7.69230769230769,6
"UBC",4,0,47,51,7.84313725490196,4
"UBR5",4,1,11,16,25,5
"UCHL1",4,1,18,23,17.3913043478261,5
"UCHL1-AS1",4,1,18,23,17.3913043478261,5
"UMODL1",4,2,17,23,17.3913043478261,6
"UPP1",4,0,44,48,8.33333333333333,4
"USP39",4,0,33,37,10.8108108108108,4
"UST",4,1,38,43,9.30232558139535,5
"UTP11L",4,0,21,25,16,4
"VAMP2",4,0,16,20,20,4
"VANGL2",4,0,30,34,11.7647058823529,4
"VASP",4,0,14,18,22.2222222222222,4
"VAV3",4,2,29,35,11.4285714285714,6
"VAV3-AS1",4,2,27,33,12.1212121212121,6
"VIM-AS1",4,1,39,44,9.09090909090909,5
"VPS18",4,2,8,14,28.5714285714286,6
"VPS41",4,0,13,17,23.5294117647059,4
"VSIG10L",4,0,17,21,19.047619047619,4
"VTA1",4,2,47,53,7.54716981132075,6
"WBP1",4,1,33,38,10.5263157894737,5
"WBP11",4,5,47,56,7.14285714285714,9
"WDR25",4,0,22,26,15.3846153846154,4
"WDR27",4,1,19,24,16.6666666666667,5
"WDR3",4,1,35,40,10,5
"WDR31",4,1,11,16,25,5
"WDR5B",4,2,22,28,14.2857142857143,6
"WDR92",4,2,25,31,12.9032258064516,6
"WIBG",4,0,10,14,28.5714285714286,4
"WIPF1",4,4,37,45,8.88888888888889,8
"WWP1",4,3,22,29,13.7931034482759,7
"XRCC1",4,0,26,30,13.3333333333333,4
"XXcos-LUCA11.5",4,0,18,22,18.1818181818182,4
"Y_RNA.291",4,1,14,19,21.0526315789474,5
"Y_RNA.356",4,0,8,12,33.3333333333333,4
"Y_RNA.379",4,0,26,30,13.3333333333333,4
"Y_RNA.403",4,0,39,43,9.30232558139535,4
"Y_RNA.418",4,0,18,22,18.1818181818182,4
"Y_RNA.420",4,0,11,15,26.6666666666667,4
"Y_RNA.663",4,1,18,23,17.3913043478261,5
"Y_RNA.734",4,1,10,15,26.6666666666667,5
"YRDC",4,1,12,17,23.5294117647059,5
"YWHAZ",4,2,45,51,7.84313725490196,6
"ZC2HC1C",4,0,27,31,12.9032258064516,4
"ZC3H10",4,0,20,24,16.6666666666667,4
"ZC3H13",4,0,32,36,11.1111111111111,4
"ZDHHC17",4,6,26,36,11.1111111111111,10
"ZHX2",4,2,27,33,12.1212121212121,6
"ZMYND10",4,0,7,11,36.3636363636364,4
"ZMYND10-AS1",4,0,7,11,36.3636363636364,4
"ZNF180",4,1,32,37,10.8108108108108,5
"ZNF219",4,0,32,36,11.1111111111111,4
"ZNF229",4,2,64,70,5.71428571428571,6
"ZNF259",4,1,36,41,9.75609756097561,5
"ZNF260",4,1,13,18,22.2222222222222,5
"ZNF326",4,3,26,33,12.1212121212121,7
"ZNF333",4,0,4,8,50,4
"ZNF432",4,2,25,31,12.9032258064516,6
"ZNF471",4,2,22,28,14.2857142857143,6
"ZNF516",4,0,49,53,7.54716981132075,4
"ZNF572",4,1,54,59,6.77966101694915,5
"ZNF576",4,0,26,30,13.3333333333333,4
"ZNF593",4,0,26,30,13.3333333333333,4
"ZNF606",4,1,15,20,20,5
"ZNF609",4,1,7,12,33.3333333333333,5
"ZNF628",4,0,18,22,18.1818181818182,4
"ZNF639",4,5,46,55,7.27272727272727,9
"ZNF668",4,0,32,36,11.1111111111111,4
"ZNRD1",4,0,28,32,12.5,4
"ZNRD1-AS1",4,0,28,32,12.5,4
"ZSCAN2",4,0,19,23,17.3913043478261,4
"A2ML1-AS1",3,1,5,9,33.3333333333333,4
"AAGAB",3,0,15,18,16.6666666666667,3
"ABCA17P",3,0,5,8,37.5,3
"ABCA2",3,0,10,13,23.0769230769231,3
"ABCA3",3,0,5,8,37.5,3
"ABCB6",3,0,5,8,37.5,3
"ABCB8",3,0,18,21,14.2857142857143,3
"ABCB9",3,0,7,10,30,3
"ABCC11",3,0,11,14,21.4285714285714,3
"ABCC4",3,0,17,20,15,3
"ABCE1",3,2,48,53,5.66037735849057,5
"ABHD10",3,2,39,44,6.81818181818182,5
"ABHD13",3,1,17,21,14.2857142857143,4
"ABHD16A",3,0,11,14,21.4285714285714,3
"ABTB2",3,0,40,43,6.97674418604651,3
"AC002128.5",3,0,17,20,15,3
"AC002467.7",3,2,22,27,11.1111111111111,5
"AC002511.2",3,1,35,39,7.69230769230769,4
"AC003075.4",3,2,41,46,6.52173913043478,5
"AC004076.9",3,3,55,61,4.91803278688525,6
"AC004381.6",3,2,5,10,30,5
"AC004549.6",3,0,14,17,17.6470588235294,3
"AC005037.1",3,2,11,16,18.75,5
"AC005037.2",3,2,11,16,18.75,5
"AC005076.5",3,2,25,30,10,5
"AC006042.6",3,3,22,28,10.7142857142857,6
"AC006460.2",3,0,4,7,42.8571428571429,3
"AC006483.1",3,0,15,18,16.6666666666667,3
"AC007099.2",3,0,25,28,10.7142857142857,3
"AC007242.1",3,1,30,34,8.82352941176471,4
"AC007285.7",3,1,15,19,15.7894736842105,4
"AC007391.2",3,0,12,15,20,3
"AC007879.5",3,0,36,39,7.69230769230769,3
"AC008063.2",3,0,14,17,17.6470588235294,3
"AC009065.1",3,0,2,5,60,3
"AC009505.2",3,3,86,92,3.26086956521739,6
"AC009506.1",3,3,18,24,12.5,6
"AC009970.1",3,0,9,12,25,3
"AC010127.3",3,0,12,15,20,3
"AC011290.4",3,1,13,17,17.6470588235294,4
"AC012314.20",3,0,14,17,17.6470588235294,3
"AC012363.4",3,2,32,37,8.10810810810811,5
"AC012456.4",3,0,17,20,15,3
"AC012613.2",3,0,10,13,23.0769230769231,3
"AC013264.2",3,0,36,39,7.69230769230769,3
"AC017006.2",3,0,33,36,8.33333333333333,3
"AC017076.5",3,0,16,19,15.7894736842105,3
"AC017083.1",3,1,16,20,15,4
"AC022498.1",3,1,31,35,8.57142857142857,4
"AC023050.1",3,2,16,21,14.2857142857143,5
"AC026954.6",3,0,28,31,9.67741935483871,3
"AC034228.2",3,0,24,27,11.1111111111111,3
"AC034228.3",3,0,25,28,10.7142857142857,3
"AC068831.3",3,0,11,14,21.4285714285714,3
"AC068896.1",3,1,29,33,9.09090909090909,4
"AC068946.1",3,0,5,8,37.5,3
"AC073255.1",3,1,53,57,5.26315789473684,4
"AC074091.13",3,0,21,24,12.5,3
"AC074289.1",3,1,28,32,9.375,4
"AC079080.1",3,1,39,43,6.97674418604651,4
"AC079135.1",3,2,17,22,13.6363636363636,5
"AC079305.8",3,1,18,22,13.6363636363636,4
"AC079807.2",3,0,36,39,7.69230769230769,3
"AC083949.1",3,3,40,46,6.52173913043478,6
"AC087069.1",3,0,2,5,60,3
"AC092964.1",3,1,37,41,7.31707317073171,4
"AC096649.2",3,0,25,28,10.7142857142857,3
"AC096670.3",3,4,33,40,7.5,7
"AC097468.4",3,0,10,13,23.0769230769231,3
"AC104623.2",3,0,27,30,10,3
"AC104695.4",3,0,16,19,15.7894736842105,3
"AC104794.4",3,0,27,30,10,3
"AC105053.4",3,0,12,15,20,3
"AC106873.4",3,1,9,13,23.0769230769231,4
"AC112219.1",3,0,45,48,6.25,3
"AC114546.1",3,1,8,12,25,4
"AC116366.5",3,0,13,16,18.75,3
"AC117395.1",3,0,12,15,20,3
"AC120194.1",3,0,14,17,17.6470588235294,3
"AC144521.1",3,2,20,25,12,5
"ACAD8",3,6,74,83,3.6144578313253,9
"ACADSB",3,2,31,36,8.33333333333333,5
"ACADVL",3,0,15,18,16.6666666666667,3
"ACBD7",3,0,26,29,10.3448275862069,3
"ACKR3",3,0,9,12,25,3
"ACOXL",3,4,19,26,11.5384615384615,7
"ACSL3",3,3,37,43,6.97674418604651,6
"ACSL6",3,0,24,27,11.1111111111111,3
"ACTA1",3,0,5,8,37.5,3
"ACTA2",3,0,15,18,16.6666666666667,3
"ACTR3",3,2,58,63,4.76190476190476,5
"AD000684.2",3,0,35,38,7.89473684210526,3
"ADAD2",3,1,26,30,10,4
"ADC",3,1,26,30,10,4
"ADGB",3,1,12,16,18.75,4
"ADIPOQ",3,0,26,29,10.3448275862069,3
"ADK",3,0,22,25,12,3
"ADORA2A",3,0,17,20,15,3
"ADPRHL2",3,0,11,14,21.4285714285714,3
"ADRBK1",3,0,3,6,50,3
"ADRM1",3,0,26,29,10.3448275862069,3
"ADSL",3,0,3,6,50,3
"ADTRP",3,1,18,22,13.6363636363636,4
"AEN",3,0,45,48,6.25,3
"AF129075.5",3,2,28,33,9.09090909090909,5
"AF213884.2",3,1,44,48,6.25,4
"AGAP3",3,0,25,28,10.7142857142857,3
"AGK",3,0,14,17,17.6470588235294,3
"AHR",3,2,41,46,6.52173913043478,5
"AJUBA",3,0,15,18,16.6666666666667,3
"AK2",3,1,26,30,10,4
"AKAP1",3,0,11,14,21.4285714285714,3
"AKAP10",3,3,30,36,8.33333333333333,6
"AL021394.1",3,0,17,20,15,3
"AL021546.6",3,0,14,17,17.6470588235294,3
"AL022328.1",3,0,4,7,42.8571428571429,3
"AL121914.1",3,1,30,34,8.82352941176471,4
"AL122015.1",3,5,35,43,6.97674418604651,8
"AL138963.1",3,1,13,17,17.6470588235294,4
"AL139815.1",3,3,10,16,18.75,6
"AL162458.1",3,1,23,27,11.1111111111111,4
"AL354833.1",3,2,12,17,17.6470588235294,5
"AL354833.2",3,2,12,17,17.6470588235294,5
"AL354833.3",3,2,12,17,17.6470588235294,5
"AL357519.1",3,3,18,24,12.5,6
"AL390776.1",3,0,18,21,14.2857142857143,3
"AL451051.1",3,3,11,17,17.6470588235294,6
"AL590431.1",3,0,14,17,17.6470588235294,3
"AL662800.2",3,0,12,15,20,3
"ALDH1L2",3,0,25,28,10.7142857142857,3
"ALG14",3,0,25,28,10.7142857142857,3
"ALPK3",3,2,27,32,9.375,5
"AMD1",3,1,15,19,15.7894736842105,4
"AMZ1",3,0,21,24,12.5,3
"ANAPC10",3,2,48,53,5.66037735849057,5
"ANAPC16",3,0,27,30,10,3
"ANKEF1",3,4,39,46,6.52173913043478,7
"ANKRD10",3,1,42,46,6.52173913043478,4
"ANKRD16",3,1,5,9,33.3333333333333,4
"ANKRD63",3,0,29,32,9.375,3
"ANKUB1",3,0,13,16,18.75,3
"AOAH",3,0,1,4,75,3
"AP000295.9",3,2,20,25,12,5
"AP000442.1",3,0,7,10,30,3
"AP000936.4",3,2,38,43,6.97674418604651,5
"AP000974.1",3,2,35,40,7.5,5
"AP001412.1",3,1,24,28,10.7142857142857,4
"AP001437.1",3,1,23,27,11.1111111111111,4
"AP005482.1",3,1,21,25,12,4
"AP3B2",3,3,21,27,11.1111111111111,6
"AP3M1",3,0,22,25,12,3
"AP3M2",3,1,25,29,10.3448275862069,4
"AP5Z1",3,0,11,14,21.4285714285714,3
"APBB1IP",3,2,23,28,10.7142857142857,5
"APOA1-AS",3,2,16,21,14.2857142857143,5
"APOA4",3,2,16,21,14.2857142857143,5
"APOC3",3,2,16,21,14.2857142857143,5
"APOL6",3,6,36,45,6.66666666666667,9
"ARAP1-AS1",3,0,24,27,11.1111111111111,3
"ARAP2",3,1,56,60,5,4
"ARAP3",3,0,20,23,13.0434782608696,3
"ARF4",3,1,14,18,16.6666666666667,4
"ARF6",3,2,20,25,12,5
"ARHGAP10",3,2,29,34,8.82352941176471,5
"ARHGAP17",3,0,20,23,13.0434782608696,3
"ARHGAP18",3,1,18,22,13.6363636363636,4
"ARHGAP21",3,1,20,24,12.5,4
"ARHGAP25",3,0,4,7,42.8571428571429,3
"ARHGEF1",3,0,8,11,27.2727272727273,3
"ARHGEF19-AS1",3,0,24,27,11.1111111111111,3
"ARID2",3,1,35,39,7.69230769230769,4
"ARID5A",3,2,32,37,8.10810810810811,5
"ARL13B",3,0,14,17,17.6470588235294,3
"ARMC8",3,0,13,16,18.75,3
"ARSA",3,0,9,12,25,3
"ASCC1",3,0,27,30,10,3
"ASCC3",3,3,19,25,12,6
"ASF1B",3,0,11,14,21.4285714285714,3
"ASTL",3,1,41,45,6.66666666666667,4
"ATAD2B",3,2,29,34,8.82352941176471,5
"ATF2",3,0,25,28,10.7142857142857,3
"ATF7",3,2,6,11,27.2727272727273,5
"ATG13",3,1,22,26,11.5384615384615,4
"ATG3",3,0,37,40,7.5,3
"ATG9B",3,0,18,21,14.2857142857143,3
"ATM",3,2,48,53,5.66037735849057,5
"ATP4A",3,1,13,17,17.6470588235294,4
"ATP5E",3,0,21,24,12.5,3
"ATP6V1E1",3,0,20,23,13.0434782608696,3
"ATP6V1F",3,0,8,11,27.2727272727273,3
"ATP6V1H",3,4,38,45,6.66666666666667,7
"ATR",3,0,15,18,16.6666666666667,3
"ATRAID",3,0,24,27,11.1111111111111,3
"AUP1",3,1,30,34,8.82352941176471,4
"AURKC",3,1,21,25,12,4
"AZIN1",3,3,53,59,5.08474576271187,6
"B3GAT3",3,0,10,13,23.0769230769231,3
"B4GALT4",3,3,19,25,12,6
"B4GALT4-AS1",3,0,5,8,37.5,3
"BACH2",3,3,62,68,4.41176470588235,6
"BAG2",3,5,53,61,4.91803278688525,8
"BAK1",3,0,11,14,21.4285714285714,3
"BATF3",3,1,17,21,14.2857142857143,4
"BAZ2B",3,3,18,24,12.5,6
"BCAP29",3,2,10,15,20,5
"BCAT2",3,0,9,12,25,3
"BCKDHB",3,1,28,32,9.375,4
"BCL2L11",3,4,33,40,7.5,7
"BCL2L13",3,0,20,23,13.0434782608696,3
"BEND5",3,0,13,16,18.75,3
"BHLHE41",3,1,27,31,9.67741935483871,4
"BID",3,1,20,24,12.5,4
"BIRC6",3,3,38,44,6.81818181818182,6
"BLACE",3,2,41,46,6.52173913043478,5
"BMF",3,0,27,30,10,3
"BMP1",3,0,6,9,33.3333333333333,3
"BRAF",3,0,19,22,13.6363636363636,3
"BRE",3,0,20,23,13.0434782608696,3
"BRI3",3,1,27,31,9.67741935483871,4
"BTBD19",3,0,12,15,20,3
"BTG1",3,4,57,64,4.6875,7
"BTNL9",3,0,0,3,100,3
"BYSL",3,0,12,15,20,3
"C10orf111",3,1,31,35,8.57142857142857,4
"C10orf88",3,3,25,31,9.67741935483871,6
"C11orf1",3,1,39,43,6.97674418604651,4
"C11orf48",3,0,20,23,13.0434782608696,3
"C11orf71",3,0,26,29,10.3448275862069,3
"C11orf73",3,3,48,54,5.55555555555556,6
"C11orf82",3,7,48,58,5.17241379310345,10
"C11orf83",3,0,19,22,13.6363636363636,3
"C12orf42",3,1,4,8,37.5,4
"C12orf77",3,1,16,20,15,4
"C12orf79",3,4,57,64,4.6875,7
"C14orf119",3,1,20,24,12.5,4
"C14orf159",3,1,23,27,11.1111111111111,4
"C14orf164",3,0,9,12,25,3
"C14orf183",3,3,46,52,5.76923076923077,6
"C15orf39",3,0,19,22,13.6363636363636,3
"C15orf48",3,1,38,42,7.14285714285714,4
"C16orf86",3,1,26,30,10,4
"C16orf92",3,0,13,16,18.75,3
"C17orf61-PLSCR3",3,0,11,14,21.4285714285714,3
"C19orf54",3,0,15,18,16.6666666666667,3
"C1orf132",3,0,39,42,7.14285714285714,3
"C1orf141",3,1,10,14,21.4285714285714,4
"C1orf145",3,3,16,22,13.6363636363636,6
"C1orf194",3,1,29,33,9.09090909090909,4
"C1orf53",3,1,21,25,12,4
"C1orf61",3,0,14,17,17.6470588235294,3
"C1orf74",3,1,40,44,6.81818181818182,4
"C1QTNF2",3,0,21,24,12.5,3
"C21orf90",3,0,10,13,23.0769230769231,3
"C22orf24",3,0,25,28,10.7142857142857,3
"C2CD2L",3,2,27,32,9.375,5
"C2CD5",3,1,29,33,9.09090909090909,4
"C3orf18",3,0,7,10,30,3
"C3orf36",3,3,26,32,9.375,6
"C4orf32",3,1,56,60,5,4
"C5orf22",3,1,17,21,14.2857142857143,4
"C5orf24",3,0,15,18,16.6666666666667,3
"C6orf136",3,0,12,15,20,3
"C6orf226",3,0,2,5,60,3
"C6orf89",3,0,8,11,27.2727272727273,3
"C7orf31",3,1,16,20,15,4
"C7orf50",3,0,8,11,27.2727272727273,3
"C9",3,0,19,22,13.6363636363636,3
"C9orf139",3,0,10,13,23.0769230769231,3
"C9orf156",3,1,17,21,14.2857142857143,4
"C9orf66",3,1,14,18,16.6666666666667,4
"C9orf89",3,2,22,27,11.1111111111111,5
"CA13",3,3,21,27,11.1111111111111,6
"CA2",3,3,27,33,9.09090909090909,6
"CABLES2",3,0,14,17,17.6470588235294,3
"CACNA1I",3,0,20,23,13.0434782608696,3
"CAGE1",3,1,29,33,9.09090909090909,4
"CAMK1D",3,0,35,38,7.89473684210526,3
"CARNS1",3,0,7,10,30,3
"CARS2",3,2,40,45,6.66666666666667,5
"CASC1",3,1,18,22,13.6363636363636,4
"CASP3",3,0,36,39,7.69230769230769,3
"CASP8",3,0,23,26,11.5384615384615,3
"CASQ1",3,0,8,11,27.2727272727273,3
"CATSPERG",3,0,13,16,18.75,3
"CBLL1",3,2,22,27,11.1111111111111,5
"CBX3P4",3,0,10,13,23.0769230769231,3
"CC2D1B",3,1,13,17,17.6470588235294,4
"CCDC102B",3,4,39,46,6.52173913043478,7
"CCDC106",3,0,8,11,27.2727272727273,3
"CCDC116",3,0,14,17,17.6470588235294,3
"CCDC117",3,0,7,10,30,3
"CCDC148-AS1",3,0,14,17,17.6470588235294,3
"CCDC181",3,1,11,15,20,4
"CCDC183",3,0,13,16,18.75,3
"CCDC3",3,0,11,14,21.4285714285714,3
"CCDC57",3,0,17,20,15,3
"CCDC58",3,1,18,22,13.6363636363636,4
"CCDC66",3,4,29,36,8.33333333333333,7
"CCDC83",3,2,35,40,7.5,5
"CCDC88C",3,1,19,23,13.0434782608696,4
"CCDC89",3,2,33,38,7.89473684210526,5
"CCM2",3,1,17,21,14.2857142857143,4
"CCNA2",3,1,7,11,27.2727272727273,4
"CCNI2",3,0,5,8,37.5,3
"CCNL1",3,4,37,44,6.81818181818182,7
"CCNYL1",3,0,25,28,10.7142857142857,3
"CCR1",3,0,33,36,8.33333333333333,3
"CCRL2",3,0,13,16,18.75,3
"CCT3",3,0,15,18,16.6666666666667,3
"CCT4",3,0,11,14,21.4285714285714,3
"CD101",3,1,33,37,8.10810810810811,4
"CD164",3,0,22,25,12,3
"CD274",3,0,17,20,15,3
"CD300E",3,0,26,29,10.3448275862069,3
"CD3D",3,1,13,17,17.6470588235294,4
"CD3E",3,1,13,17,17.6470588235294,4
"CD3G",3,1,13,17,17.6470588235294,4
"CD53",3,1,17,21,14.2857142857143,4
"CD6",3,2,29,34,8.82352941176471,5
"CD69",3,1,45,49,6.12244897959184,4
"CD83",3,1,22,26,11.5384615384615,4
"CDC40",3,1,6,10,30,4
"CDC42EP3",3,1,14,18,16.6666666666667,4
"CDC45",3,0,25,28,10.7142857142857,3
"CDK2",3,0,11,14,21.4285714285714,3
"CDK7",3,3,31,37,8.10810810810811,6
"CDKAL1",3,0,38,41,7.31707317073171,3
"CDKL2",3,0,25,28,10.7142857142857,3
"CDKN2C",3,2,24,29,10.3448275862069,5
"CDS1",3,1,7,11,27.2727272727273,4
"CEBPB",3,0,41,44,6.81818181818182,3
"CEBPE",3,0,5,8,37.5,3
"CEBPG",3,0,26,29,10.3448275862069,3
"CELF6",3,1,9,13,23.0769230769231,4
"CENPN",3,0,23,26,11.5384615384615,3
"CEP170",3,2,32,37,8.10810810810811,5
"CEP76",3,0,32,35,8.57142857142857,3
"CES2",3,0,13,16,18.75,3
"CFI",3,0,10,13,23.0769230769231,3
"CFL2",3,1,13,17,17.6470588235294,4
"CHAC1",3,1,6,10,30,4
"CHEK2",3,1,5,9,33.3333333333333,4
"CHMP1B",3,0,23,26,11.5384615384615,3
"CHMP3",3,0,33,36,8.33333333333333,3
"CHPT1",3,2,38,43,6.97674418604651,5
"CHRD",3,1,16,20,15,4
"CHRM4",3,1,17,21,14.2857142857143,4
"CHST13",3,0,26,29,10.3448275862069,3
"CIC",3,0,25,28,10.7142857142857,3
"CIPC",3,0,26,29,10.3448275862069,3
"CIR1",3,0,3,6,50,3
"CKAP2L",3,0,27,30,10,3
"CKAP4",3,1,22,26,11.5384615384615,4
"CKS2",3,1,54,58,5.17241379310345,4
"CLASP1",3,0,15,18,16.6666666666667,3
"CLASP2",3,1,19,23,13.0434782608696,4
"CLCF1",3,0,4,7,42.8571428571429,3
"CLEC4E",3,1,17,21,14.2857142857143,4
"CLEC7A",3,0,27,30,10,3
"CLECL1",3,0,37,40,7.5,3
"CLVS1",3,4,43,50,6,7
"CMBL",3,0,26,29,10.3448275862069,3
"CMC2",3,0,23,26,11.5384615384615,3
"CMPK1",3,0,6,9,33.3333333333333,3
"CMTM2",3,3,28,34,8.82352941176471,6
"CMTM4",3,2,30,35,8.57142857142857,5
"CMTM6",3,1,9,13,23.0769230769231,4
"CNGA4",3,1,25,29,10.3448275862069,4
"CNOT1",3,6,40,49,6.12244897959184,9
"CNTD1",3,1,8,12,25,4
"CNTF",3,1,10,14,21.4285714285714,4
"COA3",3,1,8,12,25,4
"COA5",3,0,26,29,10.3448275862069,3
"COA6",3,0,4,7,42.8571428571429,3
"COG1",3,1,29,33,9.09090909090909,4
"COMMD1",3,0,11,14,21.4285714285714,3
"COMMD3",3,2,24,29,10.3448275862069,5
"COMMD3-BMI1",3,2,24,29,10.3448275862069,5
"COMMD9",3,4,17,24,12.5,7
"COPB1",3,2,14,19,15.7894736842105,5
"COPS7A",3,3,23,29,10.3448275862069,6
"CORO6",3,1,15,19,15.7894736842105,4
"COTL1",3,0,39,42,7.14285714285714,3
"COX6A1",3,0,14,17,17.6470588235294,3
"COX6A1P2",3,0,21,24,12.5,3
"COX7A2",3,4,40,47,6.38297872340426,7
"COX7A2L",3,3,12,18,16.6666666666667,6
"CPOX",3,5,43,51,5.88235294117647,8
"CPSF2",3,1,37,41,7.31707317073171,4
"CREB1",3,0,36,39,7.69230769230769,3
"CREBZF",3,1,28,32,9.375,4
"CREM",3,1,50,54,5.55555555555556,4
"CRIM1",3,1,51,55,5.45454545454545,4
"CRNDE",3,0,27,30,10,3
"CRTAP",3,1,18,22,13.6363636363636,4
"CRYBA4",3,0,9,12,25,3
"CRYBB1",3,0,9,12,25,3
"CSNK2A2",3,0,8,11,27.2727272727273,3
"CSNK2B",3,0,13,16,18.75,3
"CSNK2B-LY6G5B",3,0,16,19,15.7894736842105,3
"CSRNP2",3,0,13,16,18.75,3
"CSTF2T",3,1,18,22,13.6363636363636,4
"CTA-134P22.2",3,0,10,13,23.0769230769231,3
"CTA-445C9.14",3,0,11,14,21.4285714285714,3
"CTA-445C9.15",3,0,11,14,21.4285714285714,3
"CTAGE5",3,5,21,29,10.3448275862069,8
"CTB-4E7.1",3,3,21,27,11.1111111111111,6
"CTB-55O6.12",3,0,11,14,21.4285714285714,3
"CTC-321K16.1",3,2,15,20,15,5
"CTC-338M12.1",3,0,6,9,33.3333333333333,3
"CTC-338M12.4",3,0,12,15,20,3
"CTC-338M12.6",3,0,13,16,18.75,3
"CTC-338M12.7",3,0,12,15,20,3
"CTC-432M15.3",3,0,23,26,11.5384615384615,3
"CTC-458I2.2",3,2,23,28,10.7142857142857,5
"CTC-534A2.2",3,1,27,31,9.67741935483871,4
"CTD-2013N24.2",3,0,6,9,33.3333333333333,3
"CTD-2017C7.2",3,0,23,26,11.5384615384615,3
"CTD-2021J15.1",3,1,13,17,17.6470588235294,4
"CTD-2105E13.6",3,0,5,8,37.5,3
"CTD-2113L7.1",3,3,29,35,8.57142857142857,6
"CTD-2176I21.2",3,0,24,27,11.1111111111111,3
"CTD-2193P3.2",3,0,16,19,15.7894736842105,3
"CTD-2203A3.1",3,0,5,8,37.5,3
"CTD-2260A17.3",3,1,6,10,30,4
"CTD-2267D19.4",3,1,8,12,25,4
"CTD-2292M16.7",3,0,17,20,15,3
"CTD-2315E11.1",3,1,14,18,16.6666666666667,4
"CTD-2353F22.1",3,4,29,36,8.33333333333333,7
"CTD-2366F13.1",3,1,20,24,12.5,4
"CTD-2369P2.4",3,1,15,19,15.7894736842105,4
"CTD-2377D24.4",3,0,8,11,27.2727272727273,3
"CTD-2532N20.1",3,2,45,50,6,5
"CTD-2555K7.2",3,0,23,26,11.5384615384615,3
"CTD-2616J11.2",3,0,5,8,37.5,3
"CTD-2616J11.3",3,0,5,8,37.5,3
"CTD-3064H18.1",3,1,14,18,16.6666666666667,4
"CTNNB1",3,1,17,21,14.2857142857143,4
"CTR9",3,0,20,23,13.0434782608696,3
"CTSK",3,1,12,16,18.75,4
"CTSO",3,1,4,8,37.5,4
"CUL3",3,5,40,48,6.25,8
"CXCL2",3,0,23,26,11.5384615384615,3
"CYP17A1",3,0,25,28,10.7142857142857,3
"CYR61",3,1,14,18,16.6666666666667,4
"DAK",3,0,28,31,9.67741935483871,3
"DARC",3,0,10,13,23.0769230769231,3
"DCAF11",3,2,41,46,6.52173913043478,5
"DCBLD2",3,1,13,17,17.6470588235294,4
"DCLRE1A",3,1,4,8,37.5,4
"DCLRE1CP1",3,0,26,29,10.3448275862069,3
"DCPS",3,1,29,33,9.09090909090909,4
"DCUN1D5",3,0,26,29,10.3448275862069,3
"DCXR",3,0,19,22,13.6363636363636,3
"DDB1",3,0,28,31,9.67741935483871,3
"DDIT3",3,0,13,16,18.75,3
"DDIT4",3,0,22,25,12,3
"DDX39B",3,0,21,24,12.5,3
"DDX39B-AS1",3,0,21,24,12.5,3
"DDX47",3,0,21,24,12.5,3
"DDX54",3,0,42,45,6.66666666666667,3
"DECR1",3,2,34,39,7.69230769230769,5
"DEDD2",3,0,32,35,8.57142857142857,3
"DEFA6",3,0,12,15,20,3
"DGAT2",3,0,4,7,42.8571428571429,3
"DGKH",3,2,11,16,18.75,5
"DHX36",3,0,9,12,25,3
"DHX38",3,1,42,46,6.52173913043478,4
"DHX58",3,1,18,22,13.6363636363636,4
"DISP2",3,0,14,17,17.6470588235294,3
"DIXDC1",3,1,31,35,8.57142857142857,4
"DLD",3,2,16,21,14.2857142857143,5
"DLL1",3,0,19,22,13.6363636363636,3
"DLL4",3,1,6,10,30,4
"DLX3",3,0,43,46,6.52173913043478,3
"DMTF1",3,2,25,30,10,5
"DNAAF1",3,2,32,37,8.10810810810811,5
"DNAAF2",3,0,10,13,23.0769230769231,3
"DNAJB8",3,0,10,13,23.0769230769231,3
"DNAJC13",3,3,21,27,11.1111111111111,6
"DNAJC19",3,1,19,23,13.0434782608696,4
"DOC2A",3,0,20,23,13.0434782608696,3
"DOCK4-AS1",3,1,12,16,18.75,4
"DOCK5",3,0,27,30,10,3
"DPAGT1",3,2,27,32,9.375,5
"DPF1",3,0,6,9,33.3333333333333,3
"DPH1",3,1,40,44,6.81818181818182,4
"DPP4",3,0,14,17,17.6470588235294,3
"DPYD-AS2",3,0,4,7,42.8571428571429,3
"DROSHA",3,1,17,21,14.2857142857143,4
"DSCAML1",3,1,48,52,5.76923076923077,4
"DSCR3",3,1,24,28,10.7142857142857,4
"DTWD1",3,2,27,32,9.375,5
"DUPD1",3,0,15,18,16.6666666666667,3
"DUSP13",3,0,9,12,25,3
"DUSP2",3,2,48,53,5.66037735849057,5
"DYRK1A",3,1,23,27,11.1111111111111,4
"DYTN",3,0,10,13,23.0769230769231,3
"ECI1",3,0,2,5,60,3
"EEF1A1P33",3,0,8,11,27.2727272727273,3
"EEF1G",3,0,17,20,15,3
"EFCAB5",3,1,15,19,15.7894736842105,4
"EFCAB7",3,0,9,12,25,3
"EFNB2",3,5,45,53,5.66037735849057,8
"EFNB3",3,0,5,8,37.5,3
"EID2",3,0,11,14,21.4285714285714,3
"EIF2B3",3,1,19,23,13.0434782608696,4
"EIF4A2",3,1,27,31,9.67741935483871,4
"EIF4EBP3",3,2,10,15,20,5
"EIF4G1",3,2,29,34,8.82352941176471,5
"EIF4G2",3,1,26,30,10,4
"ELOVL3",3,0,18,21,14.2857142857143,3
"EMILIN1",3,0,20,23,13.0434782608696,3
"EML4",3,3,40,46,6.52173913043478,6
"ENG",3,0,5,8,37.5,3
"EOGT",3,0,6,9,33.3333333333333,3
"EPDR1",3,0,0,3,100,3
"EPG5",3,0,12,15,20,3
"EPN3",3,0,36,39,7.69230769230769,3
"ERAP1",3,1,6,10,30,4
"ERCC4",3,2,42,47,6.38297872340426,5
"ERI1",3,1,47,51,5.88235294117647,4
"ERI3",3,0,18,21,14.2857142857143,3
"ERLIN1",3,0,15,18,16.6666666666667,3
"ERO1L",3,2,13,18,16.6666666666667,5
"ERP27",3,3,31,37,8.10810810810811,6
"ESF1",3,8,40,51,5.88235294117647,11
"ESRP2",3,1,19,23,13.0434782608696,4
"ESYT2",3,6,35,44,6.81818181818182,9
"ETNK2",3,0,15,18,16.6666666666667,3
"ETV5",3,0,18,21,14.2857142857143,3
"EXOC7",3,0,27,30,10,3
"EXTL3",3,1,6,10,30,4
"F3",3,0,28,31,9.67741935483871,3
"FABP1",3,0,26,29,10.3448275862069,3
"FAM110D",3,0,20,23,13.0434782608696,3
"FAM114A1",3,0,4,7,42.8571428571429,3
"FAM120A",3,0,13,16,18.75,3
"FAM120AOS",3,0,13,16,18.75,3
"FAM120B",3,0,19,22,13.6363636363636,3
"FAM122A",3,2,43,48,6.25,5
"FAM126A",3,0,15,18,16.6666666666667,3
"FAM129A",3,2,16,21,14.2857142857143,5
"FAM13A",3,1,7,11,27.2727272727273,4
"FAM160A2",3,1,27,31,9.67741935483871,4
"FAM162A",3,1,18,22,13.6363636363636,4
"FAM172A",3,1,14,18,16.6666666666667,4
"FAM175B",3,1,29,33,9.09090909090909,4
"FAM177B",3,3,55,61,4.91803278688525,6
"FAM187B",3,0,40,43,6.97674418604651,3
"FAM187B2P",3,0,40,43,6.97674418604651,3
"FAM20B",3,7,26,36,8.33333333333333,10
"FAM210A",3,0,33,36,8.33333333333333,3
"FAM219B",3,1,19,23,13.0434782608696,4
"FAM227B",3,2,27,32,9.375,5
"FAM228B",3,4,11,18,16.6666666666667,7
"FAM26D",3,3,44,50,6,6
"FAM26F",3,3,44,50,6,6
"FAM3C",3,2,29,34,8.82352941176471,5
"FAM57B",3,0,13,16,18.75,3
"FAM71E2",3,0,5,8,37.5,3
"FAM83F",3,1,23,27,11.1111111111111,4
"FAM96B",3,0,13,16,18.75,3
"FAN1",3,1,54,58,5.17241379310345,4
"FAS",3,0,15,18,16.6666666666667,3
"FASTKD2",3,1,29,33,9.09090909090909,4
"FBXL18",3,0,16,19,15.7894736842105,3
"FBXL22",3,1,22,26,11.5384615384615,4
"FBXO11",3,0,36,39,7.69230769230769,3
"FBXW2",3,1,33,37,8.10810810810811,4
"FCER1A",3,0,6,9,33.3333333333333,3
"FDXACB1",3,1,39,43,6.97674418604651,4
"FEM1C",3,9,116,128,2.34375,12
"FER1L5",3,0,8,11,27.2727272727273,3
"FFAR2",3,1,31,35,8.57142857142857,4
"FGD4",3,1,10,14,21.4285714285714,4
"FGF1",3,0,21,24,12.5,3
"FGF17",3,0,5,8,37.5,3
"FGFR1OP",3,0,43,46,6.52173913043478,3
"FICD",3,1,35,39,7.69230769230769,4
"FIGNL1",3,1,31,35,8.57142857142857,4
"FKBP15",3,1,5,9,33.3333333333333,4
"FKBP4",3,0,12,15,20,3
"FKRP",3,0,14,17,17.6470588235294,3
"FLRT1",3,0,2,5,60,3
"FMNL2",3,3,50,56,5.35714285714286,6
"FNBP4",3,1,52,56,5.35714285714286,4
"FNDC9",3,2,18,23,13.0434782608696,5
"FNIP1",3,0,23,26,11.5384615384615,3
"FOLR3",3,0,13,16,18.75,3
"FOXJ1",3,0,14,17,17.6470588235294,3
"FOXN2",3,0,37,40,7.5,3
"FOXR1",3,0,22,25,12,3
"FOXRED1",3,3,52,58,5.17241379310345,6
"FRRS1",3,2,10,15,20,5
"FRY",3,2,32,37,8.10810810810811,5
"FRY-AS1",3,2,32,37,8.10810810810811,5
"FSCN1",3,0,16,19,15.7894736842105,3
"FSCN2",3,0,6,9,33.3333333333333,3
"FTO",3,0,6,9,33.3333333333333,3
"FZD5",3,2,32,37,8.10810810810811,5
"G3BP2",3,1,22,26,11.5384615384615,4
"GABARAPL2",3,1,43,47,6.38297872340426,4
"GABPB1",3,1,18,22,13.6363636363636,4
"GABPB1-AS1",3,1,18,22,13.6363636363636,4
"GAK",3,0,11,14,21.4285714285714,3
"GALR2",3,0,16,19,15.7894736842105,3
"GANAB",3,0,13,16,18.75,3
"GAPDHP45",3,0,26,29,10.3448275862069,3
"GAPDHS",3,0,9,12,25,3
"GAPT",3,1,33,37,8.10810810810811,4
"GATA2",3,0,12,15,20,3
"GATA3",3,2,12,17,17.6470588235294,5
"GATA3-AS1",3,2,12,17,17.6470588235294,5
"GATAD1",3,3,26,32,9.375,6
"GATSL3",3,0,26,29,10.3448275862069,3
"GBF1",3,0,15,18,16.6666666666667,3
"GBP6",3,0,33,36,8.33333333333333,3
"GBX2",3,2,17,22,13.6363636363636,5
"GCG",3,0,3,6,50,3
"GFOD2",3,0,8,11,27.2727272727273,3
"GGCX",3,0,13,16,18.75,3
"GGH",3,1,21,25,12,4
"GHDC",3,1,10,14,21.4285714285714,4
"GHITM",3,5,62,70,4.28571428571429,8
"GHRH",3,0,9,12,25,3
"GJB2",3,1,31,35,8.57142857142857,4
"GJD3",3,1,8,12,25,4
"GLB1",3,0,19,22,13.6363636363636,3
"GLB1L",3,0,13,16,18.75,3
"GLI1",3,1,19,23,13.0434782608696,4
"GLUL",3,1,46,50,6,4
"GLYR1",3,1,48,52,5.76923076923077,4
"GMIP",3,0,15,18,16.6666666666667,3
"GNB2L1",3,0,12,15,20,3
"GNB3",3,2,22,27,11.1111111111111,5
"GNLY",3,0,24,27,11.1111111111111,3
"GOLT1A",3,0,21,24,12.5,3
"GP5",3,0,12,15,20,3
"GP9",3,0,17,20,15,3
"GPANK1",3,0,13,16,18.75,3
"GPATCH3",3,0,13,16,18.75,3
"GPN2",3,0,10,13,23.0769230769231,3
"GPR141",3,0,0,3,100,3
"GPR61",3,0,46,49,6.12244897959184,3
"GPRIN3",3,2,12,17,17.6470588235294,5
"GRAMD2",3,1,5,9,33.3333333333333,4
"GRB10",3,0,24,27,11.1111111111111,3
"GRHPR",3,0,12,15,20,3
"GRK5",3,1,45,49,6.12244897959184,4
"GRK5-IT1",3,1,45,49,6.12244897959184,4
"GRM4",3,0,12,15,20,3
"GSG1L",3,0,55,58,5.17241379310345,3
"GSK3B",3,2,29,34,8.82352941176471,5
"GSN-AS1",3,0,11,14,21.4285714285714,3
"GSTO2",3,4,50,57,5.26315789473684,7
"GSX1",3,0,8,11,27.2727272727273,3
"GTF2IRD1",3,1,21,25,12,4
"GTF3C6",3,2,20,25,12,5
"GUCA1A",3,0,12,15,20,3
"GUCA1B",3,0,8,11,27.2727272727273,3
"GUCY1A3",3,0,6,9,33.3333333333333,3
"GUCY1B3",3,1,13,17,17.6470588235294,4
"GUCY2D",3,0,14,17,17.6470588235294,3
"H2AFJ",3,7,40,50,6,10
"HAAO",3,1,11,15,20,4
"HAL",3,1,6,10,30,4
"HAMP",3,0,29,32,9.375,3
"HAPLN4",3,1,20,24,12.5,4
"HARBI1",3,1,22,26,11.5384615384615,4
"HDAC10",3,0,4,7,42.8571428571429,3
"HDAC11",3,1,23,27,11.1111111111111,4
"HDAC11-AS1",3,1,23,27,11.1111111111111,4
"HDLBP",3,0,22,25,12,3
"HEATR3",3,0,54,57,5.26315789473684,3
"HECA",3,3,21,27,11.1111111111111,6
"HEMK1",3,0,7,10,30,3
"HERC4",3,2,30,35,8.57142857142857,5
"HERPUD1",3,1,53,57,5.26315789473684,4
"HES7",3,0,9,12,25,3
"HIAT1",3,1,6,10,30,4
"HIC1",3,1,33,37,8.10810810810811,4
"HINT1",3,0,32,35,8.57142857142857,3
"HIRIP3",3,0,20,23,13.0434782608696,3
"HIST1H1A",3,0,28,31,9.67741935483871,3
"HIST1H1D",3,1,17,21,14.2857142857143,4
"HIST1H1T",3,0,11,14,21.4285714285714,3
"HIST1H2AC",3,0,11,14,21.4285714285714,3
"HIST1H2BC",3,0,11,14,21.4285714285714,3
"HIST1H3A",3,0,28,31,9.67741935483871,3
"HIST1H4A",3,0,28,31,9.67741935483871,3
"HIST2H2BE",3,0,44,47,6.38297872340426,3
"HIVEP2",3,1,41,45,6.66666666666667,4
"HLA-DMB",3,1,11,15,20,4
"HLF",3,0,10,13,23.0769230769231,3
"HM13",3,2,8,13,23.0769230769231,5
"HMBOX1",3,4,33,40,7.5,7
"HMG20A",3,0,11,14,21.4285714285714,3
"HMGB1P10",3,0,4,7,42.8571428571429,3
"HMGN1",3,1,33,37,8.10810810810811,4
"HMGN3",3,3,11,17,17.6470588235294,6
"HMGN3-AS1",3,3,11,17,17.6470588235294,6
"HMGN4",3,0,26,29,10.3448275862069,3
"HNRNPA3",3,1,18,22,13.6363636363636,4
"HNRNPA3P16",3,1,9,13,23.0769230769231,4
"HOOK1",3,0,27,30,10,3
"HS6ST1",3,0,20,23,13.0434782608696,3
"HSCB",3,1,5,9,33.3333333333333,4
"HSDL1",3,2,26,31,9.67741935483871,5
"HSP90B1",3,1,32,36,8.33333333333333,4
"HSPA13",3,1,28,32,9.375,4
"HSPB2",3,0,19,22,13.6363636363636,3
"HSPB2-C11orf52",3,0,19,22,13.6363636363636,3
"HSPD1",3,0,36,39,7.69230769230769,3
"HSPE1",3,0,35,38,7.89473684210526,3
"HSPE1-MOB4",3,0,35,38,7.89473684210526,3
"HTRA2",3,1,28,32,9.375,4
"IBTK",3,2,30,35,8.57142857142857,5
"ICAM1",3,1,15,19,15.7894736842105,4
"IDH1",3,1,31,35,8.57142857142857,4
"IDH1-AS1",3,1,31,35,8.57142857142857,4
"IDH2",3,1,14,18,16.6666666666667,4
"IFIT2",3,1,11,15,20,4
"IFRG15",3,0,13,16,18.75,3
"IFT43",3,0,11,14,21.4285714285714,3
"IGSF6",3,1,34,38,7.89473684210526,4
"IGSF9",3,1,18,22,13.6363636363636,4
"IKZF2",3,5,38,46,6.52173913043478,8
"IKZF4",3,0,9,12,25,3
"IKZF5",3,2,31,36,8.33333333333333,5
"IL11",3,0,5,8,37.5,3
"IL17REL",3,0,7,10,30,3
"IL1A",3,1,23,27,11.1111111111111,4
"IL1F10",3,1,23,27,11.1111111111111,4
"IL20",3,1,28,32,9.375,4
"IL2RB",3,2,24,29,10.3448275862069,5
"IL5",3,0,2,5,60,3
"ING1",3,2,40,45,6.66666666666667,5
"INO80E",3,0,20,23,13.0434782608696,3
"INPP4A",3,2,17,22,13.6363636363636,5
"INPP4B",3,0,27,30,10,3
"INPP5K",3,0,16,19,15.7894736842105,3
"INSL6",3,0,17,20,15,3
"INSRR",3,0,22,25,12,3
"INTS1",3,0,9,12,25,3
"INTS4",3,5,35,43,6.97674418604651,8
"INTS9",3,4,33,40,7.5,7
"IPO13",3,0,12,15,20,3
"IQCE",3,0,11,14,21.4285714285714,3
"IQCH",3,0,16,19,15.7894736842105,3
"IQGAP3",3,0,11,14,21.4285714285714,3
"IQUB",3,2,23,28,10.7142857142857,5
"IRAK4",3,3,48,54,5.55555555555556,6
"IRF1",3,0,22,25,12,3
"IRF8",3,2,21,26,11.5384615384615,5
"IRX5",3,0,27,30,10,3
"ISCA1P4",3,1,6,10,30,4
"ISG20",3,0,8,11,27.2727272727273,3
"ISYNA1",3,0,6,9,33.3333333333333,3
"ITGA9",3,0,19,22,13.6363636363636,3
"ITGB1",3,0,4,7,42.8571428571429,3
"ITGB3BP",3,2,18,23,13.0434782608696,5
"ITGB7",3,0,19,22,13.6363636363636,3
"ITIH4",3,0,8,11,27.2727272727273,3
"ITIH4-AS1",3,0,8,11,27.2727272727273,3
"IZUMO1",3,0,3,6,50,3
"JADE1",3,5,49,57,5.26315789473684,8
"JDP2",3,1,45,49,6.12244897959184,4
"JTB",3,0,22,25,12,3
"JUN",3,1,49,53,5.66037735849057,4
"KANSL3",3,0,8,11,27.2727272727273,3
"KB-1043D8.6",3,0,16,19,15.7894736842105,3
"KB-1507C5.2",3,3,53,59,5.08474576271187,6
"KB-1639H6.4",3,2,25,30,10,5
"KCNC4",3,0,16,19,15.7894736842105,3
"KCNC4-AS1",3,0,16,19,15.7894736842105,3
"KCNG3",3,2,20,25,12,5
"KCNK9",3,0,25,28,10.7142857142857,3
"KCNN3",3,0,19,22,13.6363636363636,3
"KCTD16",3,1,30,34,8.82352941176471,4
"KCTD3",3,1,22,26,11.5384615384615,4
"KDM3A",3,0,27,30,10,3
"KDM4A-AS1",3,0,13,16,18.75,3
"KHK",3,0,20,23,13.0434782608696,3
"KIAA0430",3,7,53,63,4.76190476190476,10
"KIAA0754",3,0,36,39,7.69230769230769,3
"KIAA1324",3,1,29,33,9.09090909090909,4
"KIAA2013",3,0,11,14,21.4285714285714,3
"KIF13A",3,0,17,20,15,3
"KIF20B",3,0,21,24,12.5,3
"KLF6",3,5,74,82,3.65853658536585,8
"KLHDC3",3,0,2,5,60,3
"KLHDC9",3,0,19,22,13.6363636363636,3
"KLHL25",3,0,23,26,11.5384615384615,3
"KLHL3",3,1,12,16,18.75,4
"KLHL6",3,0,19,22,13.6363636363636,3
"KPNA4",3,1,7,11,27.2727272727273,4
"KPNB1",3,1,28,32,9.375,4
"KRBA2",3,0,16,19,15.7894736842105,3
"KRI1",3,0,21,24,12.5,3
"KRT18P22",3,3,44,50,6,6
"KRT18P34",3,4,37,44,6.81818181818182,7
"KRT8P12",3,1,7,11,27.2727272727273,4
"KRTCAP2",3,0,3,6,50,3
"KTN1",3,0,20,23,13.0434782608696,3
"KTN1-AS1",3,0,19,22,13.6363636363636,3
"LAMA4",3,1,9,13,23.0769230769231,4
"LAMA5",3,0,31,34,8.82352941176471,3
"LAPTM4B",3,0,17,20,15,3
"LCA5",3,5,34,42,7.14285714285714,8
"LCMT1",3,2,17,22,13.6363636363636,5
"LEP",3,1,18,22,13.6363636363636,4
"LEPR",3,0,21,24,12.5,3
"LEPRE1",3,0,14,17,17.6470588235294,3
"LEPROT",3,0,21,24,12.5,3
"LEPROTL1",3,1,17,21,14.2857142857143,4
"LETMD1",3,0,18,21,14.2857142857143,3
"LHX9",3,1,19,23,13.0434782608696,4
"LIF",3,0,13,16,18.75,3
"LIG4",3,1,17,21,14.2857142857143,4
"LIMK2",3,2,11,16,18.75,5
"LINC00112",3,1,13,17,17.6470588235294,4
"LINC00479",3,1,13,17,17.6470588235294,4
"LINC00528",3,1,20,24,12.5,4
"LINC00917",3,0,6,9,33.3333333333333,3
"LINC00938",3,1,35,39,7.69230769230769,4
"LINC01135",3,1,49,53,5.66037735849057,4
"LITAF",3,1,21,25,12,4
"LIX1",3,2,44,49,6.12244897959184,5
"LMTK2",3,1,30,34,8.82352941176471,4
"LNP1",3,1,19,23,13.0434782608696,4
"LONP2",3,0,11,14,21.4285714285714,3
"LPAR2",3,0,15,18,16.6666666666667,3
"LRRC23",3,3,28,34,8.82352941176471,6
"LRRC32",3,0,4,7,42.8571428571429,3
"LRRC40",3,2,41,46,6.52173913043478,5
"LRRFIP2",3,0,22,25,12,3
"LSM10",3,0,14,17,17.6470588235294,3
"LSM14A",3,1,20,24,12.5,4
"LSM3",3,0,15,18,16.6666666666667,3
"LSM4",3,0,8,11,27.2727272727273,3
"LSM6",3,2,29,34,8.82352941176471,5
"LSR",3,0,35,38,7.89473684210526,3
"LTBP2",3,1,9,13,23.0769230769231,4
"LY6G5B",3,0,16,19,15.7894736842105,3
"LY6G5C",3,0,10,13,23.0769230769231,3
"LYL1",3,1,10,14,21.4285714285714,4
"LYRM5",3,1,18,22,13.6363636363636,4
"LYRM7",3,0,32,35,8.57142857142857,3
"LYVE1",3,0,21,24,12.5,3
"MALAT1",3,0,12,15,20,3
"MAP9",3,1,17,21,14.2857142857143,4
"MAPK11",3,0,4,7,42.8571428571429,3
"MAPK12",3,0,4,7,42.8571428571429,3
"MAPRE3",3,0,12,15,20,3
"MB",3,7,55,65,4.61538461538462,10
"MB21D2",3,3,19,25,12,6
"MBD5",3,1,34,38,7.89473684210526,4
"MBD6",3,0,13,16,18.75,3
"MCM3",3,2,35,40,7.5,5
"MCM8",3,0,43,46,6.52173913043478,3
"MCTP2",3,1,41,45,6.66666666666667,4
"MDH1B",3,1,29,33,9.09090909090909,4
"MEA1",3,0,2,5,60,3
"MED10",3,1,28,32,9.375,4
"MED17",3,5,40,48,6.25,8
"MED20",3,0,12,15,20,3
"MED30",3,7,20,30,10,10
"MED8",3,0,7,10,30,3
"MEST",3,0,21,24,12.5,3
"METTL12",3,0,16,19,15.7894736842105,3
"MEX3C",3,3,38,44,6.81818181818182,6
"MFSD1",3,0,17,20,15,3
"MFSD5",3,0,13,16,18.75,3
"MGARP",3,2,17,22,13.6363636363636,5
"MICU1",3,1,11,15,20,4
"MINA",3,5,46,54,5.55555555555556,8
"MIR101",3,2,22,27,11.1111111111111,5
"MIR1200",3,0,11,14,21.4285714285714,3
"MIR1227",3,0,12,15,20,3
"MIR1256",3,0,14,17,17.6470588235294,3
"MIR1294",3,1,28,32,9.375,4
"MIR132",3,1,33,37,8.10810810810811,4
"MIR141",3,3,21,27,11.1111111111111,6
"MIR145",3,0,10,13,23.0769230769231,3
"MIR151B",3,0,27,30,10,3
"MIR155HG",3,0,28,31,9.67741935483871,3
"MIR200C",3,3,21,27,11.1111111111111,6
"MIR212",3,1,33,37,8.10810810810811,4
"MIR2278",3,0,8,11,27.2727272727273,3
"MIR22HG",3,0,17,20,15,3
"MIR26B",3,0,11,14,21.4285714285714,3
"MIR302B",3,3,36,42,7.14285714285714,6
"MIR302C",3,3,36,42,7.14285714285714,6
"MIR324",3,0,15,18,16.6666666666667,3
"MIR342",3,0,27,30,10,3
"MIR3652",3,1,32,36,8.33333333333333,4
"MIR365A",3,3,23,29,10.3448275862069,6
"MIR375",3,0,10,13,23.0769230769231,3
"MIR3939",3,0,43,46,6.52173913043478,3
"MIR4442",3,4,38,45,6.66666666666667,7
"MIR4444",3,1,18,22,13.6363636363636,4
"MIR4482",3,4,50,57,5.26315789473684,7
"MIR4638",3,0,12,15,20,3
"MIR484",3,6,50,59,5.08474576271187,9
"MIR497HG",3,0,12,15,20,3
"MIR548J",3,0,4,7,42.8571428571429,3
"MIR548O",3,0,28,31,9.67741935483871,3
"MIR548Q",3,1,25,29,10.3448275862069,4
"MIR554",3,0,25,28,10.7142857142857,3
"MIR555",3,0,23,26,11.5384615384615,3
"MIR574",3,0,4,7,42.8571428571429,3
"MIR575",3,0,6,9,33.3333333333333,3
"MIR589",3,0,13,16,18.75,3
"MIR610",3,0,8,11,27.2727272727273,3
"MIR616",3,0,13,16,18.75,3
"MIR630",3,0,6,9,33.3333333333333,3
"MIR933",3,0,25,28,10.7142857142857,3
"MIS18BP1",3,7,25,35,8.57142857142857,10
"MKKS",3,6,60,69,4.34782608695652,9
"MKLN1-AS",3,2,48,53,5.66037735849057,5
"MKX",3,1,15,19,15.7894736842105,4
"MLTK",3,0,4,7,42.8571428571429,3
"MOCS2",3,1,20,24,12.5,4
"MOGAT2",3,0,17,20,15,3
"MON1B",3,2,66,71,4.22535211267606,5
"MPI",3,1,13,17,17.6470588235294,4
"MPP4",3,0,15,18,16.6666666666667,3
"MPZ",3,0,6,9,33.3333333333333,3
"MRAS",3,0,13,16,18.75,3
"MRO",3,1,9,13,23.0769230769231,4
"MRPL14",3,1,21,25,12,4
"MRPL28",3,0,13,16,18.75,3
"MRPL33",3,0,22,25,12,3
"MRPL4",3,1,15,19,15.7894736842105,4
"MRPL42",3,0,12,15,20,3
"MRPL47",3,1,35,39,7.69230769230769,4
"MRPS23",3,0,14,17,17.6470588235294,3
"MRPS28",3,0,16,19,15.7894736842105,3
"MSMP",3,0,6,9,33.3333333333333,3
"MTA3",3,2,21,26,11.5384615384615,5
"MTAP",3,2,42,47,6.38297872340426,5
"MTCH1",3,0,19,22,13.6363636363636,3
"MTCH2",3,2,29,34,8.82352941176471,5
"MTF1",3,1,19,23,13.0434782608696,4
"MTG2",3,0,19,22,13.6363636363636,3
"MTMR9",3,0,13,16,18.75,3
"MTSS1",3,1,55,59,5.08474576271187,4
"MUSTN1",3,0,8,11,27.2727272727273,3
"MYCBPAP",3,0,25,28,10.7142857142857,3
"MYCN",3,0,19,22,13.6363636363636,3
"MYCNOS",3,0,19,22,13.6363636363636,3
"MYL6",3,0,20,23,13.0434782608696,3
"MYL6B",3,0,20,23,13.0434782608696,3
"MYLK2",3,1,10,14,21.4285714285714,4
"MYO1C",3,0,11,14,21.4285714285714,3
"MYOC",3,0,4,7,42.8571428571429,3
"N4BP2L2",3,1,29,33,9.09090909090909,4
"N6AMT1",3,1,13,17,17.6470588235294,4
"NAA35",3,5,52,60,5,8
"NACA",3,0,11,14,21.4285714285714,3
"NADK2",3,0,8,11,27.2727272727273,3
"NADK2-AS1",3,0,1,4,75,3
"NAF1",3,0,6,9,33.3333333333333,3
"NAPG",3,1,19,23,13.0434782608696,4
"NAV2-AS1",3,1,10,14,21.4285714285714,4
"NBEA",3,0,4,7,42.8571428571429,3
"NBN",3,2,34,39,7.69230769230769,5
"NCBP2",3,0,12,15,20,3
"NCBP2-AS1",3,0,11,14,21.4285714285714,3
"NCR2",3,0,19,22,13.6363636363636,3
"NDE1",3,6,50,59,5.08474576271187,9
"NDNL2",3,0,17,20,15,3
"NDRG1",3,0,12,15,20,3
"NDUFA4L2",3,0,7,10,30,3
"NDUFA6",3,0,25,28,10.7142857142857,3
"NDUFA6-AS1",3,0,25,28,10.7142857142857,3
"NDUFAF5",3,8,40,51,5.88235294117647,11
"NDUFB1",3,1,37,41,7.31707317073171,4
"NDUFB1P1",3,0,5,8,37.5,3
"NDUFB2",3,0,12,15,20,3
"NDUFB2-AS1",3,0,11,14,21.4285714285714,3
"NDUFB5",3,2,35,40,7.5,5
"NDUFV3",3,0,2,5,60,3
"NEDD1",3,0,8,11,27.2727272727273,3
"NEDD8-MDP1",3,1,40,44,6.81818181818182,4
"NEURL4",3,0,30,33,9.09090909090909,3
"NF2",3,0,8,11,27.2727272727273,3
"NFIA",3,0,9,12,25,3
"NFKB1",3,1,44,48,6.25,4
"NFKBIE",3,0,17,20,15,3
"NFKBIZ",3,2,24,29,10.3448275862069,5
"NFS1",3,0,19,22,13.6363636363636,3
"NFYC",3,1,12,16,18.75,4
"NHLRC1",3,2,33,38,7.89473684210526,5
"NHLRC2",3,1,4,8,37.5,4
"NINJ2",3,0,11,14,21.4285714285714,3
"NIPSNAP1",3,0,6,9,33.3333333333333,3
"NIT2",3,1,16,20,15,4
"NKAPL",3,0,12,15,20,3
"NKX1",3,0,4,7,42.8571428571429,3
"NKX2-AS1",3,0,17,20,15,3
"NLGN2",3,0,11,14,21.4285714285714,3
"NLN",3,3,27,33,9.09090909090909,6
"NMB",3,1,28,32,9.375,4
"NME1",3,3,42,48,6.25,6
"NME1-NME2",3,3,42,48,6.25,6
"NME2",3,3,42,48,6.25,6
"NMRK1",3,3,37,43,6.97674418604651,6
"NOM1",3,0,8,11,27.2727272727273,3
"NOP10",3,2,15,20,15,5
"NPAT",3,2,48,53,5.66037735849057,5
"NPC1",3,0,15,18,16.6666666666667,3
"NPC1L1",3,1,24,28,10.7142857142857,4
"NPFF",3,0,30,33,9.09090909090909,3
"NPM2",3,0,6,9,33.3333333333333,3
"NPM3",3,0,10,13,23.0769230769231,3
"NRL",3,2,46,51,5.88235294117647,5
"NRN1L",3,0,19,22,13.6363636363636,3
"NSD1",3,0,17,20,15,3
"NSUN2",3,1,35,39,7.69230769230769,4
"NTRK1",3,0,22,25,12,3
"NUCB1",3,0,9,12,25,3
"NUDC",3,0,12,15,20,3
"NUDT4",3,1,37,41,7.31707317073171,4
"NUP153",3,0,11,14,21.4285714285714,3
"NUP98",3,1,37,41,7.31707317073171,4
"NUPL2",3,0,17,20,15,3
"NUTM1",3,2,15,20,15,5
"NVL",3,2,34,39,7.69230769230769,5
"OAT",3,3,24,30,10,6
"ODF1",3,0,11,14,21.4285714285714,3
"OGDH",3,3,20,26,11.5384615384615,6
"OGFOD2",3,0,7,10,30,3
"OLA1",3,2,12,17,17.6470588235294,5
"OPTN",3,0,11,14,21.4285714285714,3
"OR10J2P",3,0,6,9,33.3333333333333,3
"OR10J3",3,0,5,8,37.5,3
"OR2H2",3,3,6,12,25,6
"OR2V2",3,0,11,14,21.4285714285714,3
"OR2W1",3,0,1,4,75,3
"OR5A1",3,0,17,20,15,3
"OR5C1",3,0,7,10,30,3
"OR7E155P",3,2,12,17,17.6470588235294,5
"OR7E37P",3,2,12,17,17.6470588235294,5
"ORC1",3,1,15,19,15.7894736842105,4
"ORC4",3,1,34,38,7.89473684210526,4
"ORC5",3,0,18,21,14.2857142857143,3
"ORC6",3,1,34,38,7.89473684210526,4
"OSBP",3,0,7,10,30,3
"OSBPL7",3,0,4,7,42.8571428571429,3
"OSER1",3,0,24,27,11.1111111111111,3
"OSER1-AS1",3,0,24,27,11.1111111111111,3
"OSGEPL1",3,0,19,22,13.6363636363636,3
"OSTF1",3,3,37,43,6.97674418604651,6
"OVCA2",3,1,33,37,8.10810810810811,4
"OXA1L",3,0,23,26,11.5384615384615,3
"P2RY2",3,0,1,4,75,3
"PABPC4",3,0,12,15,20,3
"PACSIN2",3,0,32,35,8.57142857142857,3
"PAFAH1B2",3,1,35,39,7.69230769230769,4
"PAFAH1B3",3,0,25,28,10.7142857142857,3
"PANX1",3,1,10,14,21.4285714285714,4
"PARP11",3,0,13,16,18.75,3
"PARP2",3,0,11,14,21.4285714285714,3
"PARS2",3,0,14,17,17.6470588235294,3
"PAX4",3,0,14,17,17.6470588235294,3
"PCBD1",3,0,21,24,12.5,3
"PCCB",3,1,34,38,7.89473684210526,4
"PCDHA2",3,0,25,28,10.7142857142857,3
"PCDHB10",3,0,24,27,11.1111111111111,3
"PCDHB14",3,0,33,36,8.33333333333333,3
"PCDHB16",3,0,28,31,9.67741935483871,3
"PCDHB18",3,0,33,36,8.33333333333333,3
"PCDHB7",3,1,42,46,6.52173913043478,4
"PCDHB9",3,0,24,27,11.1111111111111,3
"PCDHGB6",3,0,20,23,13.0434782608696,3
"PDCD4",3,1,41,45,6.66666666666667,4
"PDCD4-AS1",3,1,41,45,6.66666666666667,4
"PDE4C",3,0,8,11,27.2727272727273,3
"PDE7A",3,2,45,50,6,5
"PDIK1L",3,0,21,24,12.5,3
"PDZD2",3,1,15,19,15.7894736842105,4
"PDZK1",3,1,11,15,20,4
"PEAK1",3,0,11,14,21.4285714285714,3
"PEF1",3,0,17,20,15,3
"PELI1",3,1,28,32,9.375,4
"PELI2",3,0,33,36,8.33333333333333,3
"PEX26",3,1,47,51,5.88235294117647,4
"PFKFB2",3,0,37,40,7.5,3
"PFKFB3",3,1,21,25,12,4
"PFKM",3,1,15,19,15.7894736842105,4
"PFN1P11",3,0,25,28,10.7142857142857,3
"PFN2",3,0,13,16,18.75,3
"PGAP2",3,1,35,39,7.69230769230769,4
"PGK2",3,3,6,12,25,6
"PHIP",3,8,32,43,6.97674418604651,11
"PHLDB3",3,0,6,9,33.3333333333333,3
"PIK3CA",3,4,68,75,4,7
"PIK3R3",3,0,20,23,13.0434782608696,3
"PITPNA-AS1",3,0,11,14,21.4285714285714,3
"PITX3",3,0,15,18,16.6666666666667,3
"PKD2L2",3,0,17,20,15,3
"PKDREJ",3,0,16,19,15.7894736842105,3
"PLA2G15",3,1,21,25,12,4
"PLA2G4A",3,2,17,22,13.6363636363636,5
"PLB1",3,0,16,19,15.7894736842105,3
"PLBD2",3,0,22,25,12,3
"PLCG2",3,0,20,23,13.0434782608696,3
"PLEKHA2",3,1,33,37,8.10810810810811,4
"PLEKHA6",3,0,13,16,18.75,3
"PLEKHG3",3,0,16,19,15.7894736842105,3
"PLEKHJ1",3,0,14,17,17.6470588235294,3
"PLIN3",3,1,11,15,20,4
"PLK2",3,3,56,62,4.83870967741935,6
"PLK3",3,0,12,15,20,3
"PLRG1",3,1,14,18,16.6666666666667,4
"PLSCR5-AS1",3,7,11,21,14.2857142857143,10
"PLXDC2",3,0,13,16,18.75,3
"PM20D2",3,0,16,19,15.7894736842105,3
"PMEL",3,0,11,14,21.4285714285714,3
"PML",3,0,13,16,18.75,3
"PNISR",3,1,6,10,30,4
"PNKP",3,0,13,16,18.75,3
"PNMA1",3,0,15,18,16.6666666666667,3
"POGLUT1",3,1,33,37,8.10810810810811,4
"POLM",3,2,26,31,9.67741935483871,5
"POLR3C",3,0,22,25,12,3
"POMGNT1",3,0,10,13,23.0769230769231,3
"POT1",3,0,5,8,37.5,3
"POT1-AS1",3,0,5,8,37.5,3
"POU2F2",3,0,38,41,7.31707317073171,3
"PPBP",3,1,17,21,14.2857142857143,4
"PPCDC",3,1,22,26,11.5384615384615,4
"PPFIBP1",3,0,12,15,20,3
"PPM1L",3,1,30,34,8.82352941176471,4
"PPP1CA",3,0,7,10,30,3
"PPP1R14BP2",3,0,14,17,17.6470588235294,3
"PPP1R3C",3,2,21,26,11.5384615384615,5
"PPP2R5D",3,0,2,5,60,3
"PPP4R1L",3,1,26,30,10,4
"PRDM2",3,0,23,26,11.5384615384615,3
"PREB",3,0,12,15,20,3
"PRELID1",3,0,31,34,8.82352941176471,3
"PRIMPOL",3,0,36,39,7.69230769230769,3
"PRKD3",3,0,12,15,20,3
"PRKRIP1",3,0,28,31,9.67741935483871,3
"PRKRIR",3,0,12,15,20,3
"PROKR1",3,1,6,10,30,4
"PROSC",3,0,16,19,15.7894736842105,3
"PRPF38A",3,1,15,19,15.7894736842105,4
"PRR14L",3,1,13,17,17.6470588235294,4
"PRR19",3,0,25,28,10.7142857142857,3
"PRR5",3,0,14,17,17.6470588235294,3
"PRSS16",3,0,20,23,13.0434782608696,3
"PSMB8",3,1,19,23,13.0434782608696,4
"PSMB9",3,1,25,29,10.3448275862069,4
"PSMD5",3,1,46,50,6,4
"PSMD5-AS1",3,1,46,50,6,4
"PSMD8",3,0,8,11,27.2727272727273,3
"PSTK",3,3,25,31,9.67741935483871,6
"PTGES3P4",3,0,25,28,10.7142857142857,3
"PTPN6",3,3,21,27,11.1111111111111,6
"PTPRH",3,0,6,9,33.3333333333333,3
"PTTG1",3,1,14,18,16.6666666666667,4
"PUS7L",3,3,48,54,5.55555555555556,6
"PVRL4",3,0,17,20,15,3
"PWWP2B",3,1,20,24,12.5,4
"PXN",3,0,20,23,13.0434782608696,3
"QPCT",3,0,17,20,15,3
"QSER1",3,0,14,17,17.6470588235294,3
"RAB22A",3,1,26,30,10,4
"RAB24",3,0,31,34,8.82352941176471,3
"RAB26",3,1,9,13,23.0769230769231,4
"RAB2A",3,4,62,69,4.34782608695652,7
"RAB32",3,2,14,19,15.7894736842105,5
"RAB34",3,0,15,18,16.6666666666667,3
"RAB35",3,0,24,27,11.1111111111111,3
"RAB5B",3,0,11,14,21.4285714285714,3
"RAD50",3,0,14,17,17.6470588235294,3
"RAD9A",3,0,7,10,30,3
"RALA",3,1,14,18,16.6666666666667,4
"RALGPS2",3,5,46,54,5.55555555555556,8
"RARRES1",3,0,17,20,15,3
"RARS",3,3,62,68,4.41176470588235,6
"RASIP1",3,0,3,6,50,3
"RASL11A",3,1,13,17,17.6470588235294,4
"RBKS",3,0,20,23,13.0434782608696,3
"RBM12B",3,6,38,47,6.38297872340426,9
"RBM12B-AS1",3,6,38,47,6.38297872340426,9
"RBM17",3,1,10,14,21.4285714285714,4
"RBM38",3,1,49,53,5.66037735849057,4
"RBM45",3,2,14,19,15.7894736842105,5
"RBM48",3,3,17,23,13.0434782608696,6
"RBM7",3,0,26,29,10.3448275862069,3
"RBPMS2",3,0,4,7,42.8571428571429,3
"RCHY1",3,0,15,18,16.6666666666667,3
"RFC4",3,0,26,29,10.3448275862069,3
"RFT1",3,0,30,33,9.09090909090909,3
"RFWD2",3,3,33,39,7.69230769230769,6
"RGCC",3,2,12,17,17.6470588235294,5
"RGMB",3,2,40,45,6.66666666666667,5
"RGMB-AS1",3,2,36,41,7.31707317073171,5
"RGP1",3,0,6,9,33.3333333333333,3
"RHBG",3,0,15,18,16.6666666666667,3
"RICTOR",3,4,36,43,6.97674418604651,7
"RIOK1",3,1,29,33,9.09090909090909,4
"RITA1",3,0,42,45,6.66666666666667,3
"RMND5B",3,1,12,16,18.75,4
"RN7SL104P",3,0,19,22,13.6363636363636,3
"RN7SL251P",3,0,13,16,18.75,3
"RN7SL312P",3,0,15,18,16.6666666666667,3
"RN7SL36P",3,1,26,30,10,4
"RN7SL491P",3,1,35,39,7.69230769230769,4
"RN7SL651P",3,0,27,30,10,3
"RNA5SP351",3,1,31,35,8.57142857142857,4
"RNASE13",3,0,25,28,10.7142857142857,3
"RNASET2",3,0,33,36,8.33333333333333,3
"RNF115",3,0,22,25,12,3
"RNF122",3,6,44,53,5.66037735849057,9
"RNF157-AS1",3,0,14,17,17.6470588235294,3
"RNF222",3,0,17,20,15,3
"RNF43",3,0,10,13,23.0769230769231,3
"RNMT",3,0,33,36,8.33333333333333,3
"RNPS1",3,0,2,5,60,3
"RNU1-28P",3,1,3,7,42.8571428571429,4
"RNU1-58P",3,0,11,14,21.4285714285714,3
"RNU2-15P",3,0,18,21,14.2857142857143,3
"RNU2-43P",3,0,17,20,15,3
"RNU4",3,0,8,11,27.2727272727273,3
"RNU4-28P",3,0,21,24,12.5,3
"RNU4-41P",3,3,20,26,11.5384615384615,6
"RNU6-1005P",3,3,26,32,9.375,6
"RNU6-1031P",3,0,11,14,21.4285714285714,3
"RNU6-1062P",3,0,26,29,10.3448275862069,3
"RNU6-1177P",3,3,9,15,20,6
"RNU6-1180P",3,0,19,22,13.6363636363636,3
"RNU6-1201P",3,0,8,11,27.2727272727273,3
"RNU6-1238P",3,0,7,10,30,3
"RNU6-1305P",3,0,13,16,18.75,3
"RNU6-1309P",3,0,12,15,20,3
"RNU6-1322P",3,2,37,42,7.14285714285714,5
"RNU6-142P",3,0,22,25,12,3
"RNU6-157P",3,0,5,8,37.5,3
"RNU6-180P",3,0,1,4,75,3
"RNU6-196P",3,3,26,32,9.375,6
"RNU6-254P",3,4,39,46,6.52173913043478,7
"RNU6-260P",3,0,11,14,21.4285714285714,3
"RNU6-292P",3,0,10,13,23.0769230769231,3
"RNU6-360P",3,1,19,23,13.0434782608696,4
"RNU6-369P",3,0,25,28,10.7142857142857,3
"RNU6-423P",3,1,17,21,14.2857142857143,4
"RNU6-428P",3,7,18,28,10.7142857142857,10
"RNU6-430P",3,0,14,17,17.6470588235294,3
"RNU6-456P",3,0,2,5,60,3
"RNU6-501P",3,0,11,14,21.4285714285714,3
"RNU6-511P",3,0,14,17,17.6470588235294,3
"RNU6-532P",3,0,2,5,60,3
"RNU6-541P",3,2,25,30,10,5
"RNU6-57P",3,2,16,21,14.2857142857143,5
"RNU6-594P",3,0,15,18,16.6666666666667,3
"RNU6-640P",3,0,33,36,8.33333333333333,3
"RNU6-664P",3,0,14,17,17.6470588235294,3
"RNU6-665P",3,0,29,32,9.375,3
"RNU6-700P",3,0,17,20,15,3
"RNU6-73P",3,2,21,26,11.5384615384615,5
"RNU6-74P",3,1,7,11,27.2727272727273,4
"RNU6-752P",3,0,56,59,5.08474576271187,3
"RNU6-761P",3,0,10,13,23.0769230769231,3
"RNU6-762P",3,0,28,31,9.67741935483871,3
"RNU6-787P",3,0,13,16,18.75,3
"RNU6-789P",3,3,47,53,5.66037735849057,6
"RNU6-840P",3,2,26,31,9.67741935483871,5
"RNU6-871P",3,1,4,8,37.5,4
"RNU6-883P",3,0,8,11,27.2727272727273,3
"RNU6-906P",3,0,11,14,21.4285714285714,3
"RNU6-913P",3,3,15,21,14.2857142857143,6
"RNU6-921P",3,2,40,45,6.66666666666667,5
"RNU6-928P",3,0,14,17,17.6470588235294,3
"RNU6-933P",3,1,24,28,10.7142857142857,4
"RNU6-979P",3,0,3,6,50,3
"RNU6ATAC38P",3,3,22,28,10.7142857142857,6
"RNU7-109P",3,0,0,3,100,3
"RNU7-120P",3,0,21,24,12.5,3
"RNU7-128P",3,0,5,8,37.5,3
"RNU7-177P",3,0,17,20,15,3
"RNU7-195P",3,0,15,18,16.6666666666667,3
"RNU7-5P",3,0,31,34,8.82352941176471,3
"RNU7-64P",3,0,13,16,18.75,3
"RNU7-77P",3,1,43,47,6.38297872340426,4
"ROM1",3,0,10,13,23.0769230769231,3
"ROMO1",3,0,19,22,13.6363636363636,3
"RP1-100J12.1",3,1,23,27,11.1111111111111,4
"RP1-102K2.6",3,0,2,5,60,3
"RP1-102K2.8",3,0,13,16,18.75,3
"RP1-139D8.6",3,0,12,15,20,3
"RP1-142L7.5",3,1,15,19,15.7894736842105,4
"RP1-151B14.6",3,2,34,39,7.69230769230769,5
"RP1-167A14.2",3,0,43,46,6.52173913043478,3
"RP1-206D15.3",3,1,11,15,20,4
"RP1-257I20.14",3,0,25,28,10.7142857142857,3
"RP1-261G23.7",3,2,35,40,7.5,5
"RP1-28O10.1",3,1,51,55,5.45454545454545,4
"RP1-302G2.5",3,0,24,27,11.1111111111111,3
"RP1-313I6.12",3,0,13,16,18.75,3
"RP1-50O24.6",3,0,15,18,16.6666666666667,3
"RP1-92O14.6",3,0,6,9,33.3333333333333,3
"RP1-93H18.6",3,3,44,50,6,6
"RP11-105N14.1",3,5,38,46,6.52173913043478,8
"RP11-1070N10.3",3,0,13,16,18.75,3
"RP11-1094H24.3",3,0,43,46,6.52173913043478,3
"RP11-109L13.5",3,1,35,39,7.69230769230769,4
"RP11-109P14.10",3,1,19,23,13.0434782608696,4
"RP11-109P14.9",3,0,6,9,33.3333333333333,3
"RP11-111M22.2",3,0,12,15,20,3
"RP11-112J3.15",3,0,6,9,33.3333333333333,3
"RP11-122C5.3",3,1,10,14,21.4285714285714,4
"RP11-141B14.1",3,2,58,63,4.76190476190476,5
"RP11-145E5.5",3,2,42,47,6.38297872340426,5
"RP11-148K1.10",3,0,18,21,14.2857142857143,3
"RP11-151H2.1",3,1,22,26,11.5384615384615,4
"RP11-157P1.4",3,0,26,29,10.3448275862069,3
"RP11-159M11.2",3,0,4,7,42.8571428571429,3
"RP11-163N6.2",3,4,62,69,4.34782608695652,7
"RP11-165J3.6",3,0,13,16,18.75,3
"RP11-166P13.3",3,0,11,14,21.4285714285714,3
"RP11-16N11.2",3,1,30,34,8.82352941176471,4
"RP11-184A2.2",3,5,69,77,3.8961038961039,8
"RP11-187A9.3",3,2,11,16,18.75,5
"RP11-18H7.1",3,2,29,34,8.82352941176471,5
"RP11-190J23.1",3,1,15,19,15.7894736842105,4
"RP11-195C7.1",3,3,33,39,7.69230769230769,6
"RP11-197N18.2",3,0,7,10,30,3
"RP11-203B9.4",3,5,53,61,4.91803278688525,8
"RP11-203F10.5",3,0,8,11,27.2727272727273,3
"RP11-203M5.2",3,0,11,14,21.4285714285714,3
"RP11-203M5.7",3,0,20,23,13.0434782608696,3
"RP11-212D19.4",3,0,26,29,10.3448275862069,3
"RP11-216L13.18",3,0,13,16,18.75,3
"RP11-216L13.19",3,0,13,16,18.75,3
"RP11-219B4.5",3,3,20,26,11.5384615384615,6
"RP11-219O3.2",3,3,19,25,12,6
"RP11-24F11.2",3,0,13,16,18.75,3
"RP11-254B13.4",3,1,30,34,8.82352941176471,4
"RP11-266L9.1",3,0,20,23,13.0434782608696,3
"RP11-274J16.5",3,2,22,27,11.1111111111111,5
"RP11-27I1.4",3,1,33,37,8.10810810810811,4
"RP11-280O1.2",3,0,15,18,16.6666666666667,3
"RP11-283G6.3",3,1,27,31,9.67741935483871,4
"RP11-284F21.10",3,1,21,25,12,4
"RP11-284F21.9",3,1,21,25,12,4
"RP11-286E11.2",3,2,27,32,9.375,5
"RP11-288L9.4",3,1,18,22,13.6363636363636,4
"RP11-293I14.2",3,7,51,61,4.91803278688525,10
"RP11-293M10.6",3,1,45,49,6.12244897959184,4
"RP11-296A18.3",3,1,7,11,27.2727272727273,4
"RP11-297A16.2",3,1,48,52,5.76923076923077,4
"RP11-297K8.2",3,0,8,11,27.2727272727273,3
"RP11-298I3.4",3,0,15,18,16.6666666666667,3
"RP11-298I3.5",3,0,15,18,16.6666666666667,3
"RP11-2E11.10",3,0,21,24,12.5,3
"RP11-2E11.5",3,0,21,24,12.5,3
"RP11-304L19.5",3,1,9,13,23.0769230769231,4
"RP11-306I1.1",3,0,15,18,16.6666666666667,3
"RP11-309L24.2",3,0,8,11,27.2727272727273,3
"RP11-309L24.4",3,0,8,11,27.2727272727273,3
"RP11-309L24.9",3,0,8,11,27.2727272727273,3
"RP11-317J10.2",3,3,27,33,9.09090909090909,6
"RP11-322N21.2",3,0,20,23,13.0434782608696,3
"RP11-331K21.1",3,0,10,13,23.0769230769231,3
"RP11-338I21.1",3,5,62,70,4.28571428571429,8
"RP11-342M1.3",3,0,4,7,42.8571428571429,3
"RP11-346C20.3",3,0,30,33,9.09090909090909,3
"RP11-346C20.4",3,0,30,33,9.09090909090909,3
"RP11-349J5.2",3,4,34,41,7.31707317073171,7
"RP11-34F13.2",3,1,17,21,14.2857142857143,4
"RP11-34F13.3",3,1,17,21,14.2857142857143,4
"RP11-350N15.3",3,0,37,40,7.5,3
"RP11-360I20.2",3,1,15,19,15.7894736842105,4
"RP11-360P21.2",3,4,68,75,4,7
"RP11-363D14.1",3,2,38,43,6.97674418604651,5
"RP11-379F12.3",3,2,12,17,17.6470588235294,5
"RP11-379F12.4",3,2,12,17,17.6470588235294,5
"RP11-379F4.4",3,0,17,20,15,3
"RP11-380D23.1",3,2,25,30,10,5
"RP11-381K20.2",3,0,17,20,15,3
"RP11-383G6.4",3,0,5,8,37.5,3
"RP11-390E23.6",3,4,22,29,10.3448275862069,7
"RP11-403P17.2",3,3,28,34,8.82352941176471,6
"RP11-407N17.3",3,4,17,24,12.5,7
"RP11-414H17.5",3,1,8,12,25,4
"RP11-420K8.1",3,1,24,28,10.7142857142857,4
"RP11-421F16.3",3,1,3,7,42.8571428571429,4
"RP11-422P24.11",3,0,22,25,12,3
"RP11-425D10.10",3,0,22,25,12,3
"RP11-428K3.1",3,5,46,54,5.55555555555556,8
"RP11-429P3.3",3,0,54,57,5.26315789473684,3
"RP11-431M7.3",3,1,56,60,5,4
"RP11-432J24.3",3,0,10,13,23.0769230769231,3
"RP11-433M22.1",3,0,4,7,42.8571428571429,3
"RP11-442H21.2",3,0,22,25,12,3
"RP11-444E17.6",3,0,11,14,21.4285714285714,3
"RP11-449H11.1",3,2,17,22,13.6363636363636,5
"RP11-455J20.3",3,0,16,19,15.7894736842105,3
"RP11-459F6.1",3,0,8,11,27.2727272727273,3
"RP11-463C8.4",3,0,26,29,10.3448275862069,3
"RP11-465L10.10",3,1,23,27,11.1111111111111,4
"RP11-477J21.6",3,0,11,14,21.4285714285714,3
"RP11-486A14.2",3,1,37,41,7.31707317073171,4
"RP11-490M8.1",3,1,51,55,5.45454545454545,4
"RP11-49I4.3",3,2,24,29,10.3448275862069,5
"RP11-500C11.3",3,0,11,14,21.4285714285714,3
"RP11-505P4.6",3,2,28,33,9.09090909090909,5
"RP11-506B6.5",3,1,11,15,20,4
"RP11-514O12.4",3,0,33,36,8.33333333333333,3
"RP11-517H2.6",3,0,43,46,6.52173913043478,3
"RP11-519G16.3",3,0,31,34,8.82352941176471,3
"RP11-52J3.2",3,1,22,26,11.5384615384615,4
"RP11-52M17.1",3,3,20,26,11.5384615384615,6
"RP11-535A19.1",3,0,3,6,50,3
"RP11-542C16.1",3,0,9,12,25,3
"RP11-542C16.2",3,0,21,24,12.5,3
"RP11-544M22.8",3,0,17,20,15,3
"RP11-555M1.3",3,4,37,44,6.81818181818182,7
"RP11-563J2.2",3,0,4,7,42.8571428571429,3
"RP11-573D15.3",3,0,23,26,11.5384615384615,3
"RP11-57A19.2",3,0,22,25,12,3
"RP11-57H14.2",3,0,48,51,5.88235294117647,3
"RP11-580I16.2",3,1,28,32,9.375,4
"RP11-589C21.5",3,1,25,29,10.3448275862069,4
"RP11-589P10.7",3,0,12,15,20,3
"RP11-58E21.5",3,3,46,52,5.76923076923077,6
"RP11-58E21.7",3,3,46,52,5.76923076923077,6
"RP11-603J24.14",3,0,20,23,13.0434782608696,3
"RP11-61E11.1",3,0,28,31,9.67741935483871,3
"RP11-626I20.1",3,1,4,8,37.5,4
"RP11-626I20.2",3,1,4,8,37.5,4
"RP11-638I2.9",3,0,16,19,15.7894736842105,3
"RP11-63K6.7",3,0,32,35,8.57142857142857,3
"RP11-642P15.1",3,1,32,36,8.33333333333333,4
"RP11-651P23.5",3,0,12,15,20,3
"RP11-659E9.2",3,2,30,35,8.57142857142857,5
"RP11-659E9.4",3,1,35,39,7.69230769230769,4
"RP11-664D1.1",3,0,9,12,25,3
"RP11-667K14.3",3,1,33,37,8.10810810810811,4
"RP11-667K14.4",3,1,33,37,8.10810810810811,4
"RP11-671J11.4",3,1,3,7,42.8571428571429,4
"RP11-672A2.3",3,0,4,7,42.8571428571429,3
"RP11-674I16.1",3,0,20,23,13.0434782608696,3
"RP11-674N23.1",3,2,16,21,14.2857142857143,5
"RP11-67L3.2",3,1,18,22,13.6363636363636,4
"RP11-689P11.3",3,0,19,22,13.6363636363636,3
"RP11-68I3.10",3,1,15,19,15.7894736842105,4
"RP11-69L16.4",3,2,34,39,7.69230769230769,5
"RP11-6N17.4",3,0,10,13,23.0769230769231,3
"RP11-700H6.1",3,1,25,29,10.3448275862069,4
"RP11-700H6.2",3,1,25,29,10.3448275862069,4
"RP11-712L6.5",3,1,45,49,6.12244897959184,4
"RP11-712L6.7",3,0,43,46,6.52173913043478,3
"RP11-715G15.1",3,1,12,16,18.75,4
"RP11-727F15.9",3,0,15,18,16.6666666666667,3
"RP11-728F11.3",3,1,48,52,5.76923076923077,4
"RP11-732A19.5",3,0,38,41,7.31707317073171,3
"RP11-73M7.6",3,0,22,25,12,3
"RP11-73M7.9",3,0,17,20,15,3
"RP11-744I24.2",3,0,14,17,17.6470588235294,3
"RP11-74C1.2",3,0,25,28,10.7142857142857,3
"RP11-755B10.2",3,0,6,9,33.3333333333333,3
"RP11-755B10.4",3,1,14,18,16.6666666666667,4
"RP11-77G23.2",3,0,27,30,10,3
"RP11-77G23.5",3,0,24,27,11.1111111111111,3
"RP11-77P6.2",3,3,24,30,10,6
"RP11-78A19.3",3,0,23,26,11.5384615384615,3
"RP11-793H13.11",3,0,30,33,9.09090909090909,3
"RP11-796E2.4",3,4,57,64,4.6875,7
"RP11-7N14.1",3,1,27,31,9.67741935483871,4
"RP11-7O11.3",3,0,12,15,20,3
"RP11-800A3.2",3,0,1,4,75,3
"RP11-804A23.1",3,0,15,18,16.6666666666667,3
"RP11-80G7.1",3,1,30,34,8.82352941176471,4
"RP11-831H9.11",3,0,16,19,15.7894736842105,3
"RP11-839D17.3",3,0,22,25,12,3
"RP11-840I19.3",3,0,19,22,13.6363636363636,3
"RP11-849F2.5",3,0,16,19,15.7894736842105,3
"RP11-849F2.7",3,0,8,11,27.2727272727273,3
"RP11-849H4.4",3,0,20,23,13.0434782608696,3
"RP11-84C13.1",3,1,7,11,27.2727272727273,4
"RP11-863H1.1",3,5,35,43,6.97674418604651,8
"RP11-867O8.5",3,0,9,12,25,3
"RP11-895M11.2",3,1,19,23,13.0434782608696,4
"RP11-895M11.3",3,1,19,23,13.0434782608696,4
"RP11-90L20.2",3,0,11,14,21.4285714285714,3
"RP11-90P5.7",3,0,46,49,6.12244897959184,3
"RP11-94C24.8",3,0,25,28,10.7142857142857,3
"RP11-96D1.11",3,1,19,23,13.0434782608696,4
"RP11-96D1.6",3,1,19,23,13.0434782608696,4
"RP11-973D8.4",3,0,11,14,21.4285714285714,3
"RP11-977G19.11",3,0,11,14,21.4285714285714,3
"RP11-977G19.12",3,0,21,24,12.5,3
"RP11-97N19.2",3,0,15,18,16.6666666666667,3
"RP11-98I9.4",3,1,6,10,30,4
"RP11-998D10.1",3,0,25,28,10.7142857142857,3
"RP13-143G15.4",3,1,7,11,27.2727272727273,4
"RP13-30A9.1",3,0,31,34,8.82352941176471,3
"RP13-30A9.2",3,0,31,34,8.82352941176471,3
"RP13-516M14.2",3,0,17,20,15,3
"RP13-650J16.1",3,0,19,22,13.6363636363636,3
"RP3-323N1.2",3,2,50,55,5.45454545454545,5
"RP3-402G11.26",3,0,2,5,60,3
"RP3-402G11.27",3,0,2,5,60,3
"RP3-402G11.28",3,0,2,5,60,3
"RP3-414A15.11",3,2,17,22,13.6363636363636,5
"RP3-414A15.2",3,2,17,22,13.6363636363636,5
"RP3-467N11.1",3,3,19,25,12,6
"RP3-496C20.1",3,0,23,26,11.5384615384615,3
"RP3-512E2.2",3,0,37,40,7.5,3
"RP3-521E19.2",3,0,9,12,25,3
"RP4-530I15.9",3,1,26,30,10,4
"RP4-593H12.1",3,2,10,15,20,5
"RP4-665N4.4",3,0,11,14,21.4285714285714,3
"RP4-677H15.4",3,4,54,61,4.91803278688525,7
"RP4-706G24.1",3,0,16,19,15.7894736842105,3
"RP4-761J14.9",3,3,23,29,10.3448275862069,6
"RP4-796I17.5",3,0,13,16,18.75,3
"RP4-800F24.1",3,0,24,27,11.1111111111111,3
"RP4-800J21.3",3,1,49,53,5.66037735849057,4
"RP4-803J11.2",3,0,3,6,50,3
"RP5-1096J16.1",3,0,4,7,42.8571428571429,3
"RP5-1160K1.8",3,0,44,47,6.38297872340426,3
"RP5-827C21.4",3,0,4,7,42.8571428571429,3
"RP5-827C21.6",3,0,4,7,42.8571428571429,3
"RP5-864K19.4",3,1,18,22,13.6363636363636,4
"RP5-882O7.4",3,1,19,23,13.0434782608696,4
"RP5-902P8.10",3,0,19,22,13.6363636363636,3
"RP5-919F19.5",3,0,7,10,30,3
"RP5-940J5.6",3,1,20,24,12.5,4
"RP5-956O18.2",3,0,6,9,33.3333333333333,3
"RP5-956O18.3",3,1,12,16,18.75,4
"RP5-966M1.6",3,0,8,11,27.2727272727273,3
"RP5-997D16.2",3,0,10,13,23.0769230769231,3
"RPF2",3,0,13,16,18.75,3
"RPGRIP1L",3,0,6,9,33.3333333333333,3
"RPL13P5",3,3,27,33,9.09090909090909,6
"RPL17P46",3,1,9,13,23.0769230769231,4
"RPL26",3,0,8,11,27.2727272727273,3
"RPL39P",3,1,30,34,8.82352941176471,4
"RPL7L1",3,0,8,11,27.2727272727273,3
"RPP25",3,0,13,16,18.75,3
"RPP38",3,1,31,35,8.57142857142857,4
"RPP40",3,1,20,24,12.5,4
"RPPH1",3,0,11,14,21.4285714285714,3
"RPS19P3",3,1,3,7,42.8571428571429,4
"RPS26P52",3,2,42,47,6.38297872340426,5
"RPS6KA5",3,1,17,21,14.2857142857143,4
"RPS9",3,0,14,17,17.6470588235294,3
"RPSA",3,1,21,25,12,4
"RPUSD3",3,0,27,30,10,3
"RRAGC",3,1,18,22,13.6363636363636,4
"RRM2",3,0,40,43,6.97674418604651,3
"RWDD4",3,0,15,18,16.6666666666667,3
"RYK",3,2,21,26,11.5384615384615,5
"S100Z",3,0,0,3,100,3
"SAE1",3,0,9,12,25,3
"SAMD15",3,0,30,33,9.09090909090909,3
"SAMD4A",3,1,32,36,8.33333333333333,4
"SAMD8",3,0,9,12,25,3
"SAMM50",3,1,18,22,13.6363636363636,4
"SAMSN1-AS1",3,0,20,23,13.0434782608696,3
"SAP18",3,3,32,38,7.89473684210526,6
"SAPCD1",3,0,14,17,17.6470588235294,3
"SAPCD1-AS1",3,0,14,17,17.6470588235294,3
"SART3",3,1,18,22,13.6363636363636,4
"SATB1",3,2,20,25,12,5
"SBK1",3,0,22,25,12,3
"SBSN",3,2,20,25,12,5
"SCAMP5",3,0,16,19,15.7894736842105,3
"SCARNA11",3,1,20,24,12.5,4
"SCARNA11.3",3,0,23,26,11.5384615384615,3
"SCARNA12",3,3,21,27,11.1111111111111,6
"SCARNA15",3,2,13,18,16.6666666666667,5
"SCARNA5",3,1,41,45,6.66666666666667,4
"SCRN3",3,0,3,6,50,3
"SDCCAG8",3,2,32,37,8.10810810810811,5
"SEC24B",3,1,27,31,9.67741935483871,4
"SEC24B-AS1",3,1,27,31,9.67741935483871,4
"SECISBP2L",3,2,20,25,12,5
"SEL1L",3,2,35,40,7.5,5
"SELO",3,0,2,5,60,3
"SEMA4A",3,0,19,22,13.6363636363636,3
"SENP1",3,1,15,19,15.7894736842105,4
"SENP3",3,0,4,7,42.8571428571429,3
"SENP7",3,0,16,19,15.7894736842105,3
"SEPT2",3,0,22,25,12,3
"SERINC5",3,0,26,29,10.3448275862069,3
"SF3A2",3,0,10,13,23.0769230769231,3
"SF3B1",3,3,82,88,3.40909090909091,6
"SF3B14",3,4,11,18,16.6666666666667,7
"SFMBT2",3,0,29,32,9.375,3
"SFN",3,0,11,14,21.4285714285714,3
"SFR1",3,2,48,53,5.66037735849057,5
"SFT2D1",3,1,25,29,10.3448275862069,4
"SFTPB",3,0,22,25,12,3
"SFTPC",3,0,6,9,33.3333333333333,3
"SGTB",3,3,27,33,9.09090909090909,6
"SH2B2",3,0,31,34,8.82352941176471,3
"SH2D7",3,1,15,19,15.7894736842105,4
"SH3RF2",3,1,12,16,18.75,4
"SHQ1",3,1,28,32,9.375,4
"SIAH2",3,1,31,35,8.57142857142857,4
"SIAH2-AS1",3,1,31,35,8.57142857142857,4
"SIGLEC10",3,0,5,8,37.5,3
"SIK3",3,2,38,43,6.97674418604651,5
"SIRT4",3,0,14,17,17.6470588235294,3
"SIX4",3,1,17,21,14.2857142857143,4
"SKOR1",3,1,17,21,14.2857142857143,4
"SLAMF6",3,0,41,44,6.81818181818182,3
"SLC12A5",3,1,23,27,11.1111111111111,4
"SLC12A6",3,3,28,34,8.82352941176471,6
"SLC15A4",3,3,43,49,6.12244897959184,6
"SLC16A12",3,1,19,23,13.0434782608696,4
"SLC16A3",3,0,17,20,15,3
"SLC22A15",3,0,5,8,37.5,3
"SLC24A3",3,0,15,18,16.6666666666667,3
"SLC25A36",3,0,16,19,15.7894736842105,3
"SLC25A48",3,0,6,9,33.3333333333333,3
"SLC25A51",3,0,55,58,5.17241379310345,3
"SLC28A1",3,1,13,17,17.6470588235294,4
"SLC29A1",3,0,24,27,11.1111111111111,3
"SLC2A1",3,0,4,7,42.8571428571429,3
"SLC2A1-AS1",3,0,4,7,42.8571428571429,3
"SLC31A1",3,1,5,9,33.3333333333333,4
"SLC35A5",3,0,37,40,7.5,3
"SLC35B2",3,0,17,20,15,3
"SLC35B3",3,0,3,6,50,3
"SLC39A10",3,0,15,18,16.6666666666667,3
"SLC39A13",3,0,22,25,12,3
"SLC5A6",3,0,24,27,11.1111111111111,3
"SLC8B1",3,0,22,25,12,3
"SLC9A2",3,0,16,19,15.7894736842105,3
"SLC9A9-AS1",3,1,28,32,9.375,4
"SLC9B1",3,2,52,57,5.26315789473684,5
"SLK",3,4,52,59,5.08474576271187,7
"SLMO2",3,2,33,38,7.89473684210526,5
"SLU7",3,1,14,18,16.6666666666667,4
"SLX4IP",3,6,60,69,4.34782608695652,9
"SMAD6",3,0,14,17,17.6470588235294,3
"SMARCA2",3,0,18,21,14.2857142857143,3
"SMIM12",3,0,11,14,21.4285714285714,3
"SMIM13",3,0,11,14,21.4285714285714,3
"SMTNL1",3,0,14,17,17.6470588235294,3
"SNAI2",3,6,50,59,5.08474576271187,9
"SNAP25-AS1",3,4,39,46,6.52173913043478,7
"SNORA25.6",3,2,16,21,14.2857142857143,5
"SNORA26.1",3,2,26,31,9.67741935483871,5
"SNORA26.6",3,0,28,31,9.67741935483871,3
"SNORA40.21",3,0,14,17,17.6470588235294,3
"SNORA41",3,1,44,48,6.25,4
"SNORA48.11",3,0,8,11,27.2727272727273,3
"SNORA51.1",3,0,2,5,60,3
"SNORA51.2",3,2,16,21,14.2857142857143,5
"SNORA57",3,0,16,19,15.7894736842105,3
"SNORA6",3,1,21,25,12,4
"SNORA64.4",3,0,29,32,9.375,3
"SNORA70.21",3,2,36,41,7.31707317073171,5
"SNORA70G",3,1,30,34,8.82352941176471,4
"SNORA8.1",3,1,14,18,16.6666666666667,4
"SNORD112.1",3,2,22,27,11.1111111111111,5
"SNORD112.19",3,0,32,35,8.57142857142857,3
"SNORD112.40",3,2,21,26,11.5384615384615,5
"SNORD12",3,0,12,15,20,3
"SNORD12B",3,0,12,15,20,3
"SNORD14E",3,0,53,56,5.35714285714286,3
"SNORD18.1",3,1,12,16,18.75,4
"SNORD2",3,1,25,29,10.3448275862069,4
"SNORD58C",3,0,11,14,21.4285714285714,3
"SNORD60",3,1,9,13,23.0769230769231,4
"SNORD74.2",3,0,12,15,20,3
"SNORD97",3,1,26,30,10,4
"snoU13.10",3,2,16,21,14.2857142857143,5
"snoU13.161",3,1,7,11,27.2727272727273,4
"snoU13.2",3,0,14,17,17.6470588235294,3
"snoU13.238",3,2,20,25,12,5
"snoU13.256",3,3,35,41,7.31707317073171,6
"snoU13.258",3,0,18,21,14.2857142857143,3
"snoU13.271",3,2,34,39,7.69230769230769,5
"snoU13.28",3,0,23,26,11.5384615384615,3
"snoU13.296",3,1,25,29,10.3448275862069,4
"snoU13.402",3,0,24,27,11.1111111111111,3
"snoU13.418",3,0,11,14,21.4285714285714,3
"snoU13.433",3,1,49,53,5.66037735849057,4
"snoU13.471",3,0,9,12,25,3
"snoU13.84",3,1,24,28,10.7142857142857,4
"snoU13.85",3,0,4,7,42.8571428571429,3
"SNRPA",3,0,15,18,16.6666666666667,3
"SNRPB",3,0,4,7,42.8571428571429,3
"SNRPGP7",3,0,16,19,15.7894736842105,3
"SNX20",3,0,50,53,5.66037735849057,3
"SOGA2",3,2,16,21,14.2857142857143,5
"SOS2",3,1,33,37,8.10810810810811,4
"SOWAHA",3,0,16,19,15.7894736842105,3
"SOX2",3,0,14,17,17.6470588235294,3
"SP110",3,4,49,56,5.35714285714286,7
"SP2",3,0,10,13,23.0769230769231,3
"SPAG1",3,0,26,29,10.3448275862069,3
"SPATA20",3,0,25,28,10.7142857142857,3
"SPATA21",3,0,11,14,21.4285714285714,3
"SPINK14",3,1,26,30,10,4
"SPINK2",3,1,16,20,15,4
"SPIRE1",3,1,21,25,12,4
"SPOCK2",3,0,14,17,17.6470588235294,3
"SPRED2",3,0,31,34,8.82352941176471,3
"SPSB2",3,3,28,34,8.82352941176471,6
"SPZ1",3,0,8,11,27.2727272727273,3
"SRA1",3,2,10,15,20,5
"SRD5A1",3,1,35,39,7.69230769230769,4
"SRP68",3,0,16,19,15.7894736842105,3
"SRPR",3,3,52,58,5.17241379310345,6
"SRRM1",3,1,19,23,13.0434782608696,4
"SRSF1",3,0,16,19,15.7894736842105,3
"SSBP4",3,0,6,9,33.3333333333333,3
"SSH2",3,1,15,19,15.7894736842105,4
"SSR3",3,1,45,49,6.12244897959184,4
"SSTR4",3,1,21,25,12,4
"ST18",3,0,14,17,17.6470588235294,3
"ST3GAL3",3,0,13,16,18.75,3
"ST3GAL4",3,0,24,27,11.1111111111111,3
"ST3GAL5",3,0,12,15,20,3
"STAMBPL1",3,0,11,14,21.4285714285714,3
"STAP1",3,2,24,29,10.3448275862069,5
"STARD10",3,0,16,19,15.7894736842105,3
"STK16",3,0,13,16,18.75,3
"STK36",3,0,33,36,8.33333333333333,3
"STK38L",3,2,27,32,9.375,5
"STOML1",3,0,16,19,15.7894736842105,3
"STRAP",3,2,17,22,13.6363636363636,5
"STRN4",3,0,15,18,16.6666666666667,3
"STX5",3,0,15,18,16.6666666666667,3
"SUCO",3,2,28,33,9.09090909090909,5
"SUOX",3,0,12,15,20,3
"SUSD3",3,3,25,31,9.67741935483871,6
"SYCE1L",3,2,66,71,4.22535211267606,5
"SYCP3",3,2,27,32,9.375,5
"SYNGR4",3,0,4,7,42.8571428571429,3
"SYTL2",3,2,46,51,5.88235294117647,5
"TAGLN2",3,0,16,19,15.7894736842105,3
"TANK",3,1,40,44,6.81818181818182,4
"TAP2",3,1,18,22,13.6363636363636,4
"TAPSAR1",3,1,19,23,13.0434782608696,4
"TARBP2",3,0,30,33,9.09090909090909,3
"TAS1R1",3,0,12,15,20,3
"TAX1BP1",3,0,14,17,17.6470588235294,3
"TBC1D10C",3,0,7,10,30,3
"TBC1D2B",3,1,15,19,15.7894736842105,4
"TBC1D5",3,2,20,25,12,5
"TBPL1",3,0,13,16,18.75,3
"TCF7L2",3,0,48,51,5.88235294117647,3
"TCP11L1",3,1,3,7,42.8571428571429,4
"TCP11L2",3,1,22,26,11.5384615384615,4
"TCTEX1D4",3,0,12,15,20,3
"TEDDM1",3,0,33,36,8.33333333333333,3
"TEKT2",3,0,11,14,21.4285714285714,3
"TESK2",3,0,27,30,10,3
"TEX12",3,0,15,18,16.6666666666667,3
"TEX2",3,0,13,16,18.75,3
"TEX30",3,1,25,29,10.3448275862069,4
"TFEC",3,1,22,26,11.5384615384615,4
"TFF3",3,0,6,9,33.3333333333333,3
"TFIP11",3,0,11,14,21.4285714285714,3
"TGFB3",3,0,8,11,27.2727272727273,3
"THAP3",3,2,19,24,12.5,5
"THPO",3,1,16,20,15,4
"THYN1",3,6,74,83,3.6144578313253,9
"TIAL1",3,1,48,52,5.76923076923077,4
"TIGD2",3,1,7,11,27.2727272727273,4
"TIGD3",3,0,17,20,15,3
"TIPARP",3,0,43,46,6.52173913043478,3
"TIPARP-AS1",3,0,43,46,6.52173913043478,3
"TIRAP",3,0,43,46,6.52173913043478,3
"TLDC1",3,0,20,23,13.0434782608696,3
"TLE4",3,0,35,38,7.89473684210526,3
"TLR1",3,0,14,17,17.6470588235294,3
"TLR6",3,0,14,17,17.6470588235294,3
"TM6SF2",3,1,21,25,12,4
"TMA16",3,0,10,13,23.0769230769231,3
"TMC3",3,0,5,8,37.5,3
"TMED4",3,3,21,27,11.1111111111111,6
"TMED8",3,0,30,33,9.09090909090909,3
"TMEM110",3,2,31,36,8.33333333333333,5
"TMEM110-MUSTN1",3,2,31,36,8.33333333333333,5
"TMEM114",3,0,61,64,4.6875,3
"TMEM126A",3,2,23,28,10.7142857142857,5
"TMEM143",3,0,5,8,37.5,3
"TMEM151B",3,0,11,14,21.4285714285714,3
"TMEM168",3,1,13,17,17.6470588235294,4
"TMEM17",3,0,1,4,75,3
"TMEM175",3,0,11,14,21.4285714285714,3
"TMEM177",3,0,20,23,13.0434782608696,3
"TMEM183A",3,0,4,7,42.8571428571429,3
"TMEM212",3,2,28,33,9.09090909090909,5
"TMEM230",3,1,29,33,9.09090909090909,4
"TMEM241",3,1,14,18,16.6666666666667,4
"TMEM256",3,0,11,14,21.4285714285714,3
"TMEM256-PLSCR3",3,0,11,14,21.4285714285714,3
"TMEM39A",3,1,33,37,8.10810810810811,4
"TMEM63B",3,1,21,25,12,4
"TMEM95",3,0,9,12,25,3
"TMPPE",3,0,19,22,13.6363636363636,3
"TMPRSS13",3,0,20,23,13.0434782608696,3
"TMTC4",3,2,31,36,8.33333333333333,5
"TMX3",3,4,39,46,6.52173913043478,7
"TNFSF10",3,0,13,16,18.75,3
"TNFSF13",3,0,3,6,50,3
"TNRC6B",3,0,23,26,11.5384615384615,3
"TOMM7",3,1,11,15,20,4
"TOMM70A",3,1,19,23,13.0434782608696,4
"TOP2B",3,4,38,45,6.66666666666667,7
"TPI1",3,3,27,33,9.09090909090909,6
"TPPP2",3,0,25,28,10.7142857142857,3
"TPT1",3,1,10,14,21.4285714285714,4
"TRA2B",3,1,44,48,6.25,4
"TRAF7",3,0,10,13,23.0769230769231,3
"TRAPPC11",3,1,16,20,15,4
"TRAPPC13",3,1,27,31,9.67741935483871,4
"TRIB1",3,3,69,75,4,6
"TRIM23",3,1,27,31,9.67741935483871,4
"TRIM3",3,0,15,18,16.6666666666667,3
"TRIM41",3,0,12,15,20,3
"TRIM44",3,3,17,23,13.0434782608696,6
"TRIM46",3,0,3,6,50,3
"TRIM7",3,0,13,16,18.75,3
"TRMT1",3,1,10,14,21.4285714285714,4
"TRMT11",3,4,28,35,8.57142857142857,7
"TRMT44",3,0,19,22,13.6363636363636,3
"TRMT6",3,0,43,46,6.52173913043478,3
"TSACC",3,0,4,7,42.8571428571429,3
"TSPAN3",3,1,18,22,13.6363636363636,4
"TSPEAR-AS1",3,0,13,16,18.75,3
"TSSK4",3,2,43,48,6.25,5
"TTC12",3,0,22,25,12,3
"TTC21B",3,0,11,14,21.4285714285714,3
"TTC22",3,1,20,24,12.5,4
"TTC30A",3,0,9,12,25,3
"TTC38",3,0,16,19,15.7894736842105,3
"TTC5",3,0,17,20,15,3
"TUBGCP6",3,0,4,7,42.8571428571429,3
"TULP2",3,0,9,12,25,3
"TWF1",3,4,46,53,5.66037735849057,7
"TXNL4B",3,1,42,46,6.52173913043478,4
"TXNRD3",3,0,16,19,15.7894736842105,3
"U3.12",3,0,4,7,42.8571428571429,3
"U3.3",3,0,3,6,50,3
"U47924.27",3,3,21,27,11.1111111111111,6
"U47924.29",3,3,21,27,11.1111111111111,6
"UBA6",3,0,8,11,27.2727272727273,3
"UBA6-AS1",3,0,8,11,27.2727272727273,3
"UBE2C",3,0,13,16,18.75,3
"UBE2D3P3",3,1,12,16,18.75,4
"UBE2E2",3,1,33,37,8.10810810810811,4
"UBE2E2-AS1",3,0,0,3,100,3
"UBE2J2",3,0,19,22,13.6363636363636,3
"UBE4A",3,1,11,15,20,4
"UBN1",3,1,48,52,5.76923076923077,4
"UBR2",3,0,16,19,15.7894736842105,3
"UBXN2A",3,2,29,34,8.82352941176471,5
"UCK2",3,0,27,30,10,3
"UFC1",3,0,8,11,27.2727272727273,3
"UFD1L",3,0,25,28,10.7142857142857,3
"UNC45A",3,0,11,14,21.4285714285714,3
"UNC45B",3,4,17,24,12.5,7
"UNC50",3,0,26,29,10.3448275862069,3
"UPK2",3,0,25,28,10.7142857142857,3
"UQCRB",3,0,16,19,15.7894736842105,3
"UROC1",3,0,13,16,18.75,3
"USF1",3,0,18,21,14.2857142857143,3
"USF2",3,0,35,38,7.89473684210526,3
"USO1",3,1,22,26,11.5384615384615,4
"USP12-AS1",3,1,11,15,20,4
"USP16",3,1,23,27,11.1111111111111,4
"USP21",3,0,8,11,27.2727272727273,3
"USP22",3,2,29,34,8.82352941176471,5
"USP3-AS1",3,1,22,26,11.5384615384615,4
"USP54",3,0,14,17,17.6470588235294,3
"UXS1",3,0,42,45,6.66666666666667,3
"VAMP8",3,0,13,16,18.75,3
"VCAM1",3,0,3,6,50,3
"VEGFA",3,2,35,40,7.5,5
"VEZF1",3,0,18,21,14.2857142857143,3
"VIL1",3,0,20,23,13.0434782608696,3
"VNN2",3,1,39,43,6.97674418604651,4
"VPS35",3,1,34,38,7.89473684210526,4
"VWA7",3,0,16,19,15.7894736842105,3
"WAPAL",3,3,24,30,10,6
"WASF1",3,1,6,10,30,4
"WASL",3,4,22,29,10.3448275862069,7
"WDR4",3,0,2,5,60,3
"WDR73",3,1,28,32,9.375,4
"WDR81",3,0,17,20,15,3
"WIPI1",3,0,33,36,8.33333333333333,3
"WNK1",3,0,22,25,12,3
"XPC",3,0,15,18,16.6666666666667,3
"XPNPEP1",3,2,40,45,6.66666666666667,5
"XRCC2",3,2,16,21,14.2857142857143,5
"XRCC5",3,2,73,78,3.84615384615385,5
"XRN1",3,0,5,8,37.5,3
"XXbac-B476C20.11",3,1,47,51,5.88235294117647,4
"XXbac-B476C20.9",3,1,47,51,5.88235294117647,4
"XXbac-BPG249D20.9",3,1,21,25,12,4
"XXYLT1-AS2",3,1,26,30,10,4
"Y_RNA.129",3,0,27,30,10,3
"Y_RNA.201",3,0,14,17,17.6470588235294,3
"Y_RNA.248",3,0,13,16,18.75,3
"Y_RNA.249",3,0,42,45,6.66666666666667,3
"Y_RNA.297",3,0,2,5,60,3
"Y_RNA.325",3,1,17,21,14.2857142857143,4
"Y_RNA.389",3,0,26,29,10.3448275862069,3
"Y_RNA.399",3,0,17,20,15,3
"Y_RNA.540",3,1,10,14,21.4285714285714,4
"Y_RNA.588",3,0,12,15,20,3
"Y_RNA.665",3,0,22,25,12,3
"Y_RNA.728",3,1,16,20,15,4
"YAE1D1",3,1,13,17,17.6470588235294,4
"YEATS2",3,0,17,20,15,3
"YIPF5",3,1,30,34,8.82352941176471,4
"YWHAH",3,0,25,28,10.7142857142857,3
"Z84488.1",3,3,44,50,6,6
"ZACN",3,0,16,19,15.7894736842105,3
"ZBTB14",3,0,21,24,12.5,3
"ZBTB20",3,6,39,48,6.25,9
"ZBTB38",3,0,20,23,13.0434782608696,3
"ZC3H12D",3,0,24,27,11.1111111111111,3
"ZCCHC2",3,1,21,25,12,4
"ZDHHC14",3,1,15,19,15.7894736842105,4
"ZEB2",3,2,35,40,7.5,5
"ZFAND4",3,4,27,34,8.82352941176471,7
"ZFAND5",3,4,31,38,7.89473684210526,7
"ZFAT",3,1,31,35,8.57142857142857,4
"ZFHX3",3,0,30,33,9.09090909090909,3
"ZFP36L1",3,2,51,56,5.35714285714286,5
"ZFPM1",3,0,6,9,33.3333333333333,3
"ZIK1",3,2,11,16,18.75,5
"ZKSCAN2",3,0,13,16,18.75,3
"ZKSCAN4",3,0,12,15,20,3
"ZNF134",3,2,30,35,8.57142857142857,5
"ZNF146",3,1,6,10,30,4
"ZNF165",3,0,13,16,18.75,3
"ZNF331",3,0,13,16,18.75,3
"ZNF362",3,2,23,28,10.7142857142857,5
"ZNF383",3,0,16,19,15.7894736842105,3
"ZNF396",3,0,6,9,33.3333333333333,3
"ZNF438",3,0,14,17,17.6470588235294,3
"ZNF451",3,3,35,41,7.31707317073171,6
"ZNF48",3,1,14,18,16.6666666666667,4
"ZNF526",3,0,32,35,8.57142857142857,3
"ZNF540",3,0,8,11,27.2727272727273,3
"ZNF565",3,1,7,11,27.2727272727273,4
"ZNF580",3,0,8,11,27.2727272727273,3
"ZNF581",3,0,8,11,27.2727272727273,3
"ZNF613",3,1,9,13,23.0769230769231,4
"ZNF623",3,0,0,3,100,3
"ZNF671",3,2,13,18,16.6666666666667,5
"ZNF691",3,0,4,7,42.8571428571429,3
"ZNF783",3,2,47,52,5.76923076923077,5
"ZNF784",3,0,7,10,30,3
"ZNF793",3,1,14,18,16.6666666666667,4
"ZNF830",3,1,8,12,25,4
"ZNF839",3,0,9,12,25,3
"ZSCAN12",3,1,11,15,20,4
"AATF",2,1,2,5,40,3
"ABCA5",2,1,20,23,8.69565217391304,3
"ABCC1",2,2,16,20,10,4
"ABCC10",2,0,1,3,66.6666666666667,2
"ABCC3",2,0,18,20,10,2
"ABCD2",2,2,13,17,11.7647058823529,4
"ABCD3",2,3,18,23,8.69565217391304,5
"ABCG1",2,0,8,10,20,2
"ABHD15",2,0,3,5,40,2
"ABI1",2,1,19,22,9.09090909090909,3
"ABRACL",2,1,5,8,25,3
"AC000123.4",2,0,9,11,18.1818181818182,2
"AC003986.7",2,0,2,4,50,2
"AC004069.1",2,0,21,23,8.69565217391304,2
"AC004706.1",2,0,13,15,13.3333333333333,2
"AC004837.4",2,0,5,7,28.5714285714286,2
"AC004917.1",2,1,21,24,8.33333333333333,3
"AC005154.6",2,1,46,49,4.08163265306122,3
"AC005215.1",2,1,18,21,9.52380952380952,3
"AC005609.1",2,0,18,20,10,2
"AC005682.5",2,2,14,18,11.1111111111111,4
"AC005776.1",2,0,7,9,22.2222222222222,2
"AC005789.11",2,0,18,20,10,2
"AC005932.1",2,0,16,18,11.1111111111111,2
"AC006369.2",2,0,17,19,10.5263157894737,2
"AC006372.1",2,0,32,34,5.88235294117647,2
"AC006946.15",2,0,12,14,14.2857142857143,2
"AC007009.1",2,0,12,14,14.2857142857143,2
"AC007041.1",2,4,75,81,2.46913580246914,6
"AC007096.1",2,0,5,7,28.5714285714286,2
"AC007128.1",2,0,12,14,14.2857142857143,2
"AC007216.1",2,0,14,16,12.5,2
"AC007365.2",2,0,15,17,11.7647058823529,2
"AC007401.2",2,0,15,17,11.7647058823529,2
"AC007556.3",2,1,7,10,20,3
"AC007750.5",2,1,7,10,20,3
"AC008060.7",2,1,17,20,10,3
"AC008277.1",2,1,14,17,11.7647058823529,3
"AC008697.1",2,0,10,12,16.6666666666667,2
"AC009061.1",2,0,9,11,18.1818181818182,2
"AC009065.2",2,0,1,3,66.6666666666667,2
"AC009065.3",2,0,3,5,40,2
"AC009473.1",2,5,36,43,4.65116279069767,7
"AC009950.2",2,3,35,40,5,5
"AC010247.1",2,0,28,30,6.66666666666667,2
"AC010376.1",2,0,5,7,28.5714285714286,2
"AC010746.3",2,0,42,44,4.54545454545455,2
"AC010761.6",2,0,10,12,16.6666666666667,2
"AC010884.1",2,1,14,17,11.7647058823529,3
"AC010930.1",2,0,9,11,18.1818181818182,2
"AC011475.1",2,0,3,5,40,2
"AC012358.7",2,1,20,23,8.69565217391304,3
"AC012487.2",2,0,19,21,9.52380952380952,2
"AC012594.1",2,0,11,13,15.3846153846154,2
"AC015923.1",2,3,30,35,5.71428571428571,5
"AC016712.1",2,2,16,20,10,4
"AC016757.3",2,0,16,18,11.1111111111111,2
"AC017104.2",2,2,32,36,5.55555555555556,4
"AC018867.1",2,3,30,35,5.71428571428571,5
"AC018878.3",2,0,32,34,5.88235294117647,2
"AC019048.1",2,0,17,19,10.5263157894737,2
"AC019100.3",2,0,9,11,18.1818181818182,2
"AC019131.1",2,6,41,49,4.08163265306122,8
"AC019181.2",2,0,6,8,25,2
"AC019181.3",2,1,3,6,33.3333333333333,3
"AC020743.2",2,0,52,54,3.7037037037037,2
"AC020922.1",2,0,12,14,14.2857142857143,2
"AC021016.6",2,0,3,5,40,2
"AC021016.8",2,0,3,5,40,2
"AC023818.1",2,1,5,8,25,3
"AC025442.3",2,0,15,17,11.7647058823529,2
"AC025594.1",2,0,3,5,40,2
"AC025678.1",2,3,12,17,11.7647058823529,5
"AC026806.2",2,0,7,9,22.2222222222222,2
"AC027281.1",2,2,40,44,4.54545454545455,4
"AC034243.1",2,0,16,18,11.1111111111111,2
"AC040162.1",2,0,21,23,8.69565217391304,2
"AC064874.1",2,0,10,12,16.6666666666667,2
"AC068039.4",2,0,0,2,100,2
"AC073072.5",2,0,20,22,9.09090909090909,2
"AC074212.5",2,0,1,3,66.6666666666667,2
"AC074212.6",2,0,1,3,66.6666666666667,2
"AC074323.1",2,1,8,11,18.1818181818182,3
"AC079467.1",2,0,3,5,40,2
"AC080032.1",2,1,10,13,15.3846153846154,3
"AC080037.1",2,0,20,22,9.09090909090909,2
"AC087269.1",2,0,29,31,6.45161290322581,2
"AC091132.2",2,0,13,15,13.3333333333333,2
"AC091814.3",2,0,19,21,9.52380952380952,2
"AC093162.1",2,1,10,13,15.3846153846154,3
"AC093323.1",2,0,22,24,8.33333333333333,2
"AC093865.1",2,1,20,23,8.69565217391304,3
"AC096574.4",2,0,16,18,11.1111111111111,2
"AC096649.4",2,1,2,5,40,3
"AC096664.3",2,0,16,18,11.1111111111111,2
"AC097467.2",2,1,17,20,10,3
"AC097658.1",2,4,27,33,6.06060606060606,6
"AC098680.1",2,1,10,13,15.3846153846154,3
"AC099539.1",2,1,0,3,66.6666666666667,3
"AC099757.1",2,0,8,10,20,2
"AC100832.1",2,1,11,14,14.2857142857143,3
"AC102953.6",2,0,9,11,18.1818181818182,2
"AC103686.1",2,2,37,41,4.8780487804878,4
"AC104012.1",2,2,22,26,7.69230769230769,4
"AC104655.2",2,0,11,13,15.3846153846154,2
"AC104781.1",2,0,0,2,100,2
"AC105402.1",2,0,4,6,33.3333333333333,2
"AC105402.4",2,0,4,6,33.3333333333333,2
"AC110769.1",2,0,12,14,14.2857142857143,2
"AC112198.2",2,1,19,22,9.09090909090909,3
"AC112721.1",2,1,23,26,7.69230769230769,3
"AC114760.1",2,1,6,9,22.2222222222222,3
"AC130689.1",2,0,8,10,20,2
"AC131025.8",2,0,4,6,33.3333333333333,2
"AC135048.1",2,0,22,24,8.33333333333333,2
"AC135050.1",2,0,6,8,25,2
"AC135050.5",2,0,14,16,12.5,2
"AC135178.1",2,0,8,10,20,2
"AC144449.1",2,2,36,40,5,4
"ACAA2",2,0,11,13,15.3846153846154,2
"ACAD9",2,0,2,4,50,2
"ACADM",2,4,40,46,4.34782608695652,6
"ACADS",2,0,10,12,16.6666666666667,2
"ACAT2",2,1,36,39,5.12820512820513,3
"ACBD4",2,0,12,14,14.2857142857143,2
"ACO2",2,0,11,13,15.3846153846154,2
"ACOX2",2,0,23,25,8,2
"ACP2",2,0,0,2,100,2
"ACP6",2,2,49,53,3.77358490566038,4
"ACSF2",2,0,7,9,22.2222222222222,2
"ACSL1",2,0,30,32,6.25,2
"ACSM3",2,0,7,9,22.2222222222222,2
"ACSS1",2,0,21,23,8.69565217391304,2
"ACTA2-AS1",2,0,16,18,11.1111111111111,2
"ACTN1",2,0,10,12,16.6666666666667,2
"ACTN1-AS1",2,0,10,12,16.6666666666667,2
"ACTR2",2,1,9,12,16.6666666666667,3
"ACTRT3",2,2,16,20,10,4
"ACVR2A",2,1,21,24,8.33333333333333,3
"ADA",2,0,3,5,40,2
"ADAM17",2,1,19,22,9.09090909090909,3
"ADAM19",2,3,36,41,4.8780487804878,5
"ADAM9",2,0,21,23,8.69565217391304,2
"ADAMTS6",2,3,44,49,4.08163265306122,5
"ADAT2",2,0,6,8,25,2
"ADD1",2,0,22,24,8.33333333333333,2
"ADHFE1",2,2,35,39,5.12820512820513,4
"ADIPOQ-AS1",2,0,26,28,7.14285714285714,2
"ADIPOR1",2,0,0,2,100,2
"ADPRH",2,0,9,11,18.1818181818182,2
"ADRA2B",2,1,31,34,5.88235294117647,3
"AF131215.3",2,1,4,7,28.5714285714286,3
"AF131215.5",2,1,4,7,28.5714285714286,3
"AF131215.6",2,0,2,4,50,2
"AF216667.1",2,0,5,7,28.5714285714286,2
"AGBL5",2,0,9,11,18.1818181818182,2
"AGBL5-AS1",2,0,9,11,18.1818181818182,2
"AGL",2,3,10,15,13.3333333333333,5
"AGO2",2,0,11,13,15.3846153846154,2
"AGPAT9",2,1,3,6,33.3333333333333,3
"AGTPBP1",2,3,39,44,4.54545454545455,5
"AGTRAP",2,0,18,20,10,2
"AHCYL1",2,0,17,19,10.5263157894737,2
"AHCYP7",2,0,15,17,11.7647058823529,2
"AHDC1",2,0,19,21,9.52380952380952,2
"AHNAK",2,0,18,20,10,2
"AHSG",2,1,22,25,8,3
"AHSP",2,1,12,15,13.3333333333333,3
"AIM2",2,0,5,7,28.5714285714286,2
"AIP",2,0,4,6,33.3333333333333,2
"AKAP8L",2,0,6,8,25,2
"AKIRIN2",2,1,32,35,5.71428571428571,3
"AKR1D1",2,1,28,31,6.45161290322581,3
"AL021917.1",2,1,11,14,14.2857142857143,3
"AL031655.1",2,0,12,14,14.2857142857143,2
"AL031655.2",2,0,12,14,14.2857142857143,2
"AL078585.1",2,1,13,16,12.5,3
"AL109843.1",2,0,2,4,50,2
"AL121588.1",2,1,13,16,12.5,3
"AL121987.1",2,0,10,12,16.6666666666667,2
"AL135998.1",2,1,22,25,8,3
"AL137118.1",2,2,5,9,22.2222222222222,4
"AL138837.1",2,0,15,17,11.7647058823529,2
"AL139099.1",2,1,11,14,14.2857142857143,3
"AL139139.1",2,0,9,11,18.1818181818182,2
"AL158151.2",2,0,8,10,20,2
"AL158155.1",2,1,14,17,11.7647058823529,3
"AL162430.1",2,1,17,20,10,3
"AL162430.2",2,1,17,20,10,3
"AL162431.1",2,1,12,15,13.3333333333333,3
"AL163952.2",2,0,6,8,25,2
"AL353147.1",2,0,6,8,25,2
"AL357673.1",2,0,19,21,9.52380952380952,2
"AL359878.1",2,1,67,70,2.85714285714286,3
"AL391559.1",2,2,34,38,5.26315789473684,4
"AL450992.2",2,1,40,43,4.65116279069767,3
"AL513123.1",2,2,16,20,10,4
"AL513185.1",2,0,10,12,16.6666666666667,2
"AL590113.1",2,0,7,9,22.2222222222222,2
"AL590403.1",2,0,8,10,20,2
"AL645941.1",2,1,5,8,25,3
"ALDH1B1",2,1,31,34,5.88235294117647,3
"ALDH3B1",2,0,8,10,20,2
"ALDH5A1",2,1,18,21,9.52380952380952,3
"ALG2",2,1,23,26,7.69230769230769,3
"ALG8",2,1,20,23,8.69565217391304,3
"ALK",2,3,9,14,14.2857142857143,5
"ALKBH3",2,4,21,27,7.40740740740741,6
"ALOX15B",2,0,20,22,9.09090909090909,2
"ALOX5",2,2,24,28,7.14285714285714,4
"ALPK1",2,0,4,6,33.3333333333333,2
"ALS2CR12",2,0,11,13,15.3846153846154,2
"ALX4",2,0,17,19,10.5263157894737,2
"AMACR",2,0,15,17,11.7647058823529,2
"AMOTL2",2,1,8,11,18.1818181818182,3
"ANAPC4",2,0,16,18,11.1111111111111,2
"ANKAR",2,0,6,8,25,2
"ANKRA2",2,0,19,21,9.52380952380952,2
"ANKRD12",2,0,23,25,8,2
"ANKRD13D",2,0,2,4,50,2
"ANKRD37",2,0,25,27,7.40740740740741,2
"ANKRD49",2,4,31,37,5.40540540540541,6
"ANKRD52",2,0,12,14,14.2857142857143,2
"ANKRD60",2,0,12,14,14.2857142857143,2
"ANKRD9",2,0,3,5,40,2
"ANKS3",2,1,36,39,5.12820512820513,3
"ANKS4B",2,1,6,9,22.2222222222222,3
"ANP32D",2,1,10,13,15.3846153846154,3
"ANXA1",2,1,26,29,6.89655172413793,3
"ANXA11",2,4,53,59,3.38983050847458,6
"AP000230.1",2,2,35,39,5.12820512820513,4
"AP000302.58",2,1,18,21,9.52380952380952,3
"AP000692.10",2,0,12,14,14.2857142857143,2
"AP000697.6",2,0,8,10,20,2
"AP000908.1",2,0,29,31,6.45161290322581,2
"AP001362.1",2,0,4,6,33.3333333333333,2
"AP001623.1",2,0,2,4,50,2
"AP001630.5",2,0,1,3,66.6666666666667,2
"AP002490.1",2,0,10,12,16.6666666666667,2
"AP002954.4",2,1,19,22,9.09090909090909,3
"AP003068.12",2,0,20,22,9.09090909090909,2
"AP006285.6",2,0,17,19,10.5263157894737,2
"AP1G1",2,2,27,31,6.45161290322581,4
"AP1G2",2,0,14,16,12.5,2
"AP2B1",2,0,33,35,5.71428571428571,2
"AP3S2",2,0,9,11,18.1818181818182,2
"AP5S1",2,0,2,4,50,2
"APC",2,2,31,35,5.71428571428571,4
"APCDD1",2,0,15,17,11.7647058823529,2
"APCS",2,0,9,11,18.1818181818182,2
"APOA2",2,0,6,8,25,2
"APOBEC3B-AS1",2,0,10,12,16.6666666666667,2
"APP",2,2,35,39,5.12820512820513,4
"AQP10",2,0,9,11,18.1818181818182,2
"AQP6",2,0,11,13,15.3846153846154,2
"ARAP1-AS2",2,0,9,11,18.1818181818182,2
"ARCN1",2,0,7,9,22.2222222222222,2
"ARF1",2,0,4,6,33.3333333333333,2
"ARHGAP19",2,1,21,24,8.33333333333333,3
"ARHGAP19-SLIT1",2,1,21,24,8.33333333333333,3
"ARHGAP27",2,0,13,15,13.3333333333333,2
"ARHGAP30",2,0,7,9,22.2222222222222,2
"ARHGAP31-AS1",2,1,22,25,8,3
"ARHGAP5",2,1,22,25,8,3
"ARHGAP5-AS1",2,1,22,25,8,3
"ARHGEF12",2,1,12,15,13.3333333333333,3
"ARHGEF19",2,0,12,14,14.2857142857143,2
"ARHGEF37",2,0,17,19,10.5263157894737,2
"ARHGEF39",2,0,2,4,50,2
"ARID1A",2,1,15,18,11.1111111111111,3
"ARL14EP",2,2,22,26,7.69230769230769,4
"ARL15",2,0,11,13,15.3846153846154,2
"ARL3",2,0,9,11,18.1818181818182,2
"ARL6IP6",2,1,3,6,33.3333333333333,3
"ARMC10",2,0,12,14,14.2857142857143,2
"ARMC12",2,0,15,17,11.7647058823529,2
"ARPC5",2,1,21,24,8.33333333333333,3
"ARRDC4",2,0,10,12,16.6666666666667,2
"AS3MT",2,0,13,15,13.3333333333333,2
"ASAP2",2,0,29,31,6.45161290322581,2
"ASB13",2,1,10,13,15.3846153846154,3
"ASB14",2,0,3,5,40,2
"ASB15",2,4,30,36,5.55555555555556,6
"ASB6",2,0,12,14,14.2857142857143,2
"ASCC2",2,1,6,9,22.2222222222222,3
"ASIC1",2,0,6,8,25,2
"ASTE1",2,2,21,25,8,4
"ATF3",2,0,10,12,16.6666666666667,2
"ATF4",2,0,7,9,22.2222222222222,2
"ATG10",2,2,19,23,8.69565217391304,4
"ATG16L2",2,0,21,23,8.69565217391304,2
"ATIC",2,4,47,53,3.77358490566038,6
"ATL2",2,0,7,9,22.2222222222222,2
"ATL3",2,0,5,7,28.5714285714286,2
"ATOH8",2,0,22,24,8.33333333333333,2
"ATP11A",2,3,10,15,13.3333333333333,5
"ATP13A2",2,0,12,14,14.2857142857143,2
"ATP1A1OS",2,0,19,21,9.52380952380952,2
"ATP1B1",2,0,25,27,7.40740740740741,2
"ATP5C1",2,1,5,8,25,3
"ATP6V0B",2,0,10,12,16.6666666666667,2
"ATP6V0D1",2,0,11,13,15.3846153846154,2
"ATP8B1",2,0,3,5,40,2
"ATP8B2",2,0,9,11,18.1818181818182,2
"ATPAF2",2,0,21,23,8.69565217391304,2
"ATRIP",2,0,21,23,8.69565217391304,2
"ATXN1L",2,0,21,23,8.69565217391304,2
"ATXN7",2,0,28,30,6.66666666666667,2
"AXDND1",2,2,31,35,5.71428571428571,4
"B3GNT5",2,0,19,21,9.52380952380952,2
"B4GALNT1",2,1,7,10,20,3
"B4GALT2",2,0,1,3,66.6666666666667,2
"BAALC",2,1,12,15,13.3333333333333,3
"BAD",2,0,4,6,33.3333333333333,2
"BAI2",2,0,12,14,14.2857142857143,2
"BANF2",2,1,28,31,6.45161290322581,3
"BBIP1",2,1,32,35,5.71428571428571,3
"BBS12",2,0,16,18,11.1111111111111,2
"BBS4",2,0,6,8,25,2
"BCAS4",2,0,10,12,16.6666666666667,2
"BCDIN3D",2,0,17,19,10.5263157894737,2
"BCKDK",2,0,6,8,25,2
"BCL10",2,0,7,9,22.2222222222222,2
"BCL2L1",2,0,9,11,18.1818181818182,2
"BCL6",2,1,71,74,2.7027027027027,3
"BCS1L",2,0,21,23,8.69565217391304,2
"BDH2",2,2,40,44,4.54545454545455,4
"BDNF-AS",2,4,20,26,7.69230769230769,6
"BET1",2,0,19,21,9.52380952380952,2
"BGLAP",2,0,14,16,12.5,2
"BHLHA15",2,1,9,12,16.6666666666667,3
"BICD1",2,2,14,18,11.1111111111111,4
"BIN3",2,1,27,30,6.66666666666667,3
"BIRC2",2,3,68,73,2.73972602739726,5
"BIRC3",2,1,30,33,6.06060606060606,3
"BLM",2,0,25,27,7.40740740740741,2
"BLOC1S6",2,1,40,43,4.65116279069767,3
"BLZF1",2,0,18,20,10,2
"BMP4",2,0,6,8,25,2
"BMP6",2,0,26,28,7.14285714285714,2
"BMS1",2,1,9,12,16.6666666666667,3
"BRD4",2,0,7,9,22.2222222222222,2
"BRDT",2,0,5,7,28.5714285714286,2
"BRF1",2,0,26,28,7.14285714285714,2
"BRPF3",2,0,6,8,25,2
"BRWD1",2,0,35,37,5.40540540540541,2
"BSPRY",2,1,8,11,18.1818181818182,3
"BTBD8",2,0,7,9,22.2222222222222,2
"BTBD9-AS1",2,0,24,26,7.69230769230769,2
"BTN1A1",2,0,15,17,11.7647058823529,2
"BTN2A1",2,1,8,11,18.1818181818182,3
"BTN2A2",2,1,11,14,14.2857142857143,3
"BTN3A2",2,1,11,14,14.2857142857143,3
"BX323860.1",2,1,10,13,15.3846153846154,3
"BX470187.1",2,0,25,27,7.40740740740741,2
"BZRAP1",2,0,2,4,50,2
"BZRAP1-AS1",2,0,2,4,50,2
"C10orf82",2,3,4,9,22.2222222222222,5
"C11orf42",2,0,4,6,33.3333333333333,2
"C12orf23",2,2,35,39,5.12820512820513,4
"C12orf43",2,0,9,11,18.1818181818182,2
"C12orf56",2,1,21,24,8.33333333333333,3
"C12orf68",2,0,44,46,4.34782608695652,2
"C12orf73",2,1,19,22,9.09090909090909,3
"C15orf38",2,0,9,11,18.1818181818182,2
"C15orf38-AP3S2",2,0,9,11,18.1818181818182,2
"C16orf62",2,1,40,43,4.65116279069767,3
"C16orf72",2,0,47,49,4.08163265306122,2
"C16orf98",2,1,34,37,5.40540540540541,3
"C17orf100",2,0,13,15,13.3333333333333,2
"C17orf62",2,0,9,11,18.1818181818182,2
"C18orf32",2,0,7,9,22.2222222222222,2
"C18orf54",2,3,33,38,5.26315789473684,5
"C19orf12",2,1,30,33,6.06060606060606,3
"C19orf40",2,0,14,16,12.5,2
"C19orf82",2,0,4,6,33.3333333333333,2
"C1orf134",2,0,4,6,33.3333333333333,2
"C1orf174",2,1,26,29,6.89655172413793,3
"C1orf177",2,0,18,20,10,2
"C1orf189",2,0,10,12,16.6666666666667,2
"C1orf192",2,0,2,4,50,2
"C1orf21",2,0,12,14,14.2857142857143,2
"C1orf220",2,3,39,44,4.54545454545455,5
"C1ORF220",2,3,39,44,4.54545454545455,5
"C1orf27",2,3,25,30,6.66666666666667,5
"C1orf50",2,0,6,8,25,2
"C1QTNF4",2,1,19,22,9.09090909090909,3
"C1RL",2,2,16,20,10,4
"C1RL-AS1",2,1,16,19,10.5263157894737,3
"C20orf166",2,0,13,15,13.3333333333333,2
"C20orf166-AS1",2,0,13,15,13.3333333333333,2
"C21orf33",2,0,19,21,9.52380952380952,2
"C21orf49",2,2,13,17,11.7647058823529,4
"C2CD4D",2,1,40,43,4.65116279069767,3
"C2orf40",2,2,62,66,3.03030303030303,4
"C2orf48",2,0,21,23,8.69565217391304,2
"C2orf62",2,0,3,5,40,2
"C2orf66",2,0,0,2,100,2
"C2orf68",2,0,21,23,8.69565217391304,2
"C2orf78",2,1,23,26,7.69230769230769,3
"C3orf38",2,4,16,22,9.09090909090909,6
"C3orf52",2,0,39,41,4.8780487804878,2
"C3orf79",2,3,10,15,13.3333333333333,5
"C4orf22",2,0,8,10,20,2
"C4orf47",2,0,6,8,25,2
"C5orf49",2,0,33,35,5.71428571428571,2
"C5orf58",2,0,20,22,9.09090909090909,2
"C5orf64",2,1,11,14,14.2857142857143,3
"C6orf223",2,0,21,23,8.69565217391304,2
"C6orf25",2,0,11,13,15.3846153846154,2
"C6orf48",2,0,19,21,9.52380952380952,2
"C7orf57",2,0,14,16,12.5,2
"C7orf72",2,2,50,54,3.7037037037037,4
"C8G",2,0,8,10,20,2
"C8orf56",2,2,10,14,14.2857142857143,4
"C9orf78",2,0,23,25,8,2
"CA1",2,1,12,15,13.3333333333333,3
"CA7",2,1,28,31,6.45161290322581,3
"CAAP1",2,1,26,29,6.89655172413793,3
"CABP7",2,0,2,4,50,2
"CACNG3",2,0,8,10,20,2
"CACYBP",2,2,25,29,6.89655172413793,4
"CADM3",2,0,14,16,12.5,2
"CADM4",2,0,13,15,13.3333333333333,2
"CALD1",2,1,23,26,7.69230769230769,3
"CALM2",2,0,34,36,5.55555555555556,2
"CALML3",2,2,3,7,28.5714285714286,4
"CALML3-AS1",2,2,3,7,28.5714285714286,4
"CAMK2G",2,0,25,27,7.40740740740741,2
"CAMKMT",2,1,21,24,8.33333333333333,3
"CAND1",2,2,26,30,6.66666666666667,4
"CAPS2",2,2,19,23,8.69565217391304,4
"CAPZA1",2,1,16,19,10.5263157894737,3
"CARHSP1",2,1,44,47,4.25531914893617,3
"CASC11",2,2,72,76,2.63157894736842,4
"CASKIN1",2,0,3,5,40,2
"CBLB",2,1,20,23,8.69565217391304,3
"CBX2",2,1,31,34,5.88235294117647,3
"CCAR2",2,1,27,30,6.66666666666667,3
"CCBL1",2,0,2,4,50,2
"CCBL2",2,0,2,4,50,2
"CCDC104",2,0,12,14,14.2857142857143,2
"CCDC107",2,0,2,4,50,2
"CCDC11",2,1,16,19,10.5263157894737,3
"CCDC12",2,0,13,15,13.3333333333333,2
"CCDC122",2,1,14,17,11.7647058823529,3
"CCDC132",2,0,12,14,14.2857142857143,2
"CCDC142",2,0,22,24,8.33333333333333,2
"CCDC148",2,0,16,18,11.1111111111111,2
"CCDC150",2,0,5,7,28.5714285714286,2
"CCDC163P",2,0,11,13,15.3846153846154,2
"CCDC17",2,0,9,11,18.1818181818182,2
"CCDC170",2,1,16,19,10.5263157894737,3
"CCDC18",2,1,8,11,18.1818181818182,3
"CCDC183-AS1",2,0,11,13,15.3846153846154,2
"CCDC19",2,1,17,20,10,3
"CCDC28A",2,0,15,17,11.7647058823529,2
"CCDC34",2,7,30,39,5.12820512820513,9
"CCDC41",2,0,5,7,28.5714285714286,2
"CCDC42",2,2,33,37,5.40540540540541,4
"CCDC42B",2,0,14,16,12.5,2
"CCDC51",2,0,16,18,11.1111111111111,2
"CCDC68",2,0,5,7,28.5714285714286,2
"CCDC70",2,0,14,16,12.5,2
"CCDC71L",2,1,21,24,8.33333333333333,3
"CCDC91",2,0,24,26,7.69230769230769,2
"CCDC96",2,0,14,16,12.5,2
"CCER1",2,1,18,21,9.52380952380952,3
"CCM2L",2,0,2,4,50,2
"CCNA1",2,4,18,24,8.33333333333333,6
"CCND1",2,0,29,31,6.45161290322581,2
"CCND3",2,0,8,10,20,2
"CCR2",2,0,25,27,7.40740740740741,2
"CCR5",2,0,20,22,9.09090909090909,2
"CCT2",2,0,21,23,8.69565217391304,2
"CD109",2,1,29,32,6.25,3
"CD1B",2,0,29,31,6.45161290322581,2
"CD2",2,1,22,25,8,3
"CD200R1",2,0,30,32,6.25,2
"CD200R1L",2,0,6,8,25,2
"CD300A",2,0,11,13,15.3846153846154,2
"CD300LB",2,0,11,13,15.3846153846154,2
"CD302",2,2,8,12,16.6666666666667,4
"CD7",2,0,6,8,25,2
"CD72",2,0,3,5,40,2
"CD79B",2,0,18,20,10,2
"CD80",2,0,8,10,20,2
"CD82",2,1,20,23,8.69565217391304,3
"CD84",2,0,16,18,11.1111111111111,2
"CDC20",2,0,9,11,18.1818181818182,2
"CDC25B",2,0,11,13,15.3846153846154,2
"CDC42BPG",2,0,19,21,9.52380952380952,2
"CDC42EP1",2,0,0,2,100,2
"CDC7",2,2,15,19,10.5263157894737,4
"CDCA5",2,0,5,7,28.5714285714286,2
"CDCA7L",2,0,6,8,25,2
"CDH15",2,0,19,21,9.52380952380952,2
"CDH16",2,0,5,7,28.5714285714286,2
"CDH24",2,0,13,15,13.3333333333333,2
"CDH5",2,0,10,12,16.6666666666667,2
"CDIP1",2,0,8,10,20,2
"CDK13",2,4,23,29,6.89655172413793,6
"CDK15",2,0,17,19,10.5263157894737,2
"CDK19",2,0,16,18,11.1111111111111,2
"CDK20",2,1,13,16,12.5,3
"CDK3",2,0,8,10,20,2
"CDK5RAP2",2,1,40,43,4.65116279069767,3
"CDKN2AIPNL",2,0,6,8,25,2
"CDV3",2,3,13,18,11.1111111111111,5
"CDX1",2,0,8,10,20,2
"CEBPZ",2,0,8,10,20,2
"CECR2",2,0,31,33,6.06060606060606,2
"CECR6",2,0,12,14,14.2857142857143,2
"CENPB",2,0,11,13,15.3846153846154,2
"CENPC",2,3,30,35,5.71428571428571,5
"CENPL",2,3,44,49,4.08163265306122,5
"CENPO",2,1,12,15,13.3333333333333,3
"CENPU",2,0,18,20,10,2
"CEP135",2,1,12,15,13.3333333333333,3
"CEP192",2,0,11,13,15.3846153846154,2
"CEP250",2,1,15,18,11.1111111111111,3
"CEP41",2,0,3,5,40,2
"CEP55",2,2,17,21,9.52380952380952,4
"CEP57L1",2,0,6,8,25,2
"CEP68",2,0,23,25,8,2
"CEP89",2,0,14,16,12.5,2
"CEP95",2,1,10,13,15.3846153846154,3
"CES5A",2,1,12,15,13.3333333333333,3
"CETN4P",2,0,16,18,11.1111111111111,2
"CGGBP1",2,6,21,29,6.89655172413793,8
"CGREF1",2,0,14,16,12.5,2
"CH25H",2,2,37,41,4.8780487804878,4
"CHAD",2,0,7,9,22.2222222222222,2
"CHD8",2,0,31,33,6.06060606060606,2
"CHEK1",2,3,29,34,5.88235294117647,5
"CHMP2B",2,4,11,17,11.7647058823529,6
"CHN1",2,2,24,28,7.14285714285714,4
"CHORDC1",2,5,39,46,4.34782608695652,7
"CHP2",2,0,11,13,15.3846153846154,2
"CHRAC1",2,0,21,23,8.69565217391304,2
"CHRNA9",2,2,16,20,10,4
"CHRNB1",2,0,7,9,22.2222222222222,2
"CHTF8",2,0,14,16,12.5,2
"CIDEB",2,0,25,27,7.40740740740741,2
"CIDECP",2,0,15,17,11.7647058823529,2
"CINP",2,0,0,2,100,2
"CIRH1A",2,0,14,16,12.5,2
"CISD2",2,1,30,33,6.06060606060606,3
"CISD3",2,0,8,10,20,2
"CLCN2",2,1,19,22,9.09090909090909,3
"CLCNKA",2,0,24,26,7.69230769230769,2
"CLDN10",2,1,4,7,28.5714285714286,3
"CLDN14",2,0,7,9,22.2222222222222,2
"CLDN23",2,0,29,31,6.45161290322581,2
"CLDND2",2,0,0,2,100,2
"CLEC10A",2,1,8,11,18.1818181818182,3
"CLEC12A",2,0,19,21,9.52380952380952,2
"CLEC12B",2,0,11,13,15.3846153846154,2
"CLEC1B",2,0,12,14,14.2857142857143,2
"CLEC2B",2,0,14,16,12.5,2
"CLEC3B",2,2,14,18,11.1111111111111,4
"CLEC9A",2,0,27,29,6.89655172413793,2
"CLHC1",2,1,20,23,8.69565217391304,3
"CLINT1",2,0,1,3,66.6666666666667,2
"CLIP2",2,1,17,20,10,3
"CLLU1",2,0,10,12,16.6666666666667,2
"CLLU1OS",2,0,10,12,16.6666666666667,2
"CLN5",2,0,5,7,28.5714285714286,2
"CLPB",2,1,10,13,15.3846153846154,3
"CMAS",2,5,19,26,7.69230769230769,7
"CNIH3",2,1,39,42,4.76190476190476,3
"CNKSR3",2,0,12,14,14.2857142857143,2
"CNN3",2,0,13,15,13.3333333333333,2
"CNNM3",2,3,56,61,3.27868852459016,5
"CNOT6L",2,0,11,13,15.3846153846154,2
"CNR2",2,0,11,13,15.3846153846154,2
"COBLL1",2,0,16,18,11.1111111111111,2
"COL12A1",2,1,22,25,8,3
"COL16A1",2,0,15,17,11.7647058823529,2
"COL17A1",2,0,32,34,5.88235294117647,2
"COL4A2",2,1,29,32,6.25,3
"COL6A3",2,1,16,19,10.5263157894737,3
"COL8A2",2,0,5,7,28.5714285714286,2
"COMT",2,0,1,3,66.6666666666667,2
"COPG2",2,0,5,7,28.5714285714286,2
"COPS2",2,2,23,27,7.40740740740741,4
"COQ7",2,1,35,38,5.26315789473684,3
"COX20",2,0,17,19,10.5263157894737,2
"COX4I1",2,1,27,30,6.66666666666667,3
"COX5A",2,1,11,14,14.2857142857143,3
"COX6C",2,0,3,5,40,2
"CPA2",2,0,16,18,11.1111111111111,2
"CPE",2,0,14,16,12.5,2
"CPLX3",2,0,13,15,13.3333333333333,2
"CPNE3",2,2,14,18,11.1111111111111,4
"CPPED1",2,0,28,30,6.66666666666667,2
"CR1",2,1,16,19,10.5263157894737,3
"CRAT",2,0,8,10,20,2
"CRB2",2,0,15,17,11.7647058823529,2
"CREB3L2",2,1,28,31,6.45161290322581,3
"CREBL2",2,0,19,21,9.52380952380952,2
"CRHR1-IT1",2,0,12,14,14.2857142857143,2
"CRISP3",2,1,6,9,22.2222222222222,3
"CRTAM",2,0,32,34,5.88235294117647,2
"CRYBA2",2,0,8,10,20,2
"CRYL1",2,1,16,19,10.5263157894737,3
"CSAD",2,0,21,23,8.69565217391304,2
"CSE1L",2,1,10,13,15.3846153846154,3
"CSF1",2,0,13,15,13.3333333333333,2
"CSF1R",2,0,12,14,14.2857142857143,2
"CSK",2,1,23,26,7.69230769230769,3
"CSNK1A1",2,0,24,26,7.69230769230769,2
"CSNK2A1",2,0,5,7,28.5714285714286,2
"CST9",2,2,7,11,18.1818181818182,4
"CTA-204B4.2",2,0,21,23,8.69565217391304,2
"CTA-941F9.9",2,0,6,8,25,2
"CTB-11I22.1",2,1,21,24,8.33333333333333,3
"CTB-161M19.4",2,3,48,53,3.77358490566038,5
"CTB-22K21.2",2,0,18,20,10,2
"CTB-41I6.1",2,0,4,6,33.3333333333333,2
"CTB-41I6.2",2,0,4,6,33.3333333333333,2
"CTBS",2,1,35,38,5.26315789473684,3
"CTC-248O19.1",2,0,11,13,15.3846153846154,2
"CTC-281F24.1",2,0,13,15,13.3333333333333,2
"CTC-378H22.1",2,0,29,31,6.45161290322581,2
"CTC-487M23.5",2,2,16,20,10,4
"CTC-492K19.4",2,0,8,10,20,2
"CTC-503K11.2",2,0,16,18,11.1111111111111,2
"CTD-2006C1.2",2,0,27,29,6.89655172413793,2
"CTD-2017C7.1",2,1,19,22,9.09090909090909,3
"CTD-2017C7.3",2,1,19,22,9.09090909090909,3
"CTD-2026K11.1",2,1,12,15,13.3333333333333,3
"CTD-2047H16.4",2,1,39,42,4.76190476190476,3
"CTD-2152M20.2",2,1,17,20,10,3
"CTD-2290P7.1",2,0,4,6,33.3333333333333,2
"CTD-2293H3.2",2,1,20,23,8.69565217391304,3
"CTD-2311M21.3",2,0,12,14,14.2857142857143,2
"CTD-2313J17.1",2,0,32,34,5.88235294117647,2
"CTD-2325P2.3",2,2,65,69,2.89855072463768,4
"CTD-2325P2.4",2,2,47,51,3.92156862745098,4
"CTD-2363C16.1",2,0,5,7,28.5714285714286,2
"CTD-2369P2.8",2,1,10,13,15.3846153846154,3
"CTD-2373N4.5",2,0,3,5,40,2
"CTD-2514K5.2",2,0,11,13,15.3846153846154,2
"CTD-2534I21.8",2,0,0,2,100,2
"CTD-2544N14.3",2,0,18,20,10,2
"CTD-2583A14.1",2,1,8,11,18.1818181818182,3
"CTD-2588C8.8",2,1,5,8,25,3
"CTD-2600O9.1",2,0,3,5,40,2
"CTD-2616J11.10",2,0,0,2,100,2
"CTD-2616J11.11",2,0,0,2,100,2
"CTD-2631K10.1",2,0,48,50,4,2
"CTD-2649C14.1",2,1,38,41,4.8780487804878,3
"CTD-2653D5.1",2,0,15,17,11.7647058823529,2
"CTD-3065J16.9",2,0,8,10,20,2
"CTD-3080P12.3",2,4,24,30,6.66666666666667,6
"CTHRC1",2,2,25,29,6.89655172413793,4
"CTNND1",2,0,23,25,8,2
"CTSA",2,0,10,12,16.6666666666667,2
"CUBN",2,1,21,24,8.33333333333333,3
"CUEDC2",2,0,7,9,22.2222222222222,2
"CUL9",2,0,2,4,50,2
"CUTC",2,1,10,13,15.3846153846154,3
"CXCL3",2,1,18,21,9.52380952380952,3
"CXCR1",2,0,8,10,20,2
"CYB5R1",2,0,2,4,50,2
"CYB5R3",2,0,11,13,15.3846153846154,2
"CYB5R4",2,1,35,38,5.26315789473684,3
"CYBRD1",2,0,7,9,22.2222222222222,2
"CYFIP2",2,0,11,13,15.3846153846154,2
"CYP11A1",2,0,12,14,14.2857142857143,2
"CYP2W1",2,0,11,13,15.3846153846154,2
"CYP7B1",2,0,6,8,25,2
"CYS1",2,0,17,19,10.5263157894737,2
"DAO",2,0,17,19,10.5263157894737,2
"DAPK2",2,0,20,22,9.09090909090909,2
"DARS2",2,3,44,49,4.08163265306122,5
"DBIL5P",2,0,4,6,33.3333333333333,2
"DBN1",2,0,4,6,33.3333333333333,2
"DBR1",2,0,15,17,11.7647058823529,2
"DCAF17",2,0,1,3,66.6666666666667,2
"DCAF4",2,0,28,30,6.66666666666667,2
"DCK",2,3,48,53,3.77358490566038,5
"DCTN2",2,1,13,16,12.5,3
"DCTPP1",2,2,17,21,9.52380952380952,4
"DDAH2",2,0,11,13,15.3846153846154,2
"DDC",2,1,14,17,11.7647058823529,3
"DDX25",2,4,41,47,4.25531914893617,6
"DDX41",2,0,12,14,14.2857142857143,2
"DDX5",2,1,10,13,15.3846153846154,3
"DDX55",2,0,9,11,18.1818181818182,2
"DDX56",2,1,11,14,14.2857142857143,3
"DEDD",2,0,20,22,9.09090909090909,2
"DEFA4",2,0,7,9,22.2222222222222,2
"DEFA5",2,0,6,8,25,2
"DEFB134",2,0,24,26,7.69230769230769,2
"DEFB136",2,0,35,37,5.40540540540541,2
"DEGS2",2,0,23,25,8,2
"DERA",2,0,11,13,15.3846153846154,2
"DERL2",2,0,7,9,22.2222222222222,2
"DFNA5",2,0,7,9,22.2222222222222,2
"DGUOK",2,1,26,29,6.89655172413793,3
"DHCR7",2,0,15,17,11.7647058823529,2
"DHRS11",2,0,11,13,15.3846153846154,2
"DHRS13",2,0,17,19,10.5263157894737,2
"DHRS7B",2,1,29,32,6.25,3
"DHX32",2,3,62,67,2.98507462686567,5
"DHX35",2,4,55,61,3.27868852459016,6
"DHX9",2,3,44,49,4.08163265306122,5
"DIAPH1",2,0,33,35,5.71428571428571,2
"DKFZP667F0711",2,0,9,11,18.1818181818182,2
"DLEU7",2,1,4,7,28.5714285714286,3
"DLG4",2,0,13,15,13.3333333333333,2
"DLK2",2,0,6,8,25,2
"DLX6",2,2,16,20,10,4
"DLX6-AS1",2,2,16,20,10,4
"DLX6-AS2",2,2,16,20,10,4
"DMTN",2,0,2,4,50,2
"DMXL1",2,3,48,53,3.77358490566038,5
"DNAH11",2,2,3,7,28.5714285714286,4
"DNAH12",2,0,3,5,40,2
"DNAH2",2,0,11,13,15.3846153846154,2
"DNAH7",2,1,6,9,22.2222222222222,3
"DNAJA2",2,1,21,24,8.33333333333333,3
"DNAJB11",2,1,40,43,4.65116279069767,3
"DNAJB6",2,2,37,41,4.8780487804878,4
"DNAJB7",2,0,1,3,66.6666666666667,2
"DNAJB8-AS1",2,0,1,3,66.6666666666667,2
"DNAJC28",2,1,7,10,20,3
"DNAJC3",2,3,23,28,7.14285714285714,5
"DNAJC3-AS1",2,3,23,28,7.14285714285714,5
"DNASE2B",2,3,42,47,4.25531914893617,5
"DNMT3A",2,0,5,7,28.5714285714286,2
"DNPH1",2,0,5,7,28.5714285714286,2
"DNTTIP1",2,3,14,19,10.5263157894737,5
"DNTTIP2",2,0,10,12,16.6666666666667,2
"DOC2B",2,0,7,9,22.2222222222222,2
"DOCK6",2,0,16,18,11.1111111111111,2
"DOK1",2,0,21,23,8.69565217391304,2
"DOK2",2,0,33,35,5.71428571428571,2
"DOK3",2,0,12,14,14.2857142857143,2
"DOLPP1",2,0,4,6,33.3333333333333,2
"DPF3",2,0,45,47,4.25531914893617,2
"DPM2",2,0,9,11,18.1818181818182,2
"DPYSL5",2,0,18,20,10,2
"DUS2",2,0,25,27,7.40740740740741,2
"DUSP10",2,2,18,22,9.09090909090909,4
"DUSP11",2,1,23,26,7.69230769230769,3
"DUSP16",2,0,27,29,6.89655172413793,2
"DUSP22",2,5,60,67,2.98507462686567,7
"DYRK3",2,0,10,12,16.6666666666667,2
"DZIP3",2,3,29,34,5.88235294117647,5
"E2F4",2,0,7,9,22.2222222222222,2
"EAF2",2,0,27,29,6.89655172413793,2
"EBF3",2,0,6,8,25,2
"ECSCR",2,0,6,8,25,2
"ECT2",2,1,18,21,9.52380952380952,3
"EDC4",2,0,23,25,8,2
"EDN1",2,2,35,39,5.12820512820513,4
"EDN2",2,0,4,6,33.3333333333333,2
"EDRF1",2,2,24,28,7.14285714285714,4
"EEA1",2,0,12,14,14.2857142857143,2
"EEF1E1",2,0,7,9,22.2222222222222,2
"EEF1E1-BLOC1S5",2,0,7,9,22.2222222222222,2
"EFCAB11",2,0,8,10,20,2
"EFCC1",2,0,10,12,16.6666666666667,2
"EGF",2,5,16,23,8.69565217391304,7
"EHBP1L1",2,0,6,8,25,2
"EID1",2,0,7,9,22.2222222222222,2
"EIF2A",2,0,26,28,7.14285714285714,2
"EIF2AK2",2,1,15,18,11.1111111111111,3
"EIF2B1",2,0,7,9,22.2222222222222,2
"EIF2B2",2,0,4,6,33.3333333333333,2
"EIF3J",2,1,4,7,28.5714285714286,3
"EIF3J-AS1",2,1,4,7,28.5714285714286,3
"EIF4E",2,6,41,49,4.08163265306122,8
"ELMO1-AS1",2,0,0,2,100,2
"ELN",2,0,15,17,11.7647058823529,2
"ELOVL1",2,0,9,11,18.1818181818182,2
"ELOVL4",2,1,9,12,16.6666666666667,3
"ELOVL7",2,0,5,7,28.5714285714286,2
"ELP6",2,0,2,4,50,2
"EMC4",2,2,12,16,12.5,4
"EMC7",2,1,11,14,14.2857142857143,3
"EMC8",2,1,27,30,6.66666666666667,3
"EMP1",2,1,26,29,6.89655172413793,3
"EMP3",2,0,0,2,100,2
"EMX2",2,1,9,12,16.6666666666667,3
"EMX2OS",2,1,9,12,16.6666666666667,3
"ENDOD1",2,1,13,16,12.5,3
"ENDOV",2,1,39,42,4.76190476190476,3
"ENKUR",2,3,64,69,2.89855072463768,5
"ENO4",2,2,8,12,16.6666666666667,4
"ENTHD1",2,1,21,24,8.33333333333333,3
"ENTPD2",2,0,4,6,33.3333333333333,2
"ENTPD7",2,0,11,13,15.3846153846154,2
"EPB41L1",2,0,0,2,100,2
"EPB41L4A-AS1",2,3,19,24,8.33333333333333,5
"EPC1",2,1,21,24,8.33333333333333,3
"EPC2",2,0,23,25,8,2
"EPGN",2,3,11,16,12.5,5
"EPHB1",2,1,21,24,8.33333333333333,3
"EPHX1",2,0,2,4,50,2
"EPM2A",2,0,10,12,16.6666666666667,2
"EPOR",2,0,7,9,22.2222222222222,2
"EPRS",2,1,21,24,8.33333333333333,3
"EPS15",2,2,22,26,7.69230769230769,4
"ERBB3",2,0,16,18,11.1111111111111,2
"ERCC3",2,0,26,28,7.14285714285714,2
"ERGIC2",2,3,42,47,4.25531914893617,5
"ERMARD",2,1,14,17,11.7647058823529,3
"ERP29",2,0,3,5,40,2
"ESYT3",2,0,7,9,22.2222222222222,2
"ETFB",2,0,0,2,100,2
"ETV5-AS1",2,0,10,12,16.6666666666667,2
"EVPL",2,0,8,10,20,2
"EXOC1",2,0,20,22,9.09090909090909,2
"EXOC3L1",2,0,7,9,22.2222222222222,2
"EXOC6",2,2,3,7,28.5714285714286,4
"EXOSC4",2,0,8,10,20,2
"EYA3",2,1,9,12,16.6666666666667,3
"FABP6",2,0,16,18,11.1111111111111,2
"FAF1",2,2,20,24,8.33333333333333,4
"FAM102A",2,0,8,10,20,2
"FAM117A",2,2,13,17,11.7647058823529,4
"FAM118B",2,5,54,61,3.27868852459016,7
"FAM129B",2,0,3,5,40,2
"FAM154A",2,0,9,11,18.1818181818182,2
"FAM160B2",2,0,2,4,50,2
"FAM171A1",2,0,16,18,11.1111111111111,2
"FAM171A2",2,0,4,6,33.3333333333333,2
"FAM174B",2,0,32,34,5.88235294117647,2
"FAM180B",2,1,12,15,13.3333333333333,3
"FAM196B",2,0,11,13,15.3846153846154,2
"FAM19A4",2,2,16,20,10,4
"FAM204A",2,0,11,13,15.3846153846154,2
"FAM209A",2,0,5,7,28.5714285714286,2
"FAM213B",2,0,12,14,14.2857142857143,2
"FAM216A",2,0,15,17,11.7647058823529,2
"FAM26E",2,2,27,31,6.45161290322581,4
"FAM47E",2,0,24,26,7.69230769230769,2
"FAM49A",2,2,32,36,5.55555555555556,4
"FAM57A",2,0,7,9,22.2222222222222,2
"FAM63A",2,0,8,10,20,2
"FAM63B",2,0,25,27,7.40740740740741,2
"FAM71A",2,0,14,16,12.5,2
"FAM83G",2,0,4,6,33.3333333333333,2
"FAM84B",2,3,20,25,8,5
"FAM89B",2,0,5,7,28.5714285714286,2
"FAM8A1",2,0,23,25,8,2
"FAM96A",2,0,16,18,11.1111111111111,2
"FAM96AP2",2,0,6,8,25,2
"FAM99B",2,0,17,19,10.5263157894737,2
"FANCD2",2,0,15,17,11.7647058823529,2
"FANCI",2,1,17,20,10,3
"FANK1",2,4,64,70,2.85714285714286,6
"FAR1",2,1,6,9,22.2222222222222,3
"FAR1-IT1",2,1,6,9,22.2222222222222,3
"FASTK",2,0,19,21,9.52380952380952,2
"FAU",2,0,17,19,10.5263157894737,2
"FBF1",2,0,8,10,20,2
"FBN1",2,2,18,22,9.09090909090909,4
"FBP1",2,0,9,11,18.1818181818182,2
"FBXL13",2,0,12,14,14.2857142857143,2
"FBXL15",2,1,12,15,13.3333333333333,3
"FBXO2",2,0,14,16,12.5,2
"FBXO21",2,0,19,21,9.52380952380952,2
"FBXO34",2,1,24,27,7.40740740740741,3
"FBXO4",2,1,22,25,8,3
"FBXO44",2,0,14,16,12.5,2
"FBXO45",2,0,7,9,22.2222222222222,2
"FBXW5",2,0,8,10,20,2
"FCER1G",2,0,4,6,33.3333333333333,2
"FERMT3",2,0,3,5,40,2
"FEV",2,0,8,10,20,2
"FGFR1",2,1,53,56,3.57142857142857,3
"FILIP1",2,1,29,32,6.25,3
"FJX1",2,4,18,24,8.33333333333333,6
"FKBP14",2,3,44,49,4.08163265306122,5
"FKBP5",2,0,15,17,11.7647058823529,2
"FLAD1",2,0,5,7,28.5714285714286,2
"FLNB-AS1",2,0,20,22,9.09090909090909,2
"FNDC8",2,2,4,8,25,4
"FOXB1",2,0,8,10,20,2
"FOXE3",2,2,9,13,15.3846153846154,4
"FOXF2",2,0,29,31,6.45161290322581,2
"FOXI1",2,0,16,18,11.1111111111111,2
"FOXM1",2,0,8,10,20,2
"FTSJ2",2,0,26,28,7.14285714285714,2
"FUT7",2,0,4,6,33.3333333333333,2
"FXYD2",2,1,36,39,5.12820512820513,3
"FZD7",2,0,15,17,11.7647058823529,2
"FZD9",2,0,4,6,33.3333333333333,2
"G0S2",2,0,49,51,3.92156862745098,2
"G2E3",2,0,3,5,40,2
"GAB1",2,4,27,33,6.06060606060606,6
"GAB2",2,3,59,64,3.125,5
"GABARAPL1",2,1,30,33,6.06060606060606,3
"GADD45G",2,0,39,41,4.8780487804878,2
"GALK2",2,2,23,27,7.40740740740741,4
"GALNT1",2,1,4,7,28.5714285714286,3
"GALNT2",2,0,10,12,16.6666666666667,2
"GALNT6",2,0,3,5,40,2
"GALNT7",2,3,20,25,8,5
"GARS",2,1,45,48,4.16666666666667,3
"GAS5",2,2,22,26,7.69230769230769,4
"GATC",2,0,11,13,15.3846153846154,2
"GCA",2,1,7,10,20,3
"GCAT",2,0,4,6,33.3333333333333,2
"GCC1",2,0,8,10,20,2
"GCNT6",2,0,5,7,28.5714285714286,2
"GCSH",2,0,11,13,15.3846153846154,2
"GDF5",2,1,13,16,12.5,3
"GDF7",2,2,44,48,4.16666666666667,4
"GDF9",2,0,3,5,40,2
"GDPD5",2,0,22,24,8.33333333333333,2
"GDPGP1",2,1,14,17,11.7647058823529,3
"GEMIN4",2,0,4,6,33.3333333333333,2
"GGA1",2,0,7,9,22.2222222222222,2
"GGN",2,0,18,20,10,2
"GGTA2P",2,2,26,30,6.66666666666667,4
"GHRL",2,0,18,20,10,2
"GHRLOS",2,0,21,23,8.69565217391304,2
"GID4",2,0,21,23,8.69565217391304,2
"GIMAP1",2,1,30,33,6.06060606060606,3
"GJA3",2,0,6,8,25,2
"GJB6",2,0,15,17,11.7647058823529,2
"GJC2",2,0,3,5,40,2
"GKN2",2,1,26,29,6.89655172413793,3
"GLE1",2,0,0,2,100,2
"GLIPR1",2,1,24,27,7.40740740740741,3
"GLIPR1L1",2,1,11,14,14.2857142857143,3
"GLIPR1L2",2,2,19,23,8.69565217391304,4
"GLMN",2,0,8,10,20,2
"GLOD4",2,0,20,22,9.09090909090909,2
"GLRX",2,2,28,32,6.25,4
"GLS2",2,0,12,14,14.2857142857143,2
"GMPR",2,0,12,14,14.2857142857143,2
"GNAQ",2,4,45,51,3.92156862745098,6
"GNAS",2,1,40,43,4.65116279069767,3
"GNAS-AS1",2,1,29,32,6.25,3
"GNL2",2,0,10,12,16.6666666666667,2
"GNPTAB",2,1,20,23,8.69565217391304,3
"GORASP1",2,0,33,35,5.71428571428571,2
"GPATCH2",2,1,9,12,16.6666666666667,3
"GPBP1L1",2,0,10,12,16.6666666666667,2
"GPLD1",2,1,18,21,9.52380952380952,3
"GPN3",2,0,15,17,11.7647058823529,2
"GPR110",2,0,3,5,40,2
"GPR124",2,0,17,19,10.5263157894737,2
"GPR128",2,0,9,11,18.1818181818182,2
"GPR137",2,0,5,7,28.5714285714286,2
"GPR137B",2,1,17,20,10,3
"GPR142",2,0,20,22,9.09090909090909,2
"GPR148",2,0,14,16,12.5,2
"GPR15",2,5,42,49,4.08163265306122,7
"GPR160",2,3,33,38,5.26315789473684,5
"GPR32",2,1,30,33,6.06060606060606,3
"GPRC5B",2,0,25,27,7.40740740740741,2
"GPT2",2,1,20,23,8.69565217391304,3
"GRAP2",2,1,21,24,8.33333333333333,3
"GRID1",2,2,39,43,4.65116279069767,4
"GRSF1",2,1,26,29,6.89655172413793,3
"GS1-279B7.2",2,4,28,34,5.88235294117647,6
"GSPT1",2,0,14,16,12.5,2
"GSR",2,2,11,15,13.3333333333333,4
"GSTCD",2,2,26,30,6.66666666666667,4
"GTF2F2",2,0,11,13,15.3846153846154,2
"GTF2H1",2,3,25,30,6.66666666666667,5
"GTF2H3",2,0,7,9,22.2222222222222,2
"GTF3C1",2,0,12,14,14.2857142857143,2
"GTPBP2",2,0,10,12,16.6666666666667,2
"GTPBP4",2,1,67,70,2.85714285714286,3
"GTSF1",2,0,6,8,25,2
"GUK1",2,0,3,5,40,2
"H1F0",2,0,4,6,33.3333333333333,2
"H2AFX",2,2,26,30,6.66666666666667,4
"HCLS1",2,0,14,16,12.5,2
"HDAC7",2,1,12,15,13.3333333333333,3
"HDGF",2,2,40,44,4.54545454545455,4
"HDGFRP3",2,1,5,8,25,3
"HDHD3",2,0,5,7,28.5714285714286,2
"HEG1",2,3,24,29,6.89655172413793,5
"HELB",2,2,25,29,6.89655172413793,4
"HES6",2,1,13,16,12.5,3
"HEXA",2,1,9,12,16.6666666666667,3
"HEXA-AS1",2,1,9,12,16.6666666666667,3
"HEXIM1",2,0,12,14,14.2857142857143,2
"HFE",2,0,5,7,28.5714285714286,2
"HFM1",2,1,3,6,33.3333333333333,3
"HHEX",2,1,14,17,11.7647058823529,3
"HIGD1AP5",2,0,16,18,11.1111111111111,2
"HIGD2B",2,0,6,8,25,2
"HIST4H4",2,3,31,36,5.55555555555556,5
"HLA-DOB",2,1,32,35,5.71428571428571,3
"HLA-DQA2",2,0,28,30,6.66666666666667,2
"HLA-DQB2",2,0,27,29,6.89655172413793,2
"HM13-AS1",2,0,3,5,40,2
"HMBS",2,2,26,30,6.66666666666667,4
"HMGA1P5",2,0,0,2,100,2
"HN1L",2,0,7,9,22.2222222222222,2
"HNF1A-AS1",2,0,16,18,11.1111111111111,2
"HNRNPM",2,0,8,10,20,2
"HOMER3",2,0,16,18,11.1111111111111,2
"HPS3",2,2,28,32,6.25,4
"HPS5",2,3,25,30,6.66666666666667,5
"HPSE",2,2,12,16,12.5,4
"HPX",2,0,21,23,8.69565217391304,2
"HR",2,0,2,4,50,2
"HRSP12",2,0,9,11,18.1818181818182,2
"HS1BP3",2,3,39,44,4.54545454545455,5
"HSD11B1",2,2,61,65,3.07692307692308,4
"HSD11B2",2,0,9,11,18.1818181818182,2
"HSD17B12",2,1,19,22,9.09090909090909,3
"HSD3B7",2,0,22,24,8.33333333333333,2
"HSF2BP",2,0,9,11,18.1818181818182,2
"HSP90AA1",2,0,7,9,22.2222222222222,2
"HSP90AB1",2,0,17,19,10.5263157894737,2
"HSPA12A",2,1,5,8,25,3
"HSPA4",2,0,4,6,33.3333333333333,2
"HSPA4L",2,1,4,7,28.5714285714286,3
"HSPB7",2,0,24,26,7.69230769230769,2
"HTR1B",2,0,10,12,16.6666666666667,2
"HTR2B",2,0,8,10,20,2
"HTRA3",2,0,11,13,15.3846153846154,2
"HTRA4",2,0,18,20,10,2
"IBA57",2,0,3,5,40,2
"IBA57-AS1",2,0,3,5,40,2
"ICA1",2,0,12,14,14.2857142857143,2
"ICAM4",2,1,10,13,15.3846153846154,3
"ID1",2,1,9,12,16.6666666666667,3
"IFIH1",2,1,7,10,20,3
"IFIT3",2,0,7,9,22.2222222222222,2
"IFLTD1",2,1,8,11,18.1818181818182,3
"IFNAR1",2,2,18,22,9.09090909090909,4
"IFNK",2,1,32,35,5.71428571428571,3
"IFRD1",2,1,30,33,6.06060606060606,3
"IFT46",2,0,7,9,22.2222222222222,2
"IFT57",2,2,28,32,6.25,4
"IFT88",2,0,18,20,10,2
"IKBKE",2,0,20,22,9.09090909090909,2
"IKZF1",2,0,58,60,3.33333333333333,2
"IL10",2,0,20,22,9.09090909090909,2
"IL12B",2,0,10,12,16.6666666666667,2
"IL17B",2,0,4,6,33.3333333333333,2
"IL17D",2,0,12,14,14.2857142857143,2
"IL17RD",2,2,8,12,16.6666666666667,4
"IL1R2",2,0,30,32,6.25,2
"IL22RA1",2,0,12,14,14.2857142857143,2
"IL23A",2,0,13,15,13.3333333333333,2
"IL2RA",2,1,18,21,9.52380952380952,3
"IL3",2,0,13,15,13.3333333333333,2
"IL4",2,0,1,3,66.6666666666667,2
"IL6",2,0,20,22,9.09090909090909,2
"ILF2",2,0,27,29,6.89655172413793,2
"ILKAP",2,0,6,8,25,2
"IMP3",2,1,12,15,13.3333333333333,3
"IMPA2",2,0,15,17,11.7647058823529,2
"INO80C",2,2,1,5,40,4
"INSIG2",2,0,6,8,25,2
"INSM1",2,0,3,5,40,2
"INTS12",2,2,26,30,6.66666666666667,4
"INTS3",2,0,33,35,5.71428571428571,2
"INTS8",2,1,46,49,4.08163265306122,3
"IP6K3",2,0,15,17,11.7647058823529,2
"IPCEF1",2,1,13,16,12.5,3
"IPO8",2,2,39,43,4.65116279069767,4
"IPPK",2,0,12,14,14.2857142857143,2
"IQCA1",2,0,13,15,13.3333333333333,2
"IQCB1",2,0,27,29,6.89655172413793,2
"IQCD",2,0,27,29,6.89655172413793,2
"IRAK2",2,0,15,17,11.7647058823529,2
"IREB2",2,0,35,37,5.40540540540541,2
"IRG1",2,0,8,10,20,2
"IRGC",2,0,24,26,7.69230769230769,2
"ISLR2",2,0,6,8,25,2
"ISM1",2,3,18,23,8.69565217391304,5
"IST1",2,0,21,23,8.69565217391304,2
"ITFG2",2,0,8,10,20,2
"ITIH1",2,0,6,8,25,2
"ITLN1",2,0,24,26,7.69230769230769,2
"ITLN2",2,0,19,21,9.52380952380952,2
"ITM2B",2,1,18,21,9.52380952380952,3
"ITPKB-AS1",2,0,14,16,12.5,2
"ITPRIP",2,1,23,26,7.69230769230769,3
"ITPRIPL1",2,1,25,28,7.14285714285714,3
"IVNS1ABP",2,4,28,34,5.88235294117647,6
"IWS1",2,0,11,13,15.3846153846154,2
"JAG2",2,0,11,13,15.3846153846154,2
"KANK2",2,0,16,18,11.1111111111111,2
"KAT6A",2,3,16,21,9.52380952380952,5
"KAT7",2,2,13,17,11.7647058823529,4
"KATNB1",2,0,6,8,25,2
"KATNBL1",2,3,16,21,9.52380952380952,5
"KB-1208A12.3",2,0,22,24,8.33333333333333,2
"KB-1410C5.5",2,1,30,33,6.06060606060606,3
"KB-1448A5.1",2,1,28,31,6.45161290322581,3
"KB-1608C10.2",2,0,23,25,8,2
"KB-1980E6.3",2,0,9,11,18.1818181818182,2
"KB-431C1.4",2,1,13,16,12.5,3
"KCMF1",2,2,21,25,8,4
"KCNAB1-AS1",2,0,17,19,10.5263157894737,2
"KCNE3",2,1,8,11,18.1818181818182,3
"KCNH3",2,0,8,10,20,2
"KCNK6",2,0,7,9,22.2222222222222,2
"KCNK7",2,0,4,6,33.3333333333333,2
"KCNN4",2,1,17,20,10,3
"KCNRG",2,0,13,15,13.3333333333333,2
"KCP",2,0,3,5,40,2
"KCTD18",2,0,14,16,12.5,2
"KCTD19",2,0,7,9,22.2222222222222,2
"KCTD21",2,2,42,46,4.34782608695652,4
"KCTD21-AS1",2,1,20,23,8.69565217391304,3
"KDM2A",2,0,2,4,50,2
"KDM4E",2,0,4,6,33.3333333333333,2
"KIAA0196",2,2,80,84,2.38095238095238,4
"KIAA0391",2,0,3,5,40,2
"KIAA0513",2,1,22,25,8,3
"KIAA0556",2,0,12,14,14.2857142857143,2
"KIAA0895L",2,0,10,12,16.6666666666667,2
"KIAA0907",2,0,39,41,4.8780487804878,2
"KIAA1199",2,1,21,24,8.33333333333333,3
"KIAA1257",2,0,10,12,16.6666666666667,2
"KIAA1324L",2,2,18,22,9.09090909090909,4
"KIAA1468",2,0,26,28,7.14285714285714,2
"KIAA1524",2,3,29,34,5.88235294117647,5
"KIAA1549L",2,2,14,18,11.1111111111111,4
"KIAA1586",2,3,32,37,5.40540540540541,5
"KIAA1614",2,2,12,16,12.5,4
"KIAA1715",2,1,10,13,15.3846153846154,3
"KIF13B",2,1,8,11,18.1818181818182,3
"KIF14",2,1,16,19,10.5263157894737,3
"KIF18B",2,0,0,2,100,2
"KIF27",2,4,41,47,4.25531914893617,6
"KIF5A",2,1,13,16,12.5,3
"KIF5B",2,0,2,4,50,2
"KIF9",2,0,7,9,22.2222222222222,2
"KIF9-AS1",2,0,7,9,22.2222222222222,2
"KIFC1",2,0,11,13,15.3846153846154,2
"KIFC3",2,0,3,5,40,2
"KIN",2,1,5,8,25,3
"KITLG",2,1,6,9,22.2222222222222,3
"KLF11",2,0,17,19,10.5263157894737,2
"KLHDC1",2,0,3,5,40,2
"KLHDC10",2,0,14,16,12.5,2
"KLHDC2",2,0,2,4,50,2
"KLHL18",2,0,7,9,22.2222222222222,2
"KLHL22",2,0,5,7,28.5714285714286,2
"KLHL36",2,0,14,16,12.5,2
"KLRG1",2,0,3,5,40,2
"KMT2A",2,0,1,3,66.6666666666667,2
"KRR1",2,4,35,41,4.8780487804878,6
"KRT18P57",2,1,24,27,7.40740740740741,3
"KRT71",2,0,30,32,6.25,2
"KRT82",2,0,19,21,9.52380952380952,2
"KRT84",2,1,31,34,5.88235294117647,3
"KRT85",2,0,16,18,11.1111111111111,2
"KRTAP10",2,0,6,8,25,2
"KRTAP5",2,0,20,22,9.09090909090909,2
"KYNU",2,1,27,30,6.66666666666667,3
"L3MBTL3",2,1,22,25,8,3
"LACC1",2,1,14,17,11.7647058823529,3
"LAMB4",2,0,11,13,15.3846153846154,2
"LAMP3",2,0,17,19,10.5263157894737,2
"LBH",2,0,38,40,5,2
"LCOR",2,2,29,33,6.06060606060606,4
"LCORL",2,3,48,53,3.77358490566038,5
"LCT",2,2,20,24,8.33333333333333,4
"LDHA",2,2,36,40,5,4
"LEAP2",2,0,10,12,16.6666666666667,2
"LEMD2",2,0,14,16,12.5,2
"LGI3",2,0,4,6,33.3333333333333,2
"LGR4",2,1,12,15,13.3333333333333,3
"LIMD1",2,1,2,5,40,3
"LIME1",2,0,17,19,10.5263157894737,2
"LIMS1",2,0,19,21,9.52380952380952,2
"LIN7C",2,4,20,26,7.69230769230769,6
"LIN9",2,0,3,5,40,2
"LINC-PINT",2,1,51,54,3.7037037037037,3
"LINC00083",2,1,19,22,9.09090909090909,3
"LINC00544",2,0,4,6,33.3333333333333,2
"LINC00608",2,0,8,10,20,2
"LINC00610",2,4,15,21,9.52380952380952,6
"LINC00852",2,0,15,17,11.7647058823529,2
"LINC00857",2,4,53,59,3.38983050847458,6
"LINC01057",2,4,28,34,5.88235294117647,6
"LINC01134",2,1,26,29,6.89655172413793,3
"LINC01137",2,0,16,18,11.1111111111111,2
"LIPM",2,0,9,11,18.1818181818182,2
"LL22NC03-104C7.1",2,1,15,18,11.1111111111111,3
"LL22NC03-86G7.1",2,0,13,15,13.3333333333333,2
"LLNLR-246C6.1",2,0,7,9,22.2222222222222,2
"LMAN1L",2,0,10,12,16.6666666666667,2
"LMAN2L",2,1,39,42,4.76190476190476,3
"LMX1B",2,0,1,3,66.6666666666667,2
"LNX1-AS1",2,0,1,3,66.6666666666667,2
"LOXL3",2,0,25,27,7.40740740740741,2
"LPCAT4",2,3,12,17,11.7647058823529,5
"LPP-AS1",2,0,9,11,18.1818181818182,2
"LRMP",2,0,15,17,11.7647058823529,2
"LRP10",2,0,14,16,12.5,2
"LRP1B",2,0,2,4,50,2
"LRP2BP",2,0,25,27,7.40740740740741,2
"LRP4",2,1,6,9,22.2222222222222,3
"LRPPRC",2,2,13,17,11.7647058823529,4
"LRR1",2,1,11,14,14.2857142857143,3
"LRRC15",2,0,6,8,25,2
"LRRC16B",2,0,7,9,22.2222222222222,2
"LRRC27",2,1,4,7,28.5714285714286,3
"LRRC36",2,0,7,9,22.2222222222222,2
"LRRC58",2,1,18,21,9.52380952380952,3
"LRRC6",2,0,15,17,11.7647058823529,2
"LRRC71",2,1,22,25,8,3
"LRRC73",2,0,9,11,18.1818181818182,2
"LRRC8B",2,1,13,16,12.5,3
"LRRC8D",2,0,24,26,7.69230769230769,2
"LRRFIP1",2,2,18,22,9.09090909090909,4
"LRRN3",2,1,14,17,11.7647058823529,3
"LTB4R",2,0,25,27,7.40740740740741,2
"LTB4R2",2,0,25,27,7.40740740740741,2
"LTBP1",2,6,35,43,4.65116279069767,8
"LTBP3",2,0,2,4,50,2
"LTV1",2,2,14,18,11.1111111111111,4
"LUC7L3",2,0,18,20,10,2
"LURAP1",2,0,8,10,20,2
"LY6G6C",2,0,11,13,15.3846153846154,2
"LY6G6D",2,0,11,13,15.3846153846154,2
"LY9",2,0,26,28,7.14285714285714,2
"LYPD3",2,0,20,22,9.09090909090909,2
"LZTS1",2,1,3,6,33.3333333333333,3
"LZTS1-AS1",2,1,3,6,33.3333333333333,3
"M6PR",2,0,3,5,40,2
"MAB21L1",2,0,0,2,100,2
"MACF1",2,0,9,11,18.1818181818182,2
"MAD1L1",2,0,26,28,7.14285714285714,2
"MAD2L1BP",2,0,10,12,16.6666666666667,2
"MADD",2,0,10,12,16.6666666666667,2
"MAG",2,0,18,20,10,2
"MAGEF1",2,0,3,5,40,2
"MAN1A1",2,0,10,12,16.6666666666667,2
"MAN1A2",2,2,15,19,10.5263157894737,4
"MANBAL",2,0,2,4,50,2
"MAP1B",2,0,7,9,22.2222222222222,2
"MAP2K6",2,1,16,19,10.5263157894737,3
"MAP3K3",2,1,18,21,9.52380952380952,3
"MAPK10",2,0,10,12,16.6666666666667,2
"MAPK8",2,1,28,31,6.45161290322581,3
"MAPK8IP3",2,0,4,6,33.3333333333333,2
"MAPRE2",2,1,12,15,13.3333333333333,3
"MARVELD2",2,0,26,28,7.14285714285714,2
"MATN1",2,3,61,66,3.03030303030303,5
"MATN1-AS1",2,3,61,66,3.03030303030303,5
"MAU2",2,1,14,17,11.7647058823529,3
"MAX",2,0,10,12,16.6666666666667,2
"MBOAT1",2,0,39,41,4.8780487804878,2
"MCCC1",2,0,19,21,9.52380952380952,2
"MCEE",2,0,8,10,20,2
"MCFD2",2,0,9,11,18.1818181818182,2
"MCM6",2,0,8,10,20,2
"MCRS1",2,0,10,12,16.6666666666667,2
"MCTP1",2,1,15,18,11.1111111111111,3
"MDH1",2,0,2,4,50,2
"MDM1",2,2,20,24,8.33333333333333,4
"MDM2",2,1,24,27,7.40740740740741,3
"ME3",2,0,7,9,22.2222222222222,2
"MECOM",2,3,10,15,13.3333333333333,5
"MED13",2,0,3,5,40,2
"MED15",2,0,6,8,25,2
"MED31",2,0,13,15,13.3333333333333,2
"MED4",2,1,11,14,14.2857142857143,3
"MED6",2,1,29,32,6.25,3
"MESDC1",2,2,25,29,6.89655172413793,4
"MESDC2",2,1,34,37,5.40540540540541,3
"MESP2",2,0,15,17,11.7647058823529,2
"METTL10",2,1,14,17,11.7647058823529,3
"METTL22",2,0,39,41,4.8780487804878,2
"METTL8",2,0,1,3,66.6666666666667,2
"MFAP3L",2,1,16,19,10.5263157894737,3
"MFHAS1",2,0,47,49,4.08163265306122,2
"MFN2",2,0,23,25,8,2
"MFSD2B",2,2,6,10,20,4
"MGAT2",2,1,11,14,14.2857142857143,3
"MGAT3",2,0,2,4,50,2
"MICALCL",2,1,18,21,9.52380952380952,3
"MICU2",2,3,47,52,3.84615384615385,5
"MIEF1",2,0,6,8,25,2
"MIER1",2,1,21,24,8.33333333333333,3
"MIR1",2,1,15,18,11.1111111111111,3
"MIR103A1",2,0,6,8,25,2
"MIR1183",2,0,6,8,25,2
"MIR1228",2,0,3,5,40,2
"MIR1272",2,0,2,4,50,2
"MIR1275",2,0,10,12,16.6666666666667,2
"MIR1284",2,1,36,39,5.12820512820513,3
"MIR1288",2,0,14,16,12.5,2
"MIR1289",2,2,39,43,4.65116279069767,4
"MIR1303",2,0,16,18,11.1111111111111,2
"MIR133B",2,1,6,9,22.2222222222222,3
"MIR133BHG",2,1,6,9,22.2222222222222,3
"MIR138",2,1,27,30,6.66666666666667,3
"MIR142",2,0,2,4,50,2
"MIR143HG",2,0,4,6,33.3333333333333,2
"MIR1469",2,1,14,17,11.7647058823529,3
"MIR146B",2,0,5,7,28.5714285714286,2
"MIR1471",2,1,27,30,6.66666666666667,3
"MIR1538",2,1,22,25,8,3
"MIR1539",2,0,7,9,22.2222222222222,2
"MIR186",2,4,48,54,3.7037037037037,6
"MIR190B",2,0,12,14,14.2857142857143,2
"MIR193B",2,3,32,37,5.40540540540541,5
"MIR2276",2,1,11,14,14.2857142857143,3
"MIR23A",2,0,7,9,22.2222222222222,2
"MIR24",2,0,7,9,22.2222222222222,2
"MIR27A",2,0,7,9,22.2222222222222,2
"MIR30C1",2,0,5,7,28.5714285714286,2
"MIR30E",2,0,5,7,28.5714285714286,2
"MIR3146",2,0,20,22,9.09090909090909,2
"MIR3159",2,2,36,40,5,4
"MIR3165",2,0,10,12,16.6666666666667,2
"MIR3180",2,1,9,12,16.6666666666667,3
"MIR3184",2,0,13,15,13.3333333333333,2
"MIR3193",2,1,9,12,16.6666666666667,3
"MIR3199",2,0,5,7,28.5714285714286,2
"MIR335",2,0,7,9,22.2222222222222,2
"MIR33B",2,0,17,19,10.5263157894737,2
"MIR345",2,0,6,8,25,2
"MIR3610",2,0,11,13,15.3846153846154,2
"MIR3656",2,1,14,17,11.7647058823529,3
"MIR3665",2,3,18,23,8.69565217391304,5
"MIR3666",2,0,0,2,100,2
"MIR3671",2,2,22,26,7.69230769230769,4
"MIR378A",2,0,4,6,33.3333333333333,2
"MIR3912",2,0,6,8,25,2
"MIR3913",2,0,21,23,8.69565217391304,2
"MIR423",2,0,13,15,13.3333333333333,2
"MIR4520A",2,0,13,15,13.3333333333333,2
"MIR4667",2,0,4,6,33.3333333333333,2
"MIR4700",2,0,24,26,7.69230769230769,2
"MIR4736",2,0,2,4,50,2
"MIR4781",2,0,30,32,6.25,2
"MIR4795",2,4,11,17,11.7647058823529,6
"MIR5009",2,0,9,11,18.1818181818182,2
"MIR5187",2,0,10,12,16.6666666666667,2
"MIR548AL",2,1,5,8,25,3
"MIR550A1",2,2,27,31,6.45161290322581,4
"MIR553",2,4,7,13,15.3846153846154,6
"MIR558",2,3,25,30,6.66666666666667,5
"MIR5580",2,0,6,8,25,2
"MIR567",2,0,36,38,5.26315789473684,2
"MIR593",2,1,11,14,14.2857142857143,3
"MIR600HG",2,0,10,12,16.6666666666667,2
"MIR607",2,2,29,33,6.06060606060606,4
"MIR635",2,0,27,29,6.89655172413793,2
"MIR940",2,0,3,5,40,2
"MIS12",2,0,7,9,22.2222222222222,2
"MIS18A",2,0,6,8,25,2
"MIS18A-AS1",2,0,6,8,25,2
"MKNK1",2,1,15,18,11.1111111111111,3
"MLH3",2,0,13,15,13.3333333333333,2
"MLN",2,0,14,16,12.5,2
"MLYCD",2,1,19,22,9.09090909090909,3
"MMACHC",2,0,11,13,15.3846153846154,2
"MME",2,3,21,26,7.69230769230769,5
"MMEL1",2,0,12,14,14.2857142857143,2
"MMP14",2,1,27,30,6.66666666666667,3
"MMP2",2,2,17,21,9.52380952380952,4
"MMP20",2,4,44,50,4,6
"MMP7",2,3,40,45,4.44444444444444,5
"MMS19",2,0,30,32,6.25,2
"MNAT1",2,1,18,21,9.52380952380952,3
"MOB1A",2,1,34,37,5.40540540540541,3
"MOB1B",2,1,27,30,6.66666666666667,3
"MOB3B",2,0,26,28,7.14285714285714,2
"MOB3C",2,1,15,18,11.1111111111111,3
"MOGS",2,1,26,29,6.89655172413793,3
"MOK",2,0,23,25,8,2
"MORC2",2,0,8,10,20,2
"MORC3",2,0,12,14,14.2857142857143,2
"MORN1",2,0,13,15,13.3333333333333,2
"MPC1",2,0,35,37,5.40540540540541,2
"MPHOSPH10",2,0,8,10,20,2
"MPHOSPH8",2,1,17,20,10,3
"MPL",2,0,1,3,66.6666666666667,2
"MPP6",2,0,12,14,14.2857142857143,2
"MRE11A",2,4,31,37,5.40540540540541,6
"MRGPRX2",2,0,11,13,15.3846153846154,2
"MRM1",2,0,8,10,20,2
"MROH7",2,0,1,3,66.6666666666667,2
"MROH7-TTC4",2,0,1,3,66.6666666666667,2
"MRPL32",2,1,24,27,7.40740740740741,3
"MRPL36",2,0,46,48,4.16666666666667,2
"MRPL38",2,0,20,22,9.09090909090909,2
"MRPL44",2,0,20,22,9.09090909090909,2
"MRPL49",2,0,17,19,10.5263157894737,2
"MRPL52",2,1,22,25,8,3
"MRPL53",2,1,26,29,6.89655172413793,3
"MRPL55",2,0,6,8,25,2
"MRPL9",2,1,29,32,6.25,3
"MRPS16",2,0,12,14,14.2857142857143,2
"MRPS5",2,2,19,23,8.69565217391304,4
"MRPS9",2,1,14,17,11.7647058823529,3
"MS4A12",2,2,11,15,13.3333333333333,4
"MSH4",2,6,38,46,4.34782608695652,8
"MSX1",2,1,2,5,40,3
"MTF2",2,0,16,18,11.1111111111111,2
"MTHFD2L",2,0,21,23,8.69565217391304,2
"MTMR4",2,2,14,18,11.1111111111111,4
"MTOR",2,0,10,12,16.6666666666667,2
"MTTP",2,2,17,21,9.52380952380952,4
"MX1",2,1,15,18,11.1111111111111,3
"MX2",2,1,13,16,12.5,3
"MYBPC1",2,2,13,17,11.7647058823529,4
"MYC",2,2,72,76,2.63157894736842,4
"MYH11",2,0,27,29,6.89655172413793,2
"MYL12A",2,0,21,23,8.69565217391304,2
"MYL3",2,0,5,7,28.5714285714286,2
"MYL4",2,0,7,9,22.2222222222222,2
"MYO18A",2,0,14,16,12.5,2
"MYO6",2,3,33,38,5.26315789473684,5
"MYOM1",2,1,32,35,5.71428571428571,3
"MYPN",2,2,28,32,6.25,4
"MYRFL",2,1,13,16,12.5,3
"MYSM1",2,1,25,28,7.14285714285714,3
"NAA20",2,3,16,21,9.52380952380952,5
"NAA25",2,0,10,12,16.6666666666667,2
"NAA30",2,1,19,22,9.09090909090909,3
"NAA40",2,0,7,9,22.2222222222222,2
"NADSYN1",2,0,15,17,11.7647058823529,2
"NAE1",2,0,7,9,22.2222222222222,2
"NAIF1",2,0,5,7,28.5714285714286,2
"NAP1L1",2,7,40,49,4.08163265306122,9
"NARF",2,0,1,3,66.6666666666667,2
"NAV2-AS4",2,1,11,14,14.2857142857143,3
"NBEAL2",2,0,13,15,13.3333333333333,2
"NBPF18P",2,1,19,22,9.09090909090909,3
"NCAM1",2,2,9,13,15.3846153846154,4
"NCAM1-AS1",2,2,8,12,16.6666666666667,4
"NCAPG2",2,2,23,27,7.40740740740741,4
"NCBP2-AS2",2,0,7,9,22.2222222222222,2
"NCEH1",2,0,7,9,22.2222222222222,2
"NCK2",2,3,60,65,3.07692307692308,5
"NCKAP1L",2,0,2,4,50,2
"NCL",2,2,26,30,6.66666666666667,4
"NCMAP",2,1,11,14,14.2857142857143,3
"NCOA7",2,2,9,13,15.3846153846154,4
"NCOR1",2,1,32,35,5.71428571428571,3
"NCR3LG1",2,2,23,27,7.40740740740741,4
"NDC1",2,0,15,17,11.7647058823529,2
"NDFIP1",2,0,10,12,16.6666666666667,2
"NDUFA5",2,0,7,9,22.2222222222222,2
"NDUFA7",2,0,5,7,28.5714285714286,2
"NDUFAF4",2,4,38,44,4.54545454545455,6
"NDUFAF4P1",2,2,23,27,7.40740740740741,4
"NDUFAF7",2,0,8,10,20,2
"NDUFB7",2,0,3,5,40,2
"NDUFC2",2,1,24,27,7.40740740740741,3
"NDUFC2-KCTD14",2,1,24,27,7.40740740740741,3
"NDUFS3",2,1,27,30,6.66666666666667,3
"NDUFS6",2,0,46,48,4.16666666666667,2
"NDUFV2",2,0,24,26,7.69230769230769,2
"NEB",2,2,14,18,11.1111111111111,4
"NECAB2",2,0,12,14,14.2857142857143,2
"NEDD4L",2,4,20,26,7.69230769230769,6
"NEK11",2,2,21,25,8,4
"NELFCD",2,0,10,12,16.6666666666667,2
"NEU1",2,0,13,15,13.3333333333333,2
"NEURL2",2,0,10,12,16.6666666666667,2
"NEUROG1",2,0,8,10,20,2
"NFAT5",2,1,22,25,8,3
"NFKBIA",2,1,15,18,11.1111111111111,3
"NFYB",2,1,8,11,18.1818181818182,3
"NFYC-AS1",2,1,9,12,16.6666666666667,3
"NHLRC3",2,1,25,28,7.14285714285714,3
"NIM1K",2,0,2,4,50,2
"NIN",2,0,2,4,50,2
"NINJ1",2,2,3,7,28.5714285714286,4
"NIPAL3",2,2,21,25,8,4
"NKG7",2,0,0,2,100,2
"NKIRAS1",2,0,34,36,5.55555555555556,2
"NLRP13",2,0,13,15,13.3333333333333,2
"NME7",2,0,18,20,10,2
"NME9",2,0,7,9,22.2222222222222,2
"NOD1",2,3,64,69,2.89855072463768,5
"NOLC1",2,0,16,18,11.1111111111111,2
"NPDC1",2,0,4,6,33.3333333333333,2
"NPL",2,2,43,47,4.25531914893617,4
"NPM1",2,0,6,8,25,2
"NPPC",2,1,28,31,6.45161290322581,3
"NPTN",2,0,11,13,15.3846153846154,2
"NR1D2",2,0,21,23,8.69565217391304,2
"NR1I3",2,0,10,12,16.6666666666667,2
"NR2C1",2,0,8,10,20,2
"NR2F2",2,1,14,17,11.7647058823529,3
"NR4A2",2,1,50,53,3.77358490566038,3
"NRD1",2,1,9,12,16.6666666666667,3
"NREP-AS1",2,1,11,14,14.2857142857143,3
"NRSN2",2,1,17,20,10,3
"NSMCE2",2,2,80,84,2.38095238095238,4
"NSRP1",2,0,13,15,13.3333333333333,2
"NT5C2",2,0,4,6,33.3333333333333,2
"NT5DC1",2,1,18,21,9.52380952380952,3
"NUDT14",2,0,11,13,15.3846153846154,2
"NUDT16L1",2,1,34,37,5.40540540540541,3
"NUP107",2,1,18,21,9.52380952380952,3
"NUP160",2,2,39,43,4.65116279069767,4
"NUP210",2,1,15,18,11.1111111111111,3
"NXF1",2,0,14,16,12.5,2
"NXPH3",2,1,30,33,6.06060606060606,3
"OAZ3",2,1,29,32,6.25,3
"OBFC1",2,4,30,36,5.55555555555556,6
"ODC1",2,1,35,38,5.26315789473684,3
"OLIG3",2,1,13,16,12.5,3
"OR10J1",2,0,2,4,50,2
"OR10J5",2,0,2,4,50,2
"OR10R2",2,1,28,31,6.45161290322581,3
"OR10R3P",2,0,26,28,7.14285714285714,2
"OR2AJ1",2,0,4,6,33.3333333333333,2
"OR2L13",2,0,3,5,40,2
"OR2M4",2,0,5,7,28.5714285714286,2
"OR2T1",2,0,17,19,10.5263157894737,2
"OR2T4",2,0,9,11,18.1818181818182,2
"OR2V1",2,0,0,2,100,2
"OR2X1P",2,0,3,5,40,2
"OR4D6",2,0,4,6,33.3333333333333,2
"OR52K2",2,0,9,11,18.1818181818182,2
"OR52W1",2,0,4,6,33.3333333333333,2
"OR5AN1",2,0,3,5,40,2
"OR6S1",2,0,17,19,10.5263157894737,2
"ORAOV1",2,0,32,34,5.88235294117647,2
"OSBPL11",2,2,30,34,5.88235294117647,4
"OSBPL6",2,0,8,10,20,2
"OSGIN1",2,1,20,23,8.69565217391304,3
"OVGP1",2,0,8,10,20,2
"P2RY1",2,3,8,13,15.3846153846154,5
"P4HA2",2,0,3,5,40,2
"PACS2",2,0,29,31,6.45161290322581,2
"PADI1",2,0,9,11,18.1818181818182,2
"PAN2",2,0,13,15,13.3333333333333,2
"PANK2",2,0,6,8,25,2
"PANK4",2,0,7,9,22.2222222222222,2
"PANX2",2,0,4,6,33.3333333333333,2
"PAPD7",2,1,46,49,4.08163265306122,3
"PAPOLA",2,1,23,26,7.69230769230769,3
"PAQR6",2,0,5,7,28.5714285714286,2
"PAQR8",2,0,10,12,16.6666666666667,2
"PARN",2,1,18,21,9.52380952380952,3
"PARP14",2,2,17,21,9.52380952380952,4
"PARP4",2,0,21,23,8.69565217391304,2
"PAX5",2,2,32,36,5.55555555555556,4
"PAXBP1",2,2,13,17,11.7647058823529,4
"PAXIP1",2,2,50,54,3.7037037037037,4
"PAXIP1-AS1",2,2,50,54,3.7037037037037,4
"PCDH12",2,2,26,30,6.66666666666667,4
"PCDHA1",2,0,15,17,11.7647058823529,2
"PCDHA10",2,0,18,20,10,2
"PCDHA14",2,0,18,20,10,2
"PCDHA3",2,0,23,25,8,2
"PCDHA4",2,0,17,19,10.5263157894737,2
"PCDHA5",2,0,21,23,8.69565217391304,2
"PCDHA6",2,0,21,23,8.69565217391304,2
"PCDHA9",2,0,23,25,8,2
"PCDHB1",2,0,13,15,13.3333333333333,2
"PCDHB6",2,0,4,6,33.3333333333333,2
"PCDHGA10",2,0,20,22,9.09090909090909,2
"PCDHGA11",2,0,20,22,9.09090909090909,2
"PCDHGB7",2,0,20,22,9.09090909090909,2
"PCGF1",2,0,15,17,11.7647058823529,2
"PCNXL4",2,2,23,27,7.40740740740741,4
"PCSK7",2,1,24,27,7.40740740740741,3
"PDE4DIP",2,0,9,11,18.1818181818182,2
"PDE6A",2,0,11,13,15.3846153846154,2
"PDHB",2,0,15,17,11.7647058823529,2
"PDIA3P1",2,3,30,35,5.71428571428571,5
"PDIA4",2,1,19,22,9.09090909090909,3
"PDK2",2,0,4,6,33.3333333333333,2
"PDLIM1",2,1,8,11,18.1818181818182,3
"PDS5A",2,1,9,12,16.6666666666667,3
"PDXP",2,0,1,3,66.6666666666667,2
"PDZD8",2,3,42,47,4.25531914893617,5
"PDZD9",2,1,38,41,4.8780487804878,3
"PEA15",2,0,10,12,16.6666666666667,2
"PEAR1",2,1,22,25,8,3
"PECR",2,1,38,41,4.8780487804878,3
"PER2",2,0,7,9,22.2222222222222,2
"PEX1",2,3,17,22,9.09090909090909,5
"PEX10",2,0,15,17,11.7647058823529,2
"PEX12",2,0,33,35,5.71428571428571,2
"PEX19",2,1,18,21,9.52380952380952,3
"PEX2",2,2,27,31,6.45161290322581,4
"PEX3",2,0,6,8,25,2
"PEX7",2,0,14,16,12.5,2
"PFAS",2,0,11,13,15.3846153846154,2
"PGBD4",2,1,11,14,14.2857142857143,3
"PGM1",2,2,13,17,11.7647058823529,4
"PGM2L1",2,1,5,8,25,3
"PGM3",2,1,21,24,8.33333333333333,3
"PHACTR4",2,0,7,9,22.2222222222222,2
"PHC2",2,0,16,18,11.1111111111111,2
"PHF21A",2,0,13,15,13.3333333333333,2
"PHF3",2,7,53,62,3.2258064516129,9
"PHKG1",2,1,17,20,10,3
"PHOX2A",2,1,20,23,8.69565217391304,3
"PI4KA",2,0,3,5,40,2
"PIANP",2,1,18,21,9.52380952380952,3
"PIGM",2,1,11,14,14.2857142857143,3
"PIGN",2,0,26,28,7.14285714285714,2
"PIGT",2,0,10,12,16.6666666666667,2
"PIK3CB",2,1,14,17,11.7647058823529,3
"PIK3IP1",2,0,8,10,20,2
"PIK3R5",2,0,4,6,33.3333333333333,2
"PITPNA",2,0,8,10,20,2
"PITPNB",2,0,5,7,28.5714285714286,2
"PITPNC1",2,0,14,16,12.5,2
"PITPNM2",2,0,17,19,10.5263157894737,2
"PITX2",2,0,2,4,50,2
"PKD1",2,1,9,12,16.6666666666667,3
"PKD1L1",2,0,34,36,5.55555555555556,2
"PKD1L2",2,0,3,5,40,2
"PKHD1",2,0,6,8,25,2
"PKP4",2,0,16,18,11.1111111111111,2
"PLA2G16",2,0,4,6,33.3333333333333,2
"PLA2G1B",2,0,13,15,13.3333333333333,2
"PLAA",2,1,31,34,5.88235294117647,3
"PLAUR",2,0,18,20,10,2
"PLBD1",2,0,11,13,15.3846153846154,2
"PLCD3",2,0,12,14,14.2857142857143,2
"PLCH1-AS2",2,0,4,6,33.3333333333333,2
"PLCL1",2,1,26,29,6.89655172413793,3
"PLEKHA1",2,1,16,19,10.5263157894737,3
"PLEKHA8",2,3,44,49,4.08163265306122,5
"PLEKHF2",2,2,46,50,4,4
"PLGRKT",2,3,19,24,8.33333333333333,5
"PLOD2",2,5,14,21,9.52380952380952,7
"PLSCR5",2,7,11,20,10,9
"PLXNA1",2,0,4,6,33.3333333333333,2
"PMF1",2,0,12,14,14.2857142857143,2
"PMF1-BGLAP",2,0,12,14,14.2857142857143,2
"PNPT1",2,2,9,13,15.3846153846154,4
"PNRC2",2,0,11,13,15.3846153846154,2
"POGZ",2,0,17,19,10.5263157894737,2
"POLA2",2,0,5,7,28.5714285714286,2
"POLD2",2,0,13,15,13.3333333333333,2
"POLE2",2,0,7,9,22.2222222222222,2
"POLH",2,0,3,5,40,2
"POLQ",2,1,34,37,5.40540540540541,3
"POLR1B",2,0,15,17,11.7647058823529,2
"POLR1C",2,0,10,12,16.6666666666667,2
"POLR2H",2,1,19,22,9.09090909090909,3
"POLR3B",2,1,29,32,6.25,3
"POLR3E",2,0,13,15,13.3333333333333,2
"POP1",2,0,9,11,18.1818181818182,2
"POP4",2,2,34,38,5.26315789473684,4
"POR",2,0,10,12,16.6666666666667,2
"POU1F1",2,5,14,21,9.52380952380952,7
"POU3F1",2,0,23,25,8,2
"POU6F2",2,1,8,11,18.1818181818182,3
"PPA2",2,1,18,21,9.52380952380952,3
"PPARG",2,2,32,36,5.55555555555556,4
"PPARGC1B",2,0,4,6,33.3333333333333,2
"PPIAP28",2,0,6,8,25,2
"PPIG",2,1,19,22,9.09090909090909,3
"PPIL1",2,0,8,10,20,2
"PPL",2,1,30,33,6.06060606060606,3
"PPM1F",2,0,13,15,13.3333333333333,2
"PPP1R12A",2,4,30,36,5.55555555555556,6
"PPP1R12C",2,0,20,22,9.09090909090909,2
"PPP1R1C",2,0,13,15,13.3333333333333,2
"PPP1R21",2,0,38,40,5,2
"PPP2R2A",2,0,32,34,5.88235294117647,2
"PPP2R3C",2,0,3,5,40,2
"PPP2R4",2,0,8,10,20,2
"PPP3CB",2,0,8,10,20,2
"PPP4R1",2,3,40,45,4.44444444444444,5
"PPP6R3",2,0,13,15,13.3333333333333,2
"PRDM11",2,2,24,28,7.14285714285714,4
"PRELP",2,0,16,18,11.1111111111111,2
"PREPL",2,1,21,24,8.33333333333333,3
"PRICKLE2-AS1",2,0,22,24,8.33333333333333,2
"PRKAA1",2,0,15,17,11.7647058823529,2
"PRKAB2",2,3,30,35,5.71428571428571,5
"PRKAG3",2,0,10,12,16.6666666666667,2
"PRMT2",2,0,17,19,10.5263157894737,2
"PROK1",2,0,10,12,16.6666666666667,2
"PROSER1",2,1,25,28,7.14285714285714,3
"PROX1",2,1,9,12,16.6666666666667,3
"PRPF19",2,2,31,35,5.71428571428571,4
"PRPF40A",2,1,3,6,33.3333333333333,3
"PRPF40B",2,0,11,13,15.3846153846154,2
"PRR18",2,0,8,10,20,2
"PRR7",2,0,10,12,16.6666666666667,2
"PRRC2B",2,0,17,19,10.5263157894737,2
"PRSS23",2,0,14,16,12.5,2
"PRSS35",2,3,18,23,8.69565217391304,5
"PRSS45",2,0,4,6,33.3333333333333,2
"PRSS46",2,0,4,6,33.3333333333333,2
"PRSS50",2,0,4,6,33.3333333333333,2
"PRSS51",2,0,9,11,18.1818181818182,2
"PRSS53",2,0,11,13,15.3846153846154,2
"PRSS54",2,0,7,9,22.2222222222222,2
"PRUNE",2,0,5,7,28.5714285714286,2
"PSD",2,1,12,15,13.3333333333333,3
"PSD2",2,2,16,20,10,4
"PSD4",2,0,13,15,13.3333333333333,2
"PSMA2",2,1,24,27,7.40740740740741,3
"PSMB4",2,0,23,25,8,2
"PSMD1",2,0,7,9,22.2222222222222,2
"PSMD6-AS2",2,1,34,37,5.40540540540541,3
"PSMG3",2,0,18,20,10,2
"PSMG3-AS1",2,0,18,20,10,2
"PSTPIP2",2,0,6,8,25,2
"PTGS2",2,2,11,15,13.3333333333333,4
"PTH1R",2,0,5,7,28.5714285714286,2
"PTK6",2,0,11,13,15.3846153846154,2
"PTP4A2",2,0,11,13,15.3846153846154,2
"PTPLAD2",2,0,7,9,22.2222222222222,2
"PTPN13",2,0,4,6,33.3333333333333,2
"PTPN2",2,0,23,25,8,2
"PTPRC",2,0,21,23,8.69565217391304,2
"PTPRS",2,0,10,12,16.6666666666667,2
"PTRHD1",2,1,12,15,13.3333333333333,3
"PUM2",2,4,75,81,2.46913580246914,6
"PUS3",2,4,41,47,4.25531914893617,6
"PWP2",2,0,6,8,25,2
"PXN-AS1",2,0,20,22,9.09090909090909,2
"PYCARD",2,1,34,37,5.40540540540541,3
"PYDC1",2,0,29,31,6.45161290322581,2
"PYGL",2,1,23,26,7.69230769230769,3
"QPCTL",2,0,3,5,40,2
"R3HCC1L",2,1,12,15,13.3333333333333,3
"RAB11FIP1",2,0,18,20,10,2
"RAB17",2,2,22,26,7.69230769230769,4
"RAB18",2,0,4,6,33.3333333333333,2
"RAB20",2,1,18,21,9.52380952380952,3
"RAB27B",2,0,7,9,22.2222222222222,2
"RAB37",2,0,13,15,13.3333333333333,2
"RAB3GAP1",2,2,14,18,11.1111111111111,4
"RAB3IP",2,1,11,14,14.2857142857143,3
"RAB42",2,0,4,6,33.3333333333333,2
"RAB7A",2,0,3,5,40,2
"RABGGTB",2,8,50,60,3.33333333333333,10
"RABL6",2,0,11,13,15.3846153846154,2
"RAD18",2,1,42,45,4.44444444444444,3
"RAD21",2,0,11,13,15.3846153846154,2
"RAD21-AS1",2,0,11,13,15.3846153846154,2
"RAD21L1",2,0,6,8,25,2
"RAD51",2,0,7,9,22.2222222222222,2
"RAD51-AS1",2,0,7,9,22.2222222222222,2
"RAD51C",2,2,5,9,22.2222222222222,4
"RAD51D",2,2,4,8,25,4
"RAD51L3-RFFL",2,2,4,8,25,4
"RAI1",2,0,48,50,4,2
"RALB",2,1,11,14,14.2857142857143,3
"RAMP1",2,0,41,43,4.65116279069767,2
"RAMP3",2,1,8,11,18.1818181818182,3
"RAN",2,1,36,39,5.12820512820513,3
"RANBP1",2,0,9,11,18.1818181818182,2
"RANBP10",2,0,17,19,10.5263157894737,2
"RAP1GDS1",2,5,28,35,5.71428571428571,7
"RASAL2",2,5,19,26,7.69230769230769,7
"RASAL2-AS1",2,5,19,26,7.69230769230769,7
"RASGEF1A",2,0,10,12,16.6666666666667,2
"RASGEF1B",2,0,18,20,10,2
"RASGRF1",2,0,7,9,22.2222222222222,2
"RASL10B",2,1,8,11,18.1818181818182,3
"RASL11B",2,0,8,10,20,2
"RASSF8",2,0,8,10,20,2
"RASSF8-AS1",2,0,8,10,20,2
"RBBP6",2,0,9,11,18.1818181818182,2
"RBM11",2,1,15,18,11.1111111111111,3
"RBM39",2,1,20,23,8.69565217391304,3
"RBMXL1",2,0,2,4,50,2
"RBPJ",2,1,14,17,11.7647058823529,3
"RC3H2",2,0,12,14,14.2857142857143,2
"RCAN3",2,1,13,16,12.5,3
"RCL1",2,0,9,11,18.1818181818182,2
"RCSD1",2,0,10,12,16.6666666666667,2
"RDH10",2,4,46,52,3.84615384615385,6
"REEP3",2,3,27,32,6.25,5
"REEP5",2,1,25,28,7.14285714285714,3
"REM2",2,0,14,16,12.5,2
"REP15",2,0,6,8,25,2
"RER1",2,0,13,15,13.3333333333333,2
"RFFL",2,1,17,20,10,3
"RFK",2,1,15,18,11.1111111111111,3
"RFX8",2,1,30,33,6.06060606060606,3
"RGL1",2,1,21,24,8.33333333333333,3
"RGS10",2,1,48,51,3.92156862745098,3
"RGS22",2,0,20,22,9.09090909090909,2
"RHAG",2,3,9,14,14.2857142857143,5
"RHNO1",2,0,8,10,20,2
"RHOH",2,1,22,25,8,3
"RHOU",2,0,5,7,28.5714285714286,2
"RHPN1",2,0,2,4,50,2
"RHPN1-AS1",2,0,2,4,50,2
"RILP",2,0,8,10,20,2
"RIOK3",2,1,15,18,11.1111111111111,3
"RIPK3",2,0,35,37,5.40540540540541,2
"RMDN1",2,2,14,18,11.1111111111111,4
"RMDN2",2,0,18,20,10,2
"RMRP",2,0,2,4,50,2
"RN7SKP29",2,1,12,15,13.3333333333333,3
"RN7SL374P",2,2,31,35,5.71428571428571,4
"RN7SL393P",2,0,16,18,11.1111111111111,2
"RN7SL54P",2,1,5,8,25,3
"RNA5SP151",2,0,19,21,9.52380952380952,2
"RNA5SP192",2,0,11,13,15.3846153846154,2
"RNA5SP221",2,0,6,8,25,2
"RNA5SP440",2,0,8,10,20,2
"RNA5SP481",2,0,2,4,50,2
"RNASE9",2,0,14,16,12.5,2
"RNF14",2,2,26,30,6.66666666666667,4
"RNF145",2,1,21,24,8.33333333333333,3
"RNF149",2,0,39,41,4.8780487804878,2
"RNF181",2,0,0,2,100,2
"RNF2",2,1,13,16,12.5,3
"RNF20",2,3,47,52,3.84615384615385,5
"RNF207",2,1,38,41,4.8780487804878,3
"RNF214",2,1,24,27,7.40740740740741,3
"RNF6",2,1,13,16,12.5,3
"RNMTL1",2,0,20,22,9.09090909090909,2
"RNU1-101P",2,3,21,26,7.69230769230769,5
"RNU1-109P",2,8,38,48,4.16666666666667,10
"RNU1-117P",2,1,6,9,22.2222222222222,3
"RNU1-130P",2,1,11,14,14.2857142857143,3
"RNU1-19P",2,0,10,12,16.6666666666667,2
"RNU1-38P",2,0,24,26,7.69230769230769,2
"RNU1-73P",2,1,31,34,5.88235294117647,3
"RNU1-83P",2,0,1,3,66.6666666666667,2
"RNU105C",2,1,15,18,11.1111111111111,3
"RNU2-11P",2,0,5,7,28.5714285714286,2
"RNU2-14P",2,0,10,12,16.6666666666667,2
"RNU2-20P",2,1,8,11,18.1818181818182,3
"RNU2-31P",2,1,14,17,11.7647058823529,3
"RNU4-42P",2,0,23,25,8,2
"RNU4-75P",2,0,0,2,100,2
"RNU4-7P",2,1,4,7,28.5714285714286,3
"RNU4-84P",2,2,25,29,6.89655172413793,4
"RNU4ATAC",2,0,14,16,12.5,2
"RNU4ATAC13P",2,0,19,21,9.52380952380952,2
"RNU4ATAC4P",2,0,3,5,40,2
"RNU5A-3P",2,1,5,8,25,3
"RNU5A-6P",2,2,31,35,5.71428571428571,4
"RNU5B-2P",2,2,13,17,11.7647058823529,4
"RNU5B-3P",2,2,14,18,11.1111111111111,4
"RNU5E-9P",2,0,12,14,14.2857142857143,2
"RNU5F",2,0,6,8,25,2
"RNU6-1010P",2,3,59,64,3.125,5
"RNU6-101P",2,1,27,30,6.66666666666667,3
"RNU6-1029P",2,0,39,41,4.8780487804878,2
"RNU6-1058P",2,0,9,11,18.1818181818182,2
"RNU6-1077P",2,0,7,9,22.2222222222222,2
"RNU6-1079P",2,0,2,4,50,2
"RNU6-1080P",2,0,9,11,18.1818181818182,2
"RNU6-1091P",2,1,18,21,9.52380952380952,3
"RNU6-1107P",2,2,42,46,4.34782608695652,4
"RNU6-1111P",2,0,9,11,18.1818181818182,2
"RNU6-1114P",2,1,36,39,5.12820512820513,3
"RNU6-1152P",2,0,7,9,22.2222222222222,2
"RNU6-1181P",2,0,2,4,50,2
"RNU6-1198P",2,0,23,25,8,2
"RNU6-11P",2,4,23,29,6.89655172413793,6
"RNU6-1212P",2,0,6,8,25,2
"RNU6-1218P",2,1,15,18,11.1111111111111,3
"RNU6-1224P",2,0,9,11,18.1818181818182,2
"RNU6-1263P",2,0,7,9,22.2222222222222,2
"RNU6-128P",2,1,10,13,15.3846153846154,3
"RNU6-151P",2,1,24,27,7.40740740740741,3
"RNU6-169P",2,0,2,4,50,2
"RNU6-172P",2,0,0,2,100,2
"RNU6-192P",2,0,31,33,6.06060606060606,2
"RNU6-194P",2,0,6,8,25,2
"RNU6-201P",2,0,10,12,16.6666666666667,2
"RNU6-211P",2,0,3,5,40,2
"RNU6-213P",2,1,30,33,6.06060606060606,3
"RNU6-232P",2,0,24,26,7.69230769230769,2
"RNU6-252P",2,0,15,17,11.7647058823529,2
"RNU6-258P",2,2,10,14,14.2857142857143,4
"RNU6-268P",2,0,3,5,40,2
"RNU6-293P",2,0,21,23,8.69565217391304,2
"RNU6-343P",2,0,6,8,25,2
"RNU6-372P",2,0,13,15,13.3333333333333,2
"RNU6-384P",2,0,3,5,40,2
"RNU6-387P",2,0,10,12,16.6666666666667,2
"RNU6-43P",2,0,7,9,22.2222222222222,2
"RNU6-440P",2,0,10,12,16.6666666666667,2
"RNU6-451P",2,3,35,40,5,5
"RNU6-459P",2,1,26,29,6.89655172413793,3
"RNU6-479P",2,0,6,8,25,2
"RNU6-494P",2,2,23,27,7.40740740740741,4
"RNU6-509P",2,2,15,19,10.5263157894737,4
"RNU6-526P",2,0,6,8,25,2
"RNU6-548P",2,0,5,7,28.5714285714286,2
"RNU6-560P",2,2,38,42,4.76190476190476,4
"RNU6-601P",2,5,12,19,10.5263157894737,7
"RNU6-64P",2,0,9,11,18.1818181818182,2
"RNU6-672P",2,0,21,23,8.69565217391304,2
"RNU6-678P",2,2,10,14,14.2857142857143,4
"RNU6-689P",2,0,6,8,25,2
"RNU6-701P",2,1,12,15,13.3333333333333,3
"RNU6-724P",2,0,15,17,11.7647058823529,2
"RNU6-757P",2,0,5,7,28.5714285714286,2
"RNU6-773P",2,6,34,42,4.76190476190476,8
"RNU6-786P",2,1,18,21,9.52380952380952,3
"RNU6-78P",2,0,1,3,66.6666666666667,2
"RNU6-797P",2,0,10,12,16.6666666666667,2
"RNU6-823P",2,0,7,9,22.2222222222222,2
"RNU6-842P",2,1,27,30,6.66666666666667,3
"RNU6-843P",2,1,42,45,4.44444444444444,3
"RNU6-872P",2,8,27,37,5.40540540540541,10
"RNU6-884P",2,0,5,7,28.5714285714286,2
"RNU6-890P",2,0,11,13,15.3846153846154,2
"RNU6-903P",2,3,40,45,4.44444444444444,5
"RNU6-915P",2,0,2,4,50,2
"RNU6-920P",2,2,17,21,9.52380952380952,4
"RNU6-944P",2,0,4,6,33.3333333333333,2
"RNU6-952P",2,1,30,33,6.06060606060606,3
"RNU6-955P",2,0,16,18,11.1111111111111,2
"RNU6ATAC14P",2,0,4,6,33.3333333333333,2
"RNU6ATAC2P",2,1,19,22,9.09090909090909,3
"RNU6ATAC30P",2,0,6,8,25,2
"RNU6ATAC31P",2,0,15,17,11.7647058823529,2
"RNU6ATAC32P",2,2,22,26,7.69230769230769,4
"RNU6ATAC8P",2,0,7,9,22.2222222222222,2
"RNU7-111P",2,0,9,11,18.1818181818182,2
"RNU7-117P",2,0,13,15,13.3333333333333,2
"RNU7-124P",2,0,37,39,5.12820512820513,2
"RNU7-136P",2,0,4,6,33.3333333333333,2
"RNU7-165P",2,0,3,5,40,2
"RNU7-171P",2,0,6,8,25,2
"RNU7-172P",2,1,19,22,9.09090909090909,3
"RNU7-198P",2,1,23,26,7.69230769230769,3
"RNU7-20P",2,1,14,17,11.7647058823529,3
"RNU7-46P",2,3,37,42,4.76190476190476,5
"RNU7-49P",2,1,10,13,15.3846153846154,3
"RNU7-57P",2,0,14,16,12.5,2
"RNU7-79P",2,1,13,16,12.5,3
"RNU7-81P",2,0,3,5,40,2
"RORC",2,1,31,34,5.88235294117647,3
"RP1-111C20.4",2,2,23,27,7.40740740740741,4
"RP1-120G22.11",2,1,38,41,4.8780487804878,3
"RP1-155G6.4",2,1,10,13,15.3846153846154,3
"RP1-168L15.5",2,0,35,37,5.40540540540541,2
"RP1-179N16.6",2,0,6,8,25,2
"RP1-197B17.3",2,2,22,26,7.69230769230769,4
"RP1-20B11.2",2,0,20,22,9.09090909090909,2
"RP1-225E12.2",2,0,0,2,100,2
"RP1-266L20.2",2,1,8,11,18.1818181818182,3
"RP1-290I10.3",2,0,12,14,14.2857142857143,2
"RP1-76B20.11",2,0,2,4,50,2
"RP1-76B20.12",2,0,2,4,50,2
"RP1-92O14.3",2,0,9,11,18.1818181818182,2
"RP11-1020M18.10",2,0,19,21,9.52380952380952,2
"RP11-1029J19.5",2,0,11,13,15.3846153846154,2
"RP11-103B5.2",2,0,6,8,25,2
"RP11-106M3.1",2,1,9,12,16.6666666666667,3
"RP11-106M3.2",2,1,9,12,16.6666666666667,3
"RP11-107N15.1",2,0,15,17,11.7647058823529,2
"RP11-1094M14.7",2,0,19,21,9.52380952380952,2
"RP11-10J21.3",2,0,3,5,40,2
"RP11-10J21.4",2,0,3,5,40,2
"RP11-10N23.5",2,3,25,30,6.66666666666667,5
"RP11-110H1.4",2,0,7,9,22.2222222222222,2
"RP11-112H10.4",2,2,14,18,11.1111111111111,4
"RP11-113K21.1",2,7,41,50,4,9
"RP11-1148O4.2",2,0,13,15,13.3333333333333,2
"RP11-115D19.1",2,0,0,2,100,2
"RP11-116G8.5",2,2,3,7,28.5714285714286,4
"RP11-119B16.2",2,0,6,8,25,2
"RP11-122G18.5",2,0,2,4,50,2
"RP11-123K19.1",2,0,1,3,66.6666666666667,2
"RP11-12J10.3",2,1,14,17,11.7647058823529,3
"RP11-131L12.2",2,0,46,48,4.16666666666667,2
"RP11-131L23.1",2,0,7,9,22.2222222222222,2
"RP11-133L14.5",2,0,27,29,6.89655172413793,2
"RP11-137L10.6",2,0,8,10,20,2
"RP11-138I18.1",2,3,21,26,7.69230769230769,5
"RP11-141J13.5",2,0,16,18,11.1111111111111,2
"RP11-143J12.2",2,0,23,25,8,2
"RP11-144L1.4",2,0,26,28,7.14285714285714,2
"RP11-148K1.12",2,0,19,21,9.52380952380952,2
"RP11-149I23.3",2,1,5,8,25,3
"RP11-152H18.3",2,1,20,23,8.69565217391304,3
"RP11-152H18.4",2,0,20,22,9.09090909090909,2
"RP11-152N13.5",2,0,12,14,14.2857142857143,2
"RP11-158N24.1",2,0,27,29,6.89655172413793,2
"RP11-159G9.5",2,4,17,23,8.69565217391304,6
"RP11-159H22.2",2,1,12,15,13.3333333333333,3
"RP11-162D16.2",2,0,18,20,10,2
"RP11-162J8.2",2,1,25,28,7.14285714285714,3
"RP11-162J8.3",2,3,32,37,5.40540540540541,5
"RP11-167P22.3",2,1,12,15,13.3333333333333,3
"RP11-168K11.2",2,1,21,24,8.33333333333333,3
"RP11-168O16.2",2,2,10,14,14.2857142857143,4
"RP11-169E6.1",2,1,21,24,8.33333333333333,3
"RP11-169K16.9",2,0,8,10,20,2
"RP11-16B13.1",2,2,23,27,7.40740740740741,4
"RP11-16K12.1",2,0,6,8,25,2
"RP11-173P15.5",2,0,24,26,7.69230769230769,2
"RP11-173P15.7",2,0,18,20,10,2
"RP11-174G6.5",2,3,31,36,5.55555555555556,5
"RP11-174O3.3",2,1,18,21,9.52380952380952,3
"RP11-17A1.3",2,1,16,19,10.5263157894737,3
"RP11-17G12.3",2,0,10,12,16.6666666666667,2
"RP11-180K7.1",2,0,14,16,12.5,2
"RP11-180M15.5",2,0,19,21,9.52380952380952,2
"RP11-184A2.3",2,5,50,57,3.50877192982456,7
"RP11-186N15.3",2,0,30,32,6.25,2
"RP11-188D8.1",2,2,15,19,10.5263157894737,4
"RP11-188P20.3",2,1,25,28,7.14285714285714,3
"RP11-190C22.8",2,1,14,17,11.7647058823529,3
"RP11-190C22.9",2,0,9,11,18.1818181818182,2
"RP11-191A15.4",2,4,44,50,4,6
"RP11-191G24.1",2,2,19,23,8.69565217391304,4
"RP11-191L17.1",2,0,37,39,5.12820512820513,2
"RP11-196G11.1",2,0,11,13,15.3846153846154,2
"RP11-196G11.4",2,0,18,20,10,2
"RP11-1C1.7",2,0,15,17,11.7647058823529,2
"RP11-203J24.8",2,0,9,11,18.1818181818182,2
"RP11-203L2.4",2,2,42,46,4.34782608695652,4
"RP11-204L24.2",2,0,14,16,12.5,2
"RP11-209D14.2",2,3,22,27,7.40740740740741,5
"RP11-211G3.2",2,1,71,74,2.7027027027027,3
"RP11-214N9.1",2,1,19,22,9.09090909090909,3
"RP11-215P8.1",2,0,6,8,25,2
"RP11-216B9.6",2,0,8,10,20,2
"RP11-216N14.8",2,0,33,35,5.71428571428571,2
"RP11-216N14.9",2,0,33,35,5.71428571428571,2
"RP11-218E20.5",2,1,18,21,9.52380952380952,3
"RP11-219E7.2",2,0,23,25,8,2
"RP11-21A7A.3",2,0,5,7,28.5714285714286,2
"RP11-21J18.1",2,0,24,26,7.69230769230769,2
"RP11-220I1.2",2,1,19,22,9.09090909090909,3
"RP11-223I10.1",2,0,7,9,22.2222222222222,2
"RP11-227D13.1",2,2,18,22,9.09090909090909,4
"RP11-227D2.3",2,0,11,13,15.3846153846154,2
"RP11-229P13.20",2,0,4,6,33.3333333333333,2
"RP11-233G1.4",2,1,17,20,10,3
"RP11-239E10.2",2,0,26,28,7.14285714285714,2
"RP11-239H6.2",2,0,39,41,4.8780487804878,2
"RP11-247C2.2",2,0,6,8,25,2
"RP11-24C3.2",2,0,21,23,8.69565217391304,2
"RP11-254F7.2",2,0,17,19,10.5263157894737,2
"RP11-265D17.2",2,0,24,26,7.69230769230769,2
"RP11-276H7.3",2,0,3,5,40,2
"RP11-277J6.2",2,1,13,16,12.5,3
"RP11-285G1.9",2,0,20,22,9.09090909090909,2
"RP11-286O18.1",2,0,1,3,66.6666666666667,2
"RP11-290D2.6",2,1,10,13,15.3846153846154,3
"RP11-290F24.6",2,0,4,6,33.3333333333333,2
"RP11-296P7.4",2,0,9,11,18.1818181818182,2
"RP11-297D21.2",2,0,9,11,18.1818181818182,2
"RP11-306G20.1",2,1,11,14,14.2857142857143,3
"RP11-30K9.6",2,0,25,27,7.40740740740741,2
"RP11-312B8.1",2,1,39,42,4.76190476190476,3
"RP11-313A24.1",2,0,11,13,15.3846153846154,2
"RP11-315O6.1",2,2,42,46,4.34782608695652,4
"RP11-320M2.1",2,1,35,38,5.26315789473684,3
"RP11-322E11.6",2,2,1,5,40,4
"RP11-323J4.1",2,5,28,35,5.71428571428571,7
"RP11-328J6.1",2,0,7,9,22.2222222222222,2
"RP11-331F9.4",2,0,3,5,40,2
"RP11-337C18.10",2,3,30,35,5.71428571428571,5
"RP11-337C18.8",2,3,30,35,5.71428571428571,5
"RP11-337C18.9",2,3,30,35,5.71428571428571,5
"RP11-338C15.5",2,0,14,16,12.5,2
"RP11-33N16.3",2,0,8,10,20,2
"RP11-343H5.6",2,0,10,12,16.6666666666667,2
"RP11-346I3.4",2,2,35,39,5.12820512820513,4
"RP11-347C18.3",2,1,47,50,4,3
"RP11-350F16.1",2,1,14,17,11.7647058823529,3
"RP11-350N15.4",2,1,42,45,4.44444444444444,3
"RP11-352D3.2",2,0,15,17,11.7647058823529,2
"RP11-353K11.1",2,3,56,61,3.27868852459016,5
"RP11-356I2.4",2,1,32,35,5.71428571428571,3
"RP11-361M10.4",2,0,6,8,25,2
"RP11-366L20.2",2,0,11,13,15.3846153846154,2
"RP11-366L5.1",2,1,32,35,5.71428571428571,3
"RP11-382D12.2",2,0,12,14,14.2857142857143,2
"RP11-383C5.4",2,2,22,26,7.69230769230769,4
"RP11-383C5.5",2,2,22,26,7.69230769230769,4
"RP11-385N23.1",2,3,12,17,11.7647058823529,5
"RP11-387D10.2",2,0,25,27,7.40740740740741,2
"RP11-390K5.3",2,0,18,20,10,2
"RP11-399K21.10",2,0,12,14,14.2857142857143,2
"RP11-399K21.11",2,1,14,17,11.7647058823529,3
"RP11-400L8.2",2,0,7,9,22.2222222222222,2
"RP11-401P9.6",2,0,50,52,3.84615384615385,2
"RP11-407N17.5",2,4,17,23,8.69565217391304,6
"RP11-412D9.4",2,2,35,39,5.12820512820513,4
"RP11-429B14.3",2,0,20,22,9.09090909090909,2
"RP11-432J9.5",2,0,11,13,15.3846153846154,2
"RP11-438H8.8",2,0,3,5,40,2
"RP11-448G15.1",2,1,13,16,12.5,3
"RP11-44K6.3",2,0,13,15,13.3333333333333,2
"RP11-44K6.5",2,0,13,15,13.3333333333333,2
"RP11-44N21.4",2,0,11,13,15.3846153846154,2
"RP11-452H21.2",2,2,44,48,4.16666666666667,4
"RP11-456K23.1",2,1,22,25,8,3
"RP11-465K1.2",2,0,27,29,6.89655172413793,2
"RP11-466A17.1",2,2,16,20,10,4
"RP11-467D6.1",2,4,23,29,6.89655172413793,6
"RP11-469H8.8",2,0,6,8,25,2
"RP11-46A10.2",2,2,12,16,12.5,4
"RP11-46A10.5",2,1,12,15,13.3333333333333,3
"RP11-46C24.3",2,0,19,21,9.52380952380952,2
"RP11-46C24.7",2,0,12,14,14.2857142857143,2
"RP11-46F15.2",2,0,21,23,8.69565217391304,2
"RP11-474N24.6",2,0,19,21,9.52380952380952,2
"RP11-481A20.4",2,0,24,26,7.69230769230769,2
"RP11-483H20.4",2,0,12,14,14.2857142857143,2
"RP11-486B10.3",2,0,10,12,16.6666666666667,2
"RP11-486O12.2",2,0,11,13,15.3846153846154,2
"RP11-498B4.5",2,3,4,9,22.2222222222222,5
"RP11-499E18.1",2,0,9,11,18.1818181818182,2
"RP11-502N13.2",2,0,3,5,40,2
"RP11-503E24.2",2,0,24,26,7.69230769230769,2
"RP11-503P10.1",2,0,9,11,18.1818181818182,2
"RP11-504G3.4",2,0,15,17,11.7647058823529,2
"RP11-50B3.4",2,5,54,61,3.27868852459016,7
"RP11-511I2.2",2,2,9,13,15.3846153846154,4
"RP11-524O1.4",2,0,13,15,13.3333333333333,2
"RP11-525G13.2",2,0,18,20,10,2
"RP11-536K7.3",2,0,7,9,22.2222222222222,2
"RP11-539I5.1",2,2,8,12,16.6666666666667,4
"RP11-539L10.2",2,0,22,24,8.33333333333333,2
"RP11-539L10.3",2,0,64,66,3.03030303030303,2
"RP11-544M22.13",2,0,7,9,22.2222222222222,2
"RP11-544M22.3",2,0,7,9,22.2222222222222,2
"RP11-545P7.4",2,0,28,30,6.66666666666667,2
"RP11-550I24.2",2,4,31,37,5.40540540540541,6
"RP11-552F3.12",2,0,20,22,9.09090909090909,2
"RP11-553A21.3",2,1,29,32,6.25,3
"RP11-563E2.2",2,1,15,18,11.1111111111111,3
"RP11-571L19.7",2,6,41,49,4.08163265306122,8
"RP11-574K11.8",2,0,21,23,8.69565217391304,2
"RP11-575A19.2",2,0,6,8,25,2
"RP11-582J16.5",2,1,24,27,7.40740740740741,3
"RP11-588G21.2",2,1,11,14,14.2857142857143,3
"RP11-5P18.5",2,0,24,26,7.69230769230769,2
"RP11-602M11.3",2,3,12,17,11.7647058823529,5
"RP11-603J24.9",2,0,15,17,11.7647058823529,2
"RP11-60I3.5",2,1,26,29,6.89655172413793,3
"RP11-613D13.5",2,4,21,27,7.40740740740741,6
"RP11-61J19.4",2,0,10,12,16.6666666666667,2
"RP11-61L14.6",2,0,22,24,8.33333333333333,2
"RP11-625L16.3",2,3,9,14,14.2857142857143,5
"RP11-626G11.1",2,1,35,38,5.26315789473684,3
"RP11-626G11.5",2,1,35,38,5.26315789473684,3
"RP11-629O1.2",2,0,16,18,11.1111111111111,2
"RP11-637A17.2",2,1,18,21,9.52380952380952,3
"RP11-638I2.2",2,0,26,28,7.14285714285714,2
"RP11-649E7.5",2,1,11,14,14.2857142857143,3
"RP11-656E20.5",2,1,30,33,6.06060606060606,3
"RP11-659G9.3",2,7,41,50,4,9
"RP11-660L16.2",2,0,15,17,11.7647058823529,2
"RP11-661D19.3",2,1,18,21,9.52380952380952,3
"RP11-665C16.6",2,1,24,27,7.40740740740741,3
"RP11-66N24.3",2,0,10,12,16.6666666666667,2
"RP11-66N24.4",2,0,10,12,16.6666666666667,2
"RP11-67A1.2",2,0,25,27,7.40740740740741,2
"RP11-680B3.2",2,2,26,30,6.66666666666667,4
"RP11-685M7.3",2,1,15,18,11.1111111111111,3
"RP11-68I3.11",2,2,17,21,9.52380952380952,4
"RP11-692N5.1",2,3,40,45,4.44444444444444,5
"RP11-697H9.2",2,0,10,12,16.6666666666667,2
"RP11-697H9.3",2,0,4,6,33.3333333333333,2
"RP11-697H9.4",2,0,10,12,16.6666666666667,2
"RP11-702H23.4",2,1,5,8,25,3
"RP11-702H23.6",2,1,8,11,18.1818181818182,3
"RP11-719J20.1",2,3,3,8,25,5
"RP11-723O4.2",2,0,3,5,40,2
"RP11-723O4.3",2,0,3,5,40,2
"RP11-723O4.9",2,0,3,5,40,2
"RP11-727F15.11",2,0,16,18,11.1111111111111,2
"RP11-728F11.4",2,1,36,39,5.12820512820513,3
"RP11-732M18.2",2,0,12,14,14.2857142857143,2
"RP11-761B3.1",2,0,34,36,5.55555555555556,2
"RP11-770J1.4",2,0,1,3,66.6666666666667,2
"RP11-773H22.4",2,0,11,13,15.3846153846154,2
"RP11-77H9.6",2,1,44,47,4.25531914893617,3
"RP11-77H9.8",2,0,35,37,5.40540540540541,2
"RP11-796G6.2",2,0,11,13,15.3846153846154,2
"RP11-80H5.7",2,0,9,11,18.1818181818182,2
"RP11-80H5.9",2,0,9,11,18.1818181818182,2
"RP11-816J6.3",2,2,16,20,10,4
"RP11-817J15.2",2,3,37,42,4.76190476190476,5
"RP11-81H14.2",2,2,20,24,8.33333333333333,4
"RP11-831F12.3",2,0,6,8,25,2
"RP11-831F12.4",2,0,6,8,25,2
"RP11-838N2.8",2,0,11,13,15.3846153846154,2
"RP11-843B15.2",2,2,14,18,11.1111111111111,4
"RP11-84C10.4",2,0,19,21,9.52380952380952,2
"RP11-84D1.1",2,0,13,15,13.3333333333333,2
"RP11-84G21.1",2,3,25,30,6.66666666666667,5
"RP11-856F16.2",2,0,3,5,40,2
"RP11-85A1.3",2,0,13,15,13.3333333333333,2
"RP11-85O21.5",2,0,15,17,11.7647058823529,2
"RP11-864I4.3",2,0,7,9,22.2222222222222,2
"RP11-867G23.12",2,0,2,4,50,2
"RP11-872J21.3",2,1,23,26,7.69230769230769,3
"RP11-881M11.2",2,2,31,35,5.71428571428571,4
"RP11-89K10.1",2,3,18,23,8.69565217391304,5
"RP11-934B9.3",2,0,34,36,5.55555555555556,2
"RP11-93K22.6",2,0,10,12,16.6666666666667,2
"RP11-94C24.11",2,0,8,10,20,2
"RP11-950C14.3",2,0,4,6,33.3333333333333,2
"RP11-967K21.1",2,0,24,26,7.69230769230769,2
"RP11-96O20.4",2,1,40,43,4.65116279069767,3
"RP11-98D18.16",2,1,29,32,6.25,3
"RP11-98D18.2",2,1,29,32,6.25,3
"RP11-993B23.3",2,1,9,12,16.6666666666667,3
"RP11-998D10.5",2,0,15,17,11.7647058823529,2
"RP13-20L14.6",2,0,1,3,66.6666666666667,2
"RP13-270P17.3",2,0,21,23,8.69565217391304,2
"RP13-512J5.1",2,1,38,41,4.8780487804878,3
"RP3-335N17.2",2,0,1,3,66.6666666666667,2
"RP3-400N23.6",2,0,8,10,20,2
"RP3-416H24.4",2,1,31,34,5.88235294117647,3
"RP3-416J7.5",2,0,21,23,8.69565217391304,2
"RP3-417L20.4",2,3,3,8,25,5
"RP3-430A16.1",2,2,23,27,7.40740740740741,4
"RP3-455J7.4",2,0,10,12,16.6666666666667,2
"RP3-466P17.1",2,0,10,12,16.6666666666667,2
"RP3-510H16.3",2,0,49,51,3.92156862745098,2
"RP3-510L9.1",2,0,26,28,7.14285714285714,2
"RP3-510O8.4",2,0,15,17,11.7647058823529,2
"RP4-533D7.4",2,0,11,13,15.3846153846154,2
"RP4-541C22.5",2,0,10,12,16.6666666666667,2
"RP4-583P15.14",2,0,17,19,10.5263157894737,2
"RP4-594I10.3",2,1,11,14,14.2857142857143,3
"RP4-604K5.2",2,1,11,14,14.2857142857143,3
"RP4-616B8.4",2,4,55,61,3.27868852459016,6
"RP4-639F20.1",2,0,13,15,13.3333333333333,2
"RP4-647C14.3",2,0,13,15,13.3333333333333,2
"RP4-654H19.2",2,0,15,17,11.7647058823529,2
"RP4-682C21.5",2,4,40,46,4.34782608695652,6
"RP4-778K6.3",2,1,20,23,8.69565217391304,3
"RP4-800G7.1",2,0,7,9,22.2222222222222,2
"RP4-800G7.2",2,1,29,32,6.25,3
"RP4-816N1.6",2,0,4,6,33.3333333333333,2
"RP4-816N1.7",2,0,5,7,28.5714285714286,2
"RP5-1002M8.4",2,0,3,5,40,2
"RP5-1018K9.1",2,0,25,27,7.40740740740741,2
"RP5-1029K10.2",2,1,30,33,6.06060606060606,3
"RP5-1057I20.2",2,1,12,15,13.3333333333333,3
"RP5-1073O3.2",2,1,12,15,13.3333333333333,3
"RP5-1077I2.3",2,0,16,18,11.1111111111111,2
"RP5-1103G7.4",2,1,22,25,8,3
"RP5-1104E15.6",2,0,2,4,50,2
"RP5-1120P11.1",2,0,21,23,8.69565217391304,2
"RP5-1177I5.3",2,0,0,2,100,2
"RP5-1184F4.5",2,0,9,11,18.1818181818182,2
"RP5-884C9.2",2,0,23,25,8,2
"RP5-943J3.2",2,0,24,26,7.69230769230769,2
"RP5-968P14.2",2,1,15,18,11.1111111111111,3
"RP5-973M2.2",2,2,11,15,13.3333333333333,4
"RPA1",2,0,8,10,20,2
"RPAP2",2,0,8,10,20,2
"RPAP3",2,2,22,26,7.69230769230769,4
"RPL13AP",2,0,1,3,66.6666666666667,2
"RPL15",2,0,28,30,6.66666666666667,2
"RPL21P127",2,0,11,13,15.3846153846154,2
"RPL21P2",2,0,15,17,11.7647058823529,2
"RPL22",2,1,38,41,4.8780487804878,3
"RPL26P20",2,1,29,32,6.25,3
"RPL29",2,0,30,32,6.25,2
"RPL30",2,0,24,26,7.69230769230769,2
"RPL31P52",2,0,11,13,15.3846153846154,2
"RPL36AL",2,1,11,14,14.2857142857143,3
"RPL38",2,0,11,13,15.3846153846154,2
"RPL39P25",2,0,0,2,100,2
"RPL5",2,3,11,16,12.5,5
"RPL6P5",2,0,7,9,22.2222222222222,2
"RPL7",2,4,46,52,3.84615384615385,6
"RPL7L1P5",2,0,4,6,33.3333333333333,2
"RPL7P42",2,1,18,21,9.52380952380952,3
"RPLP0",2,0,30,32,6.25,2
"RPP14",2,0,22,24,8.33333333333333,2
"RPS11P6",2,5,49,56,3.57142857142857,7
"RPS12P20",2,0,9,11,18.1818181818182,2
"RPS14",2,0,22,24,8.33333333333333,2
"RPS19",2,0,10,12,16.6666666666667,2
"RPS19BP1",2,0,7,9,22.2222222222222,2
"RPS2",2,1,4,7,28.5714285714286,3
"RPS25",2,1,14,17,11.7647058823529,3
"RPS28",2,0,5,7,28.5714285714286,2
"RPS29",2,1,15,18,11.1111111111111,3
"RPS6KL1",2,0,11,13,15.3846153846154,2
"RPSAP9",2,1,15,18,11.1111111111111,3
"RPUSD4",2,5,54,61,3.27868852459016,7
"RRAD",2,0,5,7,28.5714285714286,2
"RRH",2,1,12,15,13.3333333333333,3
"RRM2B",2,1,13,16,12.5,3
"RRP1B",2,0,9,11,18.1818181818182,2
"RRP36",2,0,1,3,66.6666666666667,2
"RRS1",2,2,35,39,5.12820512820513,4
"RSAD1",2,0,14,16,12.5,2
"RSBN1",2,1,12,15,13.3333333333333,3
"RSPH3",2,2,23,27,7.40740740740741,4
"RSPH9",2,0,16,18,11.1111111111111,2
"RSPO3",2,1,12,15,13.3333333333333,3
"RTN3",2,0,2,4,50,2
"RTN4R",2,0,9,11,18.1818181818182,2
"RTTN",2,6,63,71,2.8169014084507,8
"RUNX3",2,0,13,15,13.3333333333333,2
"RUSC1",2,0,14,16,12.5,2
"RUSC1-AS1",2,0,14,16,12.5,2
"RWDD1",2,2,28,32,6.25,4
"RWDD2A",2,1,21,24,8.33333333333333,3
"RWDD4P1",2,1,20,23,8.69565217391304,3
"S100A10",2,1,19,22,9.09090909090909,3
"S100A2",2,0,5,7,28.5714285714286,2
"S100P",2,0,22,24,8.33333333333333,2
"SAAL1",2,0,16,18,11.1111111111111,2
"SARNP",2,0,17,19,10.5263157894737,2
"SBK2",2,0,5,7,28.5714285714286,2
"SBK3",2,0,5,7,28.5714285714286,2
"SBNO2",2,0,9,11,18.1818181818182,2
"SCAMP2",2,1,14,17,11.7647058823529,3
"SCAPER",2,1,26,29,6.89655172413793,3
"SCARB2",2,0,24,26,7.69230769230769,2
"SCARF1",2,0,8,10,20,2
"SCARNA15.2",2,0,3,5,40,2
"SCARNA17",2,0,11,13,15.3846153846154,2
"SCARNA18.2",2,0,11,13,15.3846153846154,2
"SCARNA20.3",2,0,8,10,20,2
"SCCPDH",2,0,1,3,66.6666666666667,2
"SCFD1",2,0,9,11,18.1818181818182,2
"SCN3A",2,0,8,10,20,2
"SCNN1G",2,1,10,13,15.3846153846154,3
"SCOC",2,1,47,50,4,3
"SDC3",2,1,14,17,11.7647058823529,3
"SDK2",2,1,13,16,12.5,3
"SEC11A",2,2,23,27,7.40740740740741,4
"SEC13",2,0,9,11,18.1818181818182,2
"SEC14L2",2,0,4,6,33.3333333333333,2
"SEC61A1",2,1,15,18,11.1111111111111,3
"SEC61A2",2,0,12,14,14.2857142857143,2
"SEC61B",2,1,23,26,7.69230769230769,3
"SEL1L3",2,1,15,18,11.1111111111111,3
"SELE",2,0,10,12,16.6666666666667,2
"SELENBP1",2,0,17,19,10.5263157894737,2
"SEMA7A",2,0,17,19,10.5263157894737,2
"SENP5",2,0,8,10,20,2
"SEPT1",2,1,14,17,11.7647058823529,3
"SEPT3",2,0,17,19,10.5263157894737,2
"SEPT8",2,0,6,8,25,2
"SERBP1",2,0,8,10,20,2
"SERGEF",2,0,8,10,20,2
"SERPINB5",2,1,9,12,16.6666666666667,3
"SERTAD3",2,0,8,10,20,2
"SESN1",2,0,6,8,25,2
"SETBP1",2,1,22,25,8,3
"SETD1A",2,0,15,17,11.7647058823529,2
"SETD2",2,0,8,10,20,2
"SFXN2",2,0,9,11,18.1818181818182,2
"SFXN5",2,0,21,23,8.69565217391304,2
"SH3BGRL3",2,0,8,10,20,2
"SH3BP1",2,0,3,5,40,2
"SH3PXD2B",2,0,8,10,20,2
"SHC4",2,0,9,11,18.1818181818182,2
"SHE",2,0,15,17,11.7647058823529,2
"SHH",2,2,13,17,11.7647058823529,4
"SHOC2",2,1,32,35,5.71428571428571,3
"SHPRH",2,0,17,19,10.5263157894737,2
"SHROOM1",2,0,10,12,16.6666666666667,2
"SIGLEC1",2,0,6,8,25,2
"SIK1",2,2,20,24,8.33333333333333,4
"SIM2",2,0,8,10,20,2
"SIPA1L3",2,0,23,25,8,2
"SIRT1",2,5,26,33,6.06060606060606,7
"SIX5",2,0,1,3,66.6666666666667,2
"SKA1",2,0,9,11,18.1818181818182,2
"SKIL",2,2,22,26,7.69230769230769,4
"SLAIN1",2,3,18,23,8.69565217391304,5
"SLAMF9",2,1,6,9,22.2222222222222,3
"SLC11A1",2,0,5,7,28.5714285714286,2
"SLC12A8",2,3,40,45,4.44444444444444,5
"SLC14A1",2,0,5,7,28.5714285714286,2
"SLC15A2",2,0,13,15,13.3333333333333,2
"SLC15A3",2,1,14,17,11.7647058823529,3
"SLC16A10",2,0,6,8,25,2
"SLC16A14",2,0,22,24,8.33333333333333,2
"SLC20A2",2,0,24,26,7.69230769230769,2
"SLC22A4",2,0,3,5,40,2
"SLC25A25",2,0,5,7,28.5714285714286,2
"SLC25A29",2,0,6,8,25,2
"SLC25A38",2,1,24,27,7.40740740740741,3
"SLC25A39",2,1,7,10,20,3
"SLC25A42",2,0,8,10,20,2
"SLC27A3",2,0,16,18,11.1111111111111,2
"SLC2A4RG",2,0,17,19,10.5263157894737,2
"SLC34A1",2,0,19,21,9.52380952380952,2
"SLC35D1",2,0,6,8,25,2
"SLC39A11",2,0,12,14,14.2857142857143,2
"SLC39A2",2,0,19,21,9.52380952380952,2
"SLC39A8",2,0,9,11,18.1818181818182,2
"SLC3A2",2,0,19,21,9.52380952380952,2
"SLC44A2",2,0,4,6,33.3333333333333,2
"SLC44A3",2,4,28,34,5.88235294117647,6
"SLC45A1",2,3,31,36,5.55555555555556,5
"SLC4A2",2,0,20,22,9.09090909090909,2
"SLC4A8",2,0,3,5,40,2
"SLC5A2",2,1,15,18,11.1111111111111,3
"SLC5A9",2,2,13,17,11.7647058823529,4
"SLC6A5",2,1,7,10,20,3
"SLC7A1",2,0,3,5,40,2
"SLC7A7",2,1,22,25,8,3
"SLC7A8",2,0,10,12,16.6666666666667,2
"SLC9B2",2,2,35,39,5.12820512820513,4
"SLFN13",2,0,19,21,9.52380952380952,2
"SMAD2",2,0,18,20,10,2
"SMAP2",2,1,25,28,7.14285714285714,3
"SMEK1",2,0,11,13,15.3846153846154,2
"SMG7",2,2,34,38,5.26315789473684,4
"SMG7-AS1",2,2,34,38,5.26315789473684,4
"SMIM19",2,0,24,26,7.69230769230769,2
"SMIM20",2,1,15,18,11.1111111111111,3
"SMYD4",2,0,8,10,20,2
"SNAP29",2,0,3,5,40,2
"SNAPIN",2,0,16,18,11.1111111111111,2
"SNHG12",2,0,9,11,18.1818181818182,2
"SNN",2,0,12,14,14.2857142857143,2
"snoR442.3",2,1,8,11,18.1818181818182,3
"SNORA1.4",2,0,11,13,15.3846153846154,2
"SNORA13",2,3,19,24,8.33333333333333,5
"SNORA14A",2,0,10,12,16.6666666666667,2
"SNORA14B",2,0,31,33,6.06060606060606,2
"SNORA17.1",2,8,38,48,4.16666666666667,10
"SNORA31",2,0,6,8,25,2
"SNORA31.25",2,0,6,8,25,2
"SNORA31.8",2,0,21,23,8.69565217391304,2
"SNORA34",2,1,14,17,11.7647058823529,3
"SNORA4",2,0,21,23,8.69565217391304,2
"SNORA4.3",2,2,54,58,3.44827586206897,4
"SNORA46",2,5,64,71,2.8169014084507,7
"SNORA48.12",2,0,26,28,7.14285714285714,2
"SNORA58.2",2,0,17,19,10.5263157894737,2
"SNORA5A",2,1,8,11,18.1818181818182,3
"SNORA5B",2,1,8,11,18.1818181818182,3
"SNORA5C",2,1,8,11,18.1818181818182,3
"SNORA63",2,0,21,23,8.69565217391304,2
"SNORA63.6",2,0,21,23,8.69565217391304,2
"SNORA66",2,3,9,14,14.2857142857143,5
"SNORA66.1",2,3,9,14,14.2857142857143,5
"SNORA70.25",2,0,9,11,18.1818181818182,2
"SNORA70E",2,7,41,50,4,9
"SNORA70F",2,1,3,6,33.3333333333333,3
"SNORA72",2,0,22,24,8.33333333333333,2
"SNORA74.9",2,1,7,10,20,3
"SNORA75",2,2,26,30,6.66666666666667,4
"SNORA77.4",2,0,4,6,33.3333333333333,2
"SNORA80B",2,1,37,40,5,3
"SNORA81",2,0,21,23,8.69565217391304,2
"SNORA9.3",2,0,6,8,25,2
"SNORD112.12",2,0,17,19,10.5263157894737,2
"SNORD112.16",2,0,23,25,8,2
"SNORD112.20",2,0,4,6,33.3333333333333,2
"SNORD112.21",2,0,30,32,6.25,2
"SNORD112.30",2,1,29,32,6.25,3
"SNORD112.48",2,0,3,5,40,2
"SNORD112.49",2,0,7,9,22.2222222222222,2
"SNORD20",2,2,26,30,6.66666666666667,4
"SNORD21",2,3,9,14,14.2857142857143,5
"SNORD32B",2,0,1,3,66.6666666666667,2
"SNORD52",2,0,18,20,10,2
"SNORD54",2,1,21,24,8.33333333333333,3
"SNORD62A",2,0,15,17,11.7647058823529,2
"SNORD62B",2,0,15,17,11.7647058823529,2
"SNORD78",2,2,22,26,7.69230769230769,4
"SNORD82",2,2,25,29,6.89655172413793,4
"SNORD83.1",2,0,33,35,5.71428571428571,2
"SNORD89",2,0,35,37,5.40540540540541,2
"SNORD93",2,2,14,18,11.1111111111111,4
"snoU13.106",2,0,36,38,5.26315789473684,2
"snoU13.117",2,0,11,13,15.3846153846154,2
"snoU13.123",2,0,32,34,5.88235294117647,2
"snoU13.127",2,1,18,21,9.52380952380952,3
"snoU13.136",2,1,18,21,9.52380952380952,3
"snoU13.14",2,0,17,19,10.5263157894737,2
"snoU13.173",2,0,0,2,100,2
"snoU13.18",2,0,3,5,40,2
"snoU13.187",2,0,14,16,12.5,2
"snoU13.207",2,0,3,5,40,2
"snoU13.237",2,0,43,45,4.44444444444444,2
"snoU13.240",2,0,18,20,10,2
"snoU13.242",2,0,31,33,6.06060606060606,2
"snoU13.251",2,0,12,14,14.2857142857143,2
"snoU13.263",2,0,9,11,18.1818181818182,2
"snoU13.268",2,2,16,20,10,4
"snoU13.27",2,0,31,33,6.06060606060606,2
"snoU13.274",2,2,16,20,10,4
"snoU13.277",2,1,25,28,7.14285714285714,3
"snoU13.301",2,0,20,22,9.09090909090909,2
"snoU13.313",2,1,6,9,22.2222222222222,3
"snoU13.314",2,0,13,15,13.3333333333333,2
"snoU13.315",2,0,9,11,18.1818181818182,2
"snoU13.32",2,0,3,5,40,2
"snoU13.323",2,0,28,30,6.66666666666667,2
"snoU13.341",2,3,39,44,4.54545454545455,5
"snoU13.351",2,0,18,20,10,2
"snoU13.368",2,0,0,2,100,2
"snoU13.369",2,0,8,10,20,2
"snoU13.39",2,1,7,10,20,3
"snoU13.441",2,0,7,9,22.2222222222222,2
"snoU13.449",2,1,47,50,4,3
"snoU13.452",2,1,15,18,11.1111111111111,3
"snR65.3",2,0,7,9,22.2222222222222,2
"SNRK-AS1",2,1,25,28,7.14285714285714,3
"SNRNP200",2,2,24,28,7.14285714285714,4
"SNRNP48",2,1,32,35,5.71428571428571,3
"SNRPD2",2,0,3,5,40,2
"SNX1",2,0,18,20,10,2
"SNX33",2,1,12,15,13.3333333333333,3
"SOCS6",2,5,36,43,4.65116279069767,7
"SOCS7",2,0,3,5,40,2
"SOD2",2,1,33,36,5.55555555555556,3
"SOST",2,1,18,21,9.52380952380952,3
"SP140",2,2,42,46,4.34782608695652,4
"SP4",2,0,23,25,8,2
"SPA17P1",2,1,5,8,25,3
"SPAG9",2,3,33,38,5.26315789473684,5
"SPARC",2,1,21,24,8.33333333333333,3
"SPATA17",2,1,9,12,16.6666666666667,3
"SPATS1",2,0,14,16,12.5,2
"SPATS2L",2,3,24,29,6.89655172413793,5
"SPECC1",2,3,22,27,7.40740740740741,5
"SPEF1",2,0,7,9,22.2222222222222,2
"SPEN",2,0,8,10,20,2
"SPG20",2,2,15,19,10.5263157894737,4
"SPG20OS",2,1,13,16,12.5,3
"SPG7",2,0,17,19,10.5263157894737,2
"SPRED3",2,0,18,20,10,2
"SPRY1",2,0,18,20,10,2
"SPRYD7",2,0,8,10,20,2
"SPTY2D1-AS1",2,0,15,17,11.7647058823529,2
"SREK1",2,0,15,17,11.7647058823529,2
"SRGAP3",2,0,21,23,8.69565217391304,2
"SRRM3",2,0,30,32,6.25,2
"SRSF12",2,0,12,14,14.2857142857143,2
"SRSF3",2,0,12,14,14.2857142857143,2
"SRSF5",2,0,15,17,11.7647058823529,2
"SSFA2",2,1,32,35,5.71428571428571,3
"SSH1",2,0,17,19,10.5263157894737,2
"SSSCA1",2,0,5,7,28.5714285714286,2
"ST14",2,0,9,11,18.1818181818182,2
"ST3GAL1",2,0,16,18,11.1111111111111,2
"ST6GAL1",2,0,17,19,10.5263157894737,2
"ST7L",2,3,18,23,8.69565217391304,5
"ST8SIA4",2,1,32,35,5.71428571428571,3
"ST8SIA6",2,0,8,10,20,2
"STAM2",2,3,39,44,4.54545454545455,5
"STARD13",2,1,9,12,16.6666666666667,3
"STARD3NL",2,0,10,12,16.6666666666667,2
"STARD4",2,0,21,23,8.69565217391304,2
"STARD4-AS1",2,0,21,23,8.69565217391304,2
"STAT5A",2,1,9,12,16.6666666666667,3
"STK17A",2,2,27,31,6.45161290322581,4
"STK17B",2,1,26,29,6.89655172413793,3
"STK24",2,0,19,21,9.52380952380952,2
"STK24-AS1",2,0,19,21,9.52380952380952,2
"STK32C",2,1,4,7,28.5714285714286,3
"STK40",2,1,6,9,22.2222222222222,3
"STPG1",2,2,25,29,6.89655172413793,4
"STRADB",2,1,31,34,5.88235294117647,3
"STRBP",2,0,17,19,10.5263157894737,2
"STRN3",2,0,8,10,20,2
"STT3B",2,0,17,19,10.5263157894737,2
"STX16",2,0,24,26,7.69230769230769,2
"STX16-NPEPL1",2,0,24,26,7.69230769230769,2
"STX17",2,1,26,29,6.89655172413793,3
"STX1B",2,0,27,29,6.89655172413793,2
"STX2",2,0,10,12,16.6666666666667,2
"STX4",2,0,21,23,8.69565217391304,2
"SUB1",2,0,4,6,33.3333333333333,2
"SUDS3",2,0,46,48,4.16666666666667,2
"SUGP1",2,1,14,17,11.7647058823529,3
"SUMO2P19",2,1,13,16,12.5,3
"SUMO4",2,2,26,30,6.66666666666667,4
"SUPT16H",2,0,13,15,13.3333333333333,2
"SUV420H2",2,0,12,14,14.2857142857143,2
"SYCE3",2,0,9,11,18.1818181818182,2
"SYNC",2,0,16,18,11.1111111111111,2
"SYNE2",2,3,26,31,6.45161290322581,5
"SYPL1",2,0,4,6,33.3333333333333,2
"SYT5",2,0,10,12,16.6666666666667,2
"SZT2",2,0,18,20,10,2
"TAAR5",2,0,4,6,33.3333333333333,2
"TAAR6",2,0,1,3,66.6666666666667,2
"TADA2B",2,0,14,16,12.5,2
"TAF1C",2,0,26,28,7.14285714285714,2
"TAF6L",2,0,16,18,11.1111111111111,2
"TAF8",2,0,8,10,20,2
"TAGAP",2,2,31,35,5.71428571428571,4
"TAOK2",2,0,12,14,14.2857142857143,2
"TAOK3",2,0,35,37,5.40540540540541,2
"TAP1",2,1,25,28,7.14285714285714,3
"TBC1D1",2,0,21,23,8.69565217391304,2
"TBC1D15",2,4,27,33,6.06060606060606,6
"TBC1D19",2,0,15,17,11.7647058823529,2
"TBC1D2",2,0,26,28,7.14285714285714,2
"TBC1D4-AS1",2,0,7,9,22.2222222222222,2
"TBCC",2,0,5,7,28.5714285714286,2
"TBCCD1",2,1,40,43,4.65116279069767,3
"TBK1",2,0,33,35,5.71428571428571,2
"TBRG4",2,1,8,11,18.1818181818182,3
"TCEANC2",2,0,30,32,6.25,2
"TCEB1",2,4,44,50,4,6
"TCF3",2,0,6,8,25,2
"TCF7L1",2,2,22,26,7.69230769230769,4
"TCTE3",2,1,14,17,11.7647058823529,3
"TCTN1",2,0,19,21,9.52380952380952,2
"TDG",2,1,22,25,8,3
"TDP1",2,0,8,10,20,2
"TDRD10",2,0,15,17,11.7647058823529,2
"TDRD3",2,3,33,38,5.26315789473684,5
"TDRD7",2,1,11,14,14.2857142857143,3
"TECPR2",2,0,0,2,100,2
"TES",2,0,14,16,12.5,2
"TESC",2,0,6,8,25,2
"TESK1",2,0,4,6,33.3333333333333,2
"TET2",2,1,38,41,4.8780487804878,3
"TET2-AS1",2,0,20,22,9.09090909090909,2
"TEX14",2,2,5,9,22.2222222222222,4
"TEX35",2,0,11,13,15.3846153846154,2
"TFAP2A",2,0,12,14,14.2857142857143,2
"TFAP2A-AS1",2,0,12,14,14.2857142857143,2
"TFDP2",2,2,10,14,14.2857142857143,4
"TFG",2,0,16,18,11.1111111111111,2
"TG",2,0,45,47,4.25531914893617,2
"TGFB1I1",2,1,15,18,11.1111111111111,3
"TGIF1",2,0,11,13,15.3846153846154,2
"TGM2",2,0,27,29,6.89655172413793,2
"THEM4",2,0,16,18,11.1111111111111,2
"THEM5",2,1,35,38,5.26315789473684,3
"THNSL1",2,3,64,69,2.89855072463768,5
"THOC5",2,1,3,6,33.3333333333333,3
"THOC7",2,0,28,30,6.66666666666667,2
"THOC7-AS1",2,0,28,30,6.66666666666667,2
"THRA",2,0,22,24,8.33333333333333,2
"THRSP",2,4,20,26,7.69230769230769,6
"THTPA",2,0,10,12,16.6666666666667,2
"TIAF1",2,0,12,14,14.2857142857143,2
"TICRR",2,0,20,22,9.09090909090909,2
"TIE1",2,0,2,4,50,2
"TIFA",2,0,4,6,33.3333333333333,2
"TIMM22",2,0,29,31,6.45161290322581,2
"TIMM8B",2,2,16,20,10,4
"TIMMDC1",2,1,14,17,11.7647058823529,3
"TLR5",2,0,26,28,7.14285714285714,2
"TM2D2",2,0,21,23,8.69565217391304,2
"TM4SF1",2,0,8,10,20,2
"TM4SF1-AS1",2,0,8,10,20,2
"TM4SF18",2,0,8,10,20,2
"TM4SF20",2,4,21,27,7.40740740740741,6
"TM4SF4",2,0,8,10,20,2
"TM6SF1",2,1,14,17,11.7647058823529,3
"TM9SF4",2,0,10,12,16.6666666666667,2
"TMA7",2,0,16,18,11.1111111111111,2
"TMBIM1",2,0,31,33,6.06060606060606,2
"TMBIM4",2,0,12,14,14.2857142857143,2
"TMCC3",2,0,4,6,33.3333333333333,2
"TMED2",2,0,11,13,15.3846153846154,2
"TMED5",2,1,8,11,18.1818181818182,3
"TMEFF2",2,0,15,17,11.7647058823529,2
"TMEM106B",2,0,5,7,28.5714285714286,2
"TMEM106C",2,1,10,13,15.3846153846154,3
"TMEM116",2,0,3,5,40,2
"TMEM119",2,0,8,10,20,2
"TMEM123",2,2,42,46,4.34782608695652,4
"TMEM132A",2,1,14,17,11.7647058823529,3
"TMEM14A",2,2,27,31,6.45161290322581,4
"TMEM150A",2,0,17,19,10.5263157894737,2
"TMEM169",2,1,38,41,4.8780487804878,3
"TMEM180",2,0,12,14,14.2857142857143,2
"TMEM207",2,2,17,21,9.52380952380952,4
"TMEM219",2,0,10,12,16.6666666666667,2
"TMEM222",2,0,11,13,15.3846153846154,2
"TMEM253",2,0,25,27,7.40740740740741,2
"TMEM44-AS1",2,0,11,13,15.3846153846154,2
"TMEM59",2,0,30,32,6.25,2
"TMEM65",2,0,41,43,4.65116279069767,2
"TMEM69",2,0,8,10,20,2
"TMEM70",2,4,44,50,4,6
"TMIE",2,0,4,6,33.3333333333333,2
"TMIGD1",2,1,10,13,15.3846153846154,3
"TMPRSS11D",2,1,11,14,14.2857142857143,3
"TMPRSS4",2,0,12,14,14.2857142857143,2
"TMSB10",2,3,22,27,7.40740740740741,5
"TMUB1",2,0,19,21,9.52380952380952,2
"TNFAIP3",2,1,32,35,5.71428571428571,3
"TNFSF18",2,0,17,19,10.5263157894737,2
"TNFSF8",2,1,43,46,4.34782608695652,3
"TNPO1",2,0,48,50,4,2
"TOB1",2,1,19,22,9.09090909090909,3
"TOM1",2,0,49,51,3.92156862745098,2
"TOMM20",2,0,31,33,6.06060606060606,2
"TOMM40L",2,0,10,12,16.6666666666667,2
"TOP1MT",2,0,2,4,50,2
"TOR1A",2,0,15,17,11.7647058823529,2
"TOR3A",2,1,18,21,9.52380952380952,3
"TP53AIP1",2,0,14,16,12.5,2
"TP53I11",2,3,15,20,10,5
"TP53I13",2,0,3,5,40,2
"TP53I3",2,4,11,17,11.7647058823529,6
"TP53INP1",2,1,47,50,4,3
"TPCN1",2,0,27,29,6.89655172413793,2
"TPM1",2,0,30,32,6.25,2
"TPM3",2,0,12,14,14.2857142857143,2
"TPR",2,3,25,30,6.66666666666667,5
"TPRG1L",2,0,21,23,8.69565217391304,2
"TPT1-AS1",2,1,10,13,15.3846153846154,3
"TRA2A",2,0,25,27,7.40740740740741,2
"TRAF3",2,1,18,21,9.52380952380952,3
"TRAF4",2,0,10,12,16.6666666666667,2
"TRAF5",2,0,6,8,25,2
"TRAFD1",2,0,1,3,66.6666666666667,2
"TRAK2",2,1,27,30,6.66666666666667,3
"TRAPPC4",2,1,14,17,11.7647058823529,3
"TREM1",2,0,10,12,16.6666666666667,2
"TREM2",2,0,9,11,18.1818181818182,2
"TRERF1",2,0,17,19,10.5263157894737,2
"TRIAP1",2,0,11,13,15.3846153846154,2
"TRIM68",2,1,10,13,15.3846153846154,3
"TRIM72",2,0,14,16,12.5,2
"TRMT10A",2,2,17,21,9.52380952380952,4
"TRMT10C",2,2,12,16,12.5,4
"TRMT2A",2,0,5,7,28.5714285714286,2
"TRNAI6",2,1,7,10,20,3
"TRPM1",2,2,54,58,3.44827586206897,4
"TSEN15",2,0,9,11,18.1818181818182,2
"TSEN15P3",2,1,11,14,14.2857142857143,3
"TSG101",2,0,31,33,6.06060606060606,2
"TSNAXIP1",2,1,20,23,8.69565217391304,3
"TSPYL5",2,1,16,19,10.5263157894737,3
"TSTD1",2,0,7,9,22.2222222222222,2
"TTBK1",2,0,4,6,33.3333333333333,2
"TTC16",2,0,10,12,16.6666666666667,2
"TTC21A",2,0,33,35,5.71428571428571,2
"TTC28-AS1",2,0,5,7,28.5714285714286,2
"TTC31",2,0,22,24,8.33333333333333,2
"TTC33",2,2,31,35,5.71428571428571,4
"TTC36",2,0,10,12,16.6666666666667,2
"TTC39B",2,3,21,26,7.69230769230769,5
"TTC39C",2,2,31,35,5.71428571428571,4
"TTC7A",2,0,9,11,18.1818181818182,2
"TTC7B",2,2,14,18,11.1111111111111,4
"TTLL10",2,0,11,13,15.3846153846154,2
"TTLL10-AS1",2,0,9,11,18.1818181818182,2
"TTLL5",2,0,17,19,10.5263157894737,2
"TTYH2",2,0,11,13,15.3846153846154,2
"TUBB",2,0,16,18,11.1111111111111,2
"TUBGCP3",2,0,5,7,28.5714285714286,2
"TUG1",2,0,6,8,25,2
"TULP3",2,0,8,10,20,2
"TUSC2",2,0,11,13,15.3846153846154,2
"TWIST1",2,0,2,4,50,2
"TWISTNB",2,0,20,22,9.09090909090909,2
"TXNDC11",2,0,13,15,13.3333333333333,2
"TXNRD2",2,0,1,3,66.6666666666667,2
"TXNRD3NB",2,0,8,10,20,2
"U2AF1",2,0,13,15,13.3333333333333,2
"U3.19",2,1,11,14,14.2857142857143,3
"U3.24",2,0,12,14,14.2857142857143,2
"U3.27",2,1,6,9,22.2222222222222,3
"U3.43",2,0,9,11,18.1818181818182,2
"U3.50",2,0,17,19,10.5263157894737,2
"U3.51",2,2,38,42,4.76190476190476,4
"U3.7",2,0,16,18,11.1111111111111,2
"U3.80",2,3,24,29,6.89655172413793,5
"U8.3",2,2,17,21,9.52380952380952,4
"U8.9",2,0,12,14,14.2857142857143,2
"UBA2",2,1,5,8,25,3
"UBASH3B",2,0,25,27,7.40740740740741,2
"UBE2D3",2,1,30,33,6.06060606060606,3
"UBL3",2,0,20,22,9.09090909090909,2
"UBL7",2,0,11,13,15.3846153846154,2
"UBL7-AS1",2,0,11,13,15.3846153846154,2
"UBTD1",2,0,30,32,6.25,2
"UBXN1",2,0,14,16,12.5,2
"UFSP2",2,0,6,8,25,2
"ULK3",2,0,16,18,11.1111111111111,2
"UNC5A",2,0,14,16,12.5,2
"UNC93B1",2,0,8,10,20,2
"UOX",2,3,42,47,4.25531914893617,5
"UQCC2",2,0,4,6,33.3333333333333,2
"UQCRQ",2,0,3,5,40,2
"USB1",2,0,5,7,28.5714285714286,2
"USP13",2,1,19,22,9.09090909090909,3
"USP20",2,0,19,21,9.52380952380952,2
"USP25",2,0,18,20,10,2
"USP3",2,2,27,31,6.45161290322581,4
"USP35",2,2,42,46,4.34782608695652,4
"USP47",2,1,23,26,7.69230769230769,3
"USP49",2,0,7,9,22.2222222222222,2
"USP6NL",2,3,21,26,7.69230769230769,5
"USP7",2,0,35,37,5.40540540540541,2
"USP8",2,0,15,17,11.7647058823529,2
"UTP14C",2,1,8,11,18.1818181818182,3
"UTP15",2,0,19,21,9.52380952380952,2
"UTP20",2,1,11,14,14.2857142857143,3
"VAPA",2,0,19,21,9.52380952380952,2
"VARS",2,0,10,12,16.6666666666667,2
"VASH2",2,0,2,4,50,2
"VCAN",2,2,18,22,9.09090909090909,4
"VCAN-AS1",2,4,25,31,6.45161290322581,6
"VGF",2,0,4,6,33.3333333333333,2
"VIPR1",2,0,20,22,9.09090909090909,2
"VKORC1",2,0,11,13,15.3846153846154,2
"VN1R1",2,3,54,59,3.38983050847458,5
"VNN1",2,1,11,14,14.2857142857143,3
"VNN3",2,1,14,17,11.7647058823529,3
"VPS37C",2,1,22,25,8,3
"VPS53",2,0,9,11,18.1818181818182,2
"VRK1",2,0,29,31,6.45161290322581,2
"VWA2",2,0,5,7,28.5714285714286,2
"VWA8",2,0,8,10,20,2
"WDFY3",2,3,13,18,11.1111111111111,5
"WDFY3-AS2",2,3,13,18,11.1111111111111,5
"WDPCP",2,0,2,4,50,2
"WDR20",2,0,7,9,22.2222222222222,2
"WDR26",2,1,30,33,6.06060606060606,3
"WDR53",2,0,7,9,22.2222222222222,2
"WDR61",2,0,25,27,7.40740740740741,2
"WDR78",2,1,21,24,8.33333333333333,3
"WDR87",2,0,23,25,8,2
"WFDC3",2,3,14,19,10.5263157894737,5
"WFIKKN2",2,2,56,60,3.33333333333333,4
"WIF1",2,0,8,10,20,2
"WIPF2",2,0,4,6,33.3333333333333,2
"WIPI2",2,0,8,10,20,2
"WISP1",2,0,45,47,4.25531914893617,2
"WNT6",2,0,13,15,13.3333333333333,2
"WNT8A",2,0,5,7,28.5714285714286,2
"WT1",2,0,7,9,22.2222222222222,2
"WT1-AS",2,0,7,9,22.2222222222222,2
"WWTR1",2,3,28,33,6.06060606060606,5
"WWTR1-AS1",2,3,27,32,6.25,5
"XKR6",2,1,21,24,8.33333333333333,3
"XPNPEP3",2,1,3,6,33.3333333333333,3
"XPO5",2,0,3,5,40,2
"XPO7",2,0,27,29,6.89655172413793,2
"XPOT",2,1,35,38,5.26315789473684,3
"XPR1",2,1,9,12,16.6666666666667,3
"XRN2",2,1,14,17,11.7647058823529,3
"XXbac-BPG154L12.4",2,1,25,28,7.14285714285714,3
"XXbac-BPG252P9.9",2,0,16,18,11.1111111111111,2
"XYLT1",2,0,12,14,14.2857142857143,2
"Y_RNA.116",2,1,12,15,13.3333333333333,3
"Y_RNA.118",2,1,47,50,4,3
"Y_RNA.151",2,0,11,13,15.3846153846154,2
"Y_RNA.188",2,0,11,13,15.3846153846154,2
"Y_RNA.242",2,1,40,43,4.65116279069767,3
"Y_RNA.294",2,0,10,12,16.6666666666667,2
"Y_RNA.353",2,0,4,6,33.3333333333333,2
"Y_RNA.371",2,3,26,31,6.45161290322581,5
"Y_RNA.429",2,0,2,4,50,2
"Y_RNA.46",2,1,8,11,18.1818181818182,3
"Y_RNA.495",2,6,35,43,4.65116279069767,8
"Y_RNA.554",2,0,6,8,25,2
"Y_RNA.70",2,0,14,16,12.5,2
"Y_RNA.735",2,2,34,38,5.26315789473684,4
"Y_RNA.740",2,0,6,8,25,2
"YBX1",2,1,15,18,11.1111111111111,3
"YDJC",2,0,10,12,16.6666666666667,2
"YIF1B",2,0,14,16,12.5,2
"YIPF3",2,0,10,12,16.6666666666667,2
"YKT6",2,1,17,20,10,3
"yR211F11.2",2,0,21,23,8.69565217391304,2
"YTHDC1",2,2,30,34,5.88235294117647,4
"YTHDC2",2,4,52,58,3.44827586206897,6
"YTHDF2",2,0,18,20,10,2
"YWHAQ",2,0,14,16,12.5,2
"Z83844.1",2,0,1,3,66.6666666666667,2
"Z98044.1",2,0,23,25,8,2
"ZBBX",2,4,22,28,7.14285714285714,6
"ZBP1",2,0,24,26,7.69230769230769,2
"ZBTB10",2,2,34,38,5.26315789473684,4
"ZBTB24",2,0,7,9,22.2222222222222,2
"ZBTB37",2,2,22,26,7.69230769230769,4
"ZBTB5",2,1,9,12,16.6666666666667,3
"ZC3H12A",2,0,16,18,11.1111111111111,2
"ZC3H12C",2,1,10,13,15.3846153846154,3
"ZC3H7A",2,0,7,9,22.2222222222222,2
"ZCCHC4",2,1,20,23,8.69565217391304,3
"ZCCHC6",2,1,24,27,7.40740740740741,3
"ZCWPW1",2,0,20,22,9.09090909090909,2
"ZDHHC1",2,0,7,9,22.2222222222222,2
"ZDHHC7",2,1,23,26,7.69230769230769,3
"ZDHHC8",2,0,4,6,33.3333333333333,2
"ZEB2-AS1",2,1,23,26,7.69230769230769,3
"ZFAND2B",2,0,14,16,12.5,2
"ZFHX2",2,0,10,12,16.6666666666667,2
"ZFP30",2,0,8,10,20,2
"ZFPL1",2,0,5,7,28.5714285714286,2
"ZFYVE27",2,0,22,24,8.33333333333333,2
"ZGPAT",2,0,17,19,10.5263157894737,2
"ZIC2",2,0,11,13,15.3846153846154,2
"ZIC5",2,0,11,13,15.3846153846154,2
"ZKSCAN3",2,1,15,18,11.1111111111111,3
"ZMAT3",2,0,23,25,8,2
"ZMIZ1",2,1,11,14,14.2857142857143,3
"ZMIZ1-AS1",2,1,11,14,14.2857142857143,3
"ZMYM2",2,1,7,10,20,3
"ZMYM4",2,0,10,12,16.6666666666667,2
"ZNF121",2,1,7,10,20,3
"ZNF133",2,4,53,59,3.38983050847458,6
"ZNF140",2,1,12,15,13.3333333333333,3
"ZNF142",2,0,21,23,8.69565217391304,2
"ZNF148",2,1,29,32,6.25,3
"ZNF256",2,1,8,11,18.1818181818182,3
"ZNF266",2,0,7,9,22.2222222222222,2
"ZNF282",2,0,7,9,22.2222222222222,2
"ZNF319",2,0,5,7,28.5714285714286,2
"ZNF385C",2,1,9,12,16.6666666666667,3
"ZNF395",2,0,15,17,11.7647058823529,2
"ZNF420",2,1,20,23,8.69565217391304,3
"ZNF433",2,0,24,26,7.69230769230769,2
"ZNF444",2,0,13,15,13.3333333333333,2
"ZNF469",2,0,10,12,16.6666666666667,2
"ZNF500",2,1,36,39,5.12820512820513,3
"ZNF503",2,1,14,17,11.7647058823529,3
"ZNF503-AS1",2,0,0,2,100,2
"ZNF503-AS2",2,1,14,17,11.7647058823529,3
"ZNF507",2,0,6,8,25,2
"ZNF518B",2,0,34,36,5.55555555555556,2
"ZNF561",2,0,4,6,33.3333333333333,2
"ZNF562",2,1,7,10,20,3
"ZNF571",2,0,4,6,33.3333333333333,2
"ZNF585B",2,0,6,8,25,2
"ZNF592",2,1,21,24,8.33333333333333,3
"ZNF622",2,2,76,80,2.5,4
"ZNF625",2,0,8,10,20,2
"ZNF625-ZNF20",2,0,8,10,20,2
"ZNF648",2,0,10,12,16.6666666666667,2
"ZNF654",2,3,9,14,14.2857142857143,5
"ZNF669",2,1,26,29,6.89655172413793,3
"ZNF684",2,1,16,19,10.5263157894737,3
"ZNF706",2,1,30,33,6.06060606060606,3
"ZNF710",2,0,9,11,18.1818181818182,2
"ZNF740",2,0,21,23,8.69565217391304,2
"ZNF778",2,0,12,14,14.2857142857143,2
"ZNF782",2,0,11,13,15.3846153846154,2
"ZNF827",2,0,25,27,7.40740740740741,2
"ZNF831",2,2,26,30,6.66666666666667,4
"ZNHIT2",2,0,20,22,9.09090909090909,2
"ZNRF2",2,2,27,31,6.45161290322581,4
"ZNRF3",2,0,9,11,18.1818181818182,2
"ZP1",2,0,8,10,20,2
"ZP2",2,1,14,17,11.7647058823529,3
"ZPBP",2,3,53,58,3.44827586206897,5
"ZRSR1",2,2,16,20,10,4
"ZSCAN31",2,1,15,18,11.1111111111111,3
"ZZZ3",2,3,27,32,6.25,5
