"","nb_enhancer_hyper","nb_enhancer_hypo","nb_enhancer_unchanged","total_enhancers","percent_hyper","DM"
"PLEKHB2",30,2,63,95,31.5789473684211,32
"AC142528.1",29,2,69,100,29,31
"ADI1",29,2,69,100,29,31
"AC012467.1",27,2,50,79,34.1772151898734,29
"ACTR8",27,2,50,79,34.1772151898734,29
"C1orf109",25,0,41,66,37.8787878787879,25
"CDCA8",25,0,41,66,37.8787878787879,25
"CHD1",25,3,72,100,25,28
"CTD-2007H13.3",25,3,72,100,25,28
"INPP5A",25,0,24,49,51.0204081632653,25
"CDCA2",24,1,47,72,33.3333333333333,25
"HUS1",24,0,57,81,29.6296296296296,24
"KCTD9",24,1,47,72,33.3333333333333,25
"THAP2",24,2,84,110,21.8181818181818,26
"ZFC3H1",24,2,84,110,21.8181818181818,26
"IRF2BP2",23,1,20,44,52.2727272727273,24
"RP4-781K5.2",23,1,20,44,52.2727272727273,24
"SLC25A3",23,2,74,99,23.2323232323232,25
"CTD-2256P15.2",22,0,43,65,33.8461538461538,22
"MARCH6",22,0,43,65,33.8461538461538,22
"POLR3A",22,0,15,37,59.4594594594595,22
"RHBDD2",22,0,32,54,40.7407407407407,22
"RPS24",22,0,15,37,59.4594594594595,22
"C10orf91",21,0,19,40,52.5,21
"CTD-2047H16.4",21,0,15,36,58.3333333333333,21
"ENDOV",21,0,15,36,58.3333333333333,21
"FAM168B",21,1,48,70,30,22
"DUSP5",20,1,59,80,25,21
"RP1-43E13.2",20,1,31,52,38.4615384615385,21
"RP11-1007G5.2",20,0,40,60,33.3333333333333,20
"RP11-525A16.4",20,1,59,80,25,21
"RPS7",20,2,55,77,25.974025974026,22
"UBR4",20,1,31,52,38.4615384615385,21
"AC062017.1",19,0,30,49,38.7755102040816,19
"FAM53B",19,0,29,48,39.5833333333333,19
"HDAC4",19,0,30,49,38.7755102040816,19
"LONRF1",19,0,38,57,33.3333333333333,19
"MSMB",19,0,34,53,35.8490566037736,19
"AC009120.4",18,1,38,57,31.5789473684211,19
"ACBD6",18,0,19,37,48.6486486486487,18
"ALKBH2",18,0,7,25,72,18
"CCDC174",18,1,30,49,36.734693877551,19
"ETS1",18,0,39,57,31.5789473684211,18
"FAM105A",18,0,42,60,30,18
"GSE1",18,0,18,36,50,18
"IFFO1",18,0,20,38,47.3684210526316,18
"NABP1",18,0,23,41,43.9024390243902,18
"NGLY1",18,2,60,80,22.5,20
"OXSM",18,2,60,80,22.5,20
"PSMD7",18,1,38,57,31.5789473684211,19
"RAB28",18,1,60,79,22.7848101265823,19
"RP11-539L10.3",18,0,22,40,45,18
"UNG",18,0,9,27,66.6666666666667,18
"ZRANB2",18,1,38,57,31.5789473684211,19
"AC010883.5",17,0,28,45,37.7777777777778,17
"AC021188.4",17,0,30,47,36.1702127659575,17
"BRAT1",17,0,15,32,53.125,17
"C7orf65",17,0,34,51,33.3333333333333,17
"CHD4",17,0,21,38,44.7368421052632,17
"CTDSP2",17,0,19,36,47.2222222222222,17
"DENND3",17,0,21,38,44.7368421052632,17
"GAPDH",17,0,23,40,42.5,17
"HMGB1",17,0,24,41,41.4634146341463,17
"MAML3",17,0,29,46,36.9565217391304,17
"MXD3",17,0,13,30,56.6666666666667,17
"NOP2",17,0,21,38,44.7368421052632,17
"RNU6-958P",17,0,19,36,47.2222222222222,17
"RP5-940J5.3",17,0,23,40,42.5,17
"SMNDC1",17,0,54,71,23.943661971831,17
"TIMM10",17,1,24,42,40.4761904761905,18
"USPL1",17,0,24,41,41.4634146341463,17
"VAMP1",17,0,9,26,65.3846153846154,17
"C9orf50",16,0,11,27,59.2592592592593,16
"CHML",16,0,29,45,35.5555555555556,16
"CNNM4",16,0,24,40,40,16
"CORO1C",16,0,9,25,64,16
"HLA-DOB",16,0,14,30,53.3333333333333,16
"HS2ST1",16,3,22,41,39.0243902439024,19
"hsa-mir.1",16,0,28,44,36.3636363636364,16
"KIAA0232",16,0,24,40,40,16
"KPNA5",16,2,48,66,24.2424242424242,18
"MED13L",16,0,35,51,31.3725490196078,16
"NCOR2",16,0,17,33,48.4848484848485,16
"NTMT1",16,0,11,27,59.2592592592593,16
"RARA",16,1,13,30,53.3333333333333,17
"RERE",16,0,24,40,40,16
"RP11-730K11.1",16,0,11,27,59.2592592592593,16
"SELK",16,2,33,51,31.3725490196078,18
"SEP15",16,3,22,41,39.0243902439024,19
"snoU13.272",16,0,14,30,53.3333333333333,16
"SORL1",16,0,11,27,59.2592592592593,16
"TNS3",16,0,31,47,34.0425531914894,16
"ZRANB2-AS2",16,1,36,53,30.188679245283,17
"AC009677.1",15,0,20,35,42.8571428571429,15
"ACRBP",15,0,20,35,42.8571428571429,15
"AL359878.1",15,0,35,50,30,15
"AP003041.2",15,0,16,31,48.3870967741936,15
"APLP2",15,0,16,31,48.3870967741936,15
"CD27-AS1",15,0,6,21,71.4285714285714,15
"CDH15",15,0,4,19,78.9473684210526,15
"CISD1",15,0,42,57,26.3157894736842,15
"DIEXF",15,0,30,45,33.3333333333333,15
"DNAJB9",15,1,40,56,26.7857142857143,16
"FAM114A2",15,1,33,49,30.6122448979592,16
"FOXN3",15,0,28,43,34.8837209302326,15
"GTPBP4",15,0,35,50,30,15
"IL19",15,0,13,28,53.5714285714286,15
"IPMK",15,0,42,57,26.3157894736842,15
"KATNAL1",15,0,19,34,44.1176470588235,15
"MARCH8",15,0,17,32,46.875,15
"MARCH9",15,0,28,43,34.8837209302326,15
"MFAP3",15,1,33,49,30.6122448979592,16
"MRFAP1",15,0,23,38,39.4736842105263,15
"MSL1",15,0,14,29,51.7241379310345,15
"NCAPH",15,0,22,37,40.5405405405405,15
"PGRMC2",15,0,35,50,30,15
"PNPLA8",15,1,40,56,26.7857142857143,16
"RN7SL391P",15,0,8,23,65.2173913043478,15
"ROPN1L",15,0,27,42,35.7142857142857,15
"ROPN1L-AS1",15,0,27,42,35.7142857142857,15
"RP11-46C24.3",15,0,4,19,78.9473684210526,15
"RP11-689B22.2",15,0,10,25,60,15
"RP11-944C7.1",15,0,28,43,34.8837209302326,15
"RPL37",15,0,16,31,48.3870967741936,15
"SELPLG",15,0,10,25,60,15
"SNX14",15,0,58,73,20.5479452054795,15
"TAPBPL",15,0,6,21,71.4285714285714,15
"THAP5",15,1,40,56,26.7857142857143,16
"TNFRSF1A",15,0,8,23,65.2173913043478,15
"U8.13",15,1,19,35,42.8571428571429,16
"Y_RNA.782",15,0,28,43,34.8837209302326,15
"ZFP36L2",15,0,21,36,41.6666666666667,15
"AC009505.2",14,0,34,48,29.1666666666667,14
"AC090952.5",14,1,23,38,36.8421052631579,15
"AC093267.1",14,1,24,39,35.8974358974359,15
"AE000662.92",14,1,24,39,35.8974358974359,15
"AE000662.93",14,1,24,39,35.8974358974359,15
"AMHR2",14,0,11,25,56,14
"ANXA11",14,0,21,35,40,14
"APOLD1",14,0,18,32,43.75,14
"ARL5B",14,0,52,66,21.2121212121212,14
"ARL5B-AS1",14,0,52,66,21.2121212121212,14
"ATN1",14,0,18,32,43.75,14
"C12orf57",14,0,19,33,42.4242424242424,14
"C12orf65",14,0,12,26,53.8461538461538,14
"CARD6",14,0,15,29,48.2758620689655,14
"CDK4",14,0,25,39,35.8974358974359,14
"CNNM3",14,0,23,37,37.8378378378378,14
"CTC-487M23.8",14,1,32,47,29.7872340425532,15
"DHFRL1",14,1,65,80,17.5,15
"DUSP2",14,0,22,36,38.8888888888889,14
"EIF1B",14,1,36,51,27.4509803921569,15
"FAIM3",14,0,11,25,56,14
"FASTKD3",14,1,31,46,30.4347826086957,15
"ING4",14,0,19,33,42.4242424242424,14
"ISCU",14,0,7,21,66.6666666666667,14
"KBTBD8",14,1,23,38,36.8421052631579,15
"KLHDC4",14,0,18,32,43.75,14
"KLHL21",14,0,13,27,51.8518518518518,14
"LINC00167",14,0,18,32,43.75,14
"LINC00857",14,0,21,35,40,14
"MIR130A",14,0,17,31,45.1612903225806,14
"MPHOSPH9",14,0,12,26,53.8461538461538,14
"MTDH",14,1,25,40,35,15
"MTRR",14,1,31,46,30.4347826086957,15
"NDUFA10",14,0,21,35,40,14
"NSUN3",14,1,65,80,17.5,15
"PDCD10",14,0,43,57,24.5614035087719,14
"PHF13",14,0,13,27,51.8518518518518,14
"PIGR",14,0,13,27,51.8518518518518,14
"PPID",14,0,33,47,29.7872340425532,14
"PRDM10",14,0,18,32,43.75,14
"PTRF",14,1,16,31,45.1612903225806,15
"RN7SKP107",14,0,22,36,38.8888888888889,14
"RNU7",14,0,18,32,43.75,14
"RNU7-169P",14,0,7,21,66.6666666666667,14
"RP11-180M15.4",14,0,18,32,43.75,14
"RP11-353K11.1",14,0,23,37,37.8378378378378,14
"RP5-902P8.10",14,0,7,21,66.6666666666667,14
"RSL24D1",14,0,33,47,29.7872340425532,14
"SERPINI1",14,0,43,57,24.5614035087719,14
"SLC43A1",14,1,15,30,46.6666666666667,15
"SRP19",14,1,32,47,29.7872340425532,15
"TP73",14,0,15,29,48.2758620689655,14
"TSFM",14,0,12,26,53.8461538461538,14
"UBE2J2",14,0,7,21,66.6666666666667,14
"WRAP73",14,0,15,29,48.2758620689655,14
"AAAS",13,0,10,23,56.5217391304348,13
"AP000662.4",13,1,18,32,40.625,14
"ARL6IP5",13,0,26,39,33.3333333333333,13
"ATP6V0A1",13,0,8,21,61.9047619047619,13
"BNIP3",13,0,24,37,35.1351351351351,13
"BRD7",13,0,27,40,32.5,13
"C6orf48",13,0,6,19,68.4210526315789,13
"CAPZB",13,0,22,35,37.1428571428571,13
"CCNK",13,0,18,31,41.9354838709677,13
"CCT5",13,1,24,38,34.2105263157895,14
"CDC16",13,0,9,22,59.0909090909091,13
"CDC6",13,1,13,27,48.1481481481481,14
"CIAO1",13,0,21,34,38.2352941176471,13
"CLP1",13,1,18,32,40.625,14
"CMPK2",13,0,24,37,35.1351351351351,13
"CNP",13,0,14,27,48.1481481481481,13
"COTL1",13,0,13,26,50,13
"CSGALNACT2",13,1,31,45,28.8888888888889,14
"CTD-2256P15.1",13,1,24,38,34.2105263157895,14
"CYB5RL",13,0,9,22,59.0909090909091,13
"CYP27B1",13,0,19,32,40.625,13
"EEF1B2",13,0,30,43,30.2325581395349,13
"FAM173B",13,1,24,38,34.2105263157895,14
"GDAP2",13,0,15,28,46.4285714285714,13
"GRK5",13,0,17,30,43.3333333333333,13
"GRK5-IT1",13,0,17,30,43.3333333333333,13
"MAK16",13,0,26,39,33.3333333333333,13
"MATN1",13,0,20,33,39.3939393939394,13
"MATN1-AS1",13,0,20,33,39.3939393939394,13
"METTL1",13,0,12,25,52,13
"METTL21B",13,0,12,25,52,13
"MIR153",13,0,38,51,25.4901960784314,13
"MR1",13,0,9,22,59.0909090909091,13
"MRPL22",13,3,45,61,21.3114754098361,16
"MRPL36",13,0,29,42,30.952380952381,13
"MRPL37",13,0,9,22,59.0909090909091,13
"NBL1",13,0,20,33,39.3939393939394,13
"NCAPD2",13,0,10,23,56.5217391304348,13
"NDUFS1",13,0,29,42,30.952380952381,13
"NDUFS6",13,0,29,42,30.952380952381,13
"PADI2",13,0,17,30,43.3333333333333,13
"PFDN5",13,0,10,23,56.5217391304348,13
"PRKCH",13,1,38,52,25,14
"PSMB9",13,0,12,25,52,13
"PTMS",13,0,14,27,48.1481481481481,13
"RNF207",13,0,15,28,46.4285714285714,13
"RP1-120G22.11",13,0,15,28,46.4285714285714,13
"RP11-17M16.1",13,0,7,20,65,13
"RP11-21B23.1",13,0,27,40,32.5,13
"RP11-245J9.4",13,0,42,55,23.6363636363636,13
"RP11-312B8.1",13,0,19,32,40.625,13
"RP11-313D6.3",13,1,31,45,28.8888888888889,14
"RP11-351D16.3",13,1,31,45,28.8888888888889,14
"RP11-446E24.4",13,0,9,22,59.0909090909091,13
"RP11-571M6.15",13,0,12,25,52,13
"RP11-809O17.1",13,0,20,33,39.3939393939394,13
"RP11-872D17.8",13,1,18,32,40.625,14
"RP4-761J14.8",13,0,14,27,48.1481481481481,13
"RP5-1115A15.2",13,0,13,26,50,13
"RPL22",13,0,15,28,46.4285714285714,13
"SETD3",13,0,18,31,41.9354838709677,13
"SLC43A3",13,1,18,32,40.625,14
"SLC45A4",13,0,19,32,40.625,13
"SNORA77.1",13,0,13,26,50,13
"SNORD52",13,0,5,18,72.2222222222222,13
"SP7",13,0,5,18,72.2222222222222,13
"TAP1",13,0,11,24,54.1666666666667,13
"TMEM127",13,0,21,34,38.2352941176471,13
"TRIO",13,0,30,43,30.2325581395349,13
"UBC",13,0,19,32,40.625,13
"UBE2Q1",13,0,16,29,44.8275862068966,13
"UGGT1",13,0,23,36,36.1111111111111,13
"WDR3",13,0,15,28,46.4285714285714,13
"YOD1",13,0,17,30,43.3333333333333,13
"YPEL4",13,1,18,32,40.625,14
"ZNF516",13,0,7,20,65,13
"ACAD8",12,0,40,52,23.0769230769231,12
"AEN",12,0,17,29,41.3793103448276,12
"AGAP2",12,0,23,35,34.2857142857143,12
"ALDH4A1",12,3,19,34,35.2941176470588,15
"ANKRD33B",12,0,22,34,35.2941176470588,12
"ANXA6",12,0,15,27,44.4444444444444,12
"ARGLU1",12,0,15,27,44.4444444444444,12
"ASTL",12,0,17,29,41.3793103448276,12
"C7orf69",12,0,25,37,32.4324324324324,12
"CALM2",12,0,5,17,70.5882352941177,12
"CBX2",12,0,20,32,37.5,12
"CCDC147",12,0,17,29,41.3793103448276,12
"CCDC147-AS1",12,0,17,29,41.3793103448276,12
"CCNG1",12,1,30,43,27.906976744186,13
"CD27",12,0,6,18,66.6666666666667,12
"CHSY1",12,0,16,28,42.8571428571429,12
"CNEP1R1",12,0,16,28,42.8571428571429,12
"CUX1",12,0,18,30,40,12
"DDX39B",12,0,11,23,52.1739130434783,12
"DDX39B-AS1",12,0,11,23,52.1739130434783,12
"DPH1",12,1,18,31,38.7096774193548,13
"EIF3A",12,0,16,28,42.8571428571429,12
"F12",12,0,5,17,70.5882352941177,12
"FEM1C",12,1,43,56,21.4285714285714,13
"FLJ20373",12,0,11,23,52.1739130434783,12
"FNDC3B",12,0,28,40,30,12
"FOXP1",12,0,22,34,35.2941176470588,12
"GLYR1",12,0,21,33,36.3636363636364,12
"GRK6",12,0,5,17,70.5882352941177,12
"HLA-DQA2",12,0,13,25,48,12
"HLA-DQB2",12,0,13,25,48,12
"HMGCS1",12,0,24,36,33.3333333333333,12
"HMMR",12,0,27,39,30.7692307692308,12
"HNMT",12,0,21,33,36.3636363636364,12
"HSPA1A",12,0,9,21,57.1428571428571,12
"HSPA1L",12,0,9,21,57.1428571428571,12
"ISG20L2",12,0,24,36,33.3333333333333,12
"KDM1B",12,0,16,28,42.8571428571429,12
"LAG3",12,0,14,26,46.1538461538462,12
"LAMB3",12,0,29,41,29.2682926829268,12
"LFNG",12,0,10,22,54.5454545454545,12
"LINC00525",12,0,29,41,29.2682926829268,12
"LSM2",12,0,7,19,63.1578947368421,12
"MAP3K12",12,0,14,26,46.1538461538462,12
"MIR1290",12,3,19,34,35.2941176470588,15
"MLF2",12,0,14,26,46.1538461538462,12
"MRPL46",12,0,29,41,29.2682926829268,12
"MRPS11",12,0,29,41,29.2682926829268,12
"NFATC1",12,0,19,31,38.7096774193548,12
"NSUN6",12,0,40,52,23.0769230769231,12
"NUDCD2",12,0,27,39,30.7692307692308,12
"P2RX3",12,1,21,34,35.2941176470588,13
"PABPC1",12,0,20,32,37.5,12
"PFN3",12,0,5,17,70.5882352941177,12
"RAI1",12,0,14,26,46.1538461538462,12
"RAN",12,0,18,30,40,12
"RANBP9",12,0,9,21,57.1428571428571,12
"REST",12,0,32,44,27.2727272727273,12
"RGS10",12,0,19,31,38.7096774193548,12
"RNU2-38P",12,0,48,60,20,12
"RP11-135A1.2",12,0,31,43,27.906976744186,12
"RP11-154H23.3",12,0,22,34,35.2941176470588,12
"RP11-46F15.2",12,0,9,21,57.1428571428571,12
"RP11-47I22.1",12,0,26,38,31.5789473684211,12
"RP11-47I22.4",12,0,25,37,32.4324324324324,12
"RP11-541P9.3",12,1,30,43,27.906976744186,13
"RP11-761B3.1",12,0,5,17,70.5882352941177,12
"RP11-872D17.4",12,1,27,40,30,13
"RP5-1170K4.7",12,0,14,26,46.1538461538462,12
"RPS21",12,0,15,27,44.4444444444444,12
"RRNAD1",12,0,24,36,33.3333333333333,12
"SND1",12,1,32,45,26.6666666666667,13
"SNORD72",12,0,6,18,66.6666666666667,12
"SREBF1",12,0,6,18,66.6666666666667,12
"SSRP1",12,1,21,34,35.2941176470588,13
"THYN1",12,0,40,52,23.0769230769231,12
"TMPRSS6",12,0,14,26,46.1538461538462,12
"TPMT",12,0,16,28,42.8571428571429,12
"TPRG1L",12,0,9,21,57.1428571428571,12
"UBE2Q1-AS1",12,0,16,28,42.8571428571429,12
"UBN1",12,0,21,33,36.3636363636364,12
"WDR59",12,0,9,21,57.1428571428571,12
"WDR82",12,1,11,24,50,13
"ZNF697",12,0,28,40,30,12
"ZNRF1",12,0,9,21,57.1428571428571,12
"AAMP",11,2,30,43,25.5813953488372,13
"AC006486.1",11,1,13,25,44,12
"AC011747.7",11,0,17,28,39.2857142857143,11
"AC019131.1",11,0,13,24,45.8333333333333,11
"AC073255.1",11,0,19,30,36.6666666666667,11
"ADAM30",11,0,32,43,25.5813953488372,11
"AGAP7",11,0,17,28,39.2857142857143,11
"AGPAT5",11,3,44,58,18.9655172413793,14
"ANKH",11,0,33,44,25,11
"APAF1",11,1,46,58,18.9655172413793,12
"ATOX1",11,0,21,32,34.375,11
"BEAN1",11,0,22,33,33.3333333333333,11
"BLOC1S4",11,0,20,31,35.4838709677419,11
"BRD2",11,0,4,15,73.3333333333333,11
"BRPF1",11,1,25,37,29.7297297297297,12
"C1orf174",11,0,10,21,52.3809523809524,11
"C4orf33",11,0,18,29,37.9310344827586,11
"C7orf73",11,1,20,32,34.375,12
"CAHM",11,0,55,66,16.6666666666667,11
"CAPRIN2",11,0,16,27,40.7407407407407,11
"CCDC59",11,2,27,40,27.5,13
"CCL24",11,0,28,39,28.2051282051282,11
"CD4",11,0,12,23,47.8260869565217,11
"CENPF",11,0,30,41,26.8292682926829,11
"CHCHD7",11,1,28,40,27.5,12
"CSDE1",11,0,21,32,34.375,11
"CTB-40H15.4",11,0,33,44,25,11
"CTD-2541M15.1",11,3,44,58,18.9655172413793,14
"DEXI",11,0,22,33,33.3333333333333,11
"DHRS3",11,0,13,24,45.8333333333333,11
"DYNC1LI2",11,0,13,24,45.8333333333333,11
"EED",11,0,24,35,31.4285714285714,11
"EIF4E",11,0,13,24,45.8333333333333,11
"ERAP2",11,1,20,32,34.375,12
"ERF",11,1,13,25,44,12
"ESYT2",11,0,16,27,40.7407407407407,11
"EXOC7",11,0,8,19,57.8947368421053,11
"FAM131C",11,0,9,20,55,11
"FARS2",11,0,18,29,37.9310344827586,11
"FMNL1",11,0,8,19,57.8947368421053,11
"FOS",11,0,28,39,28.2051282051282,11
"FOXRED1",11,0,27,38,28.9473684210526,11
"FYB",11,0,11,22,50,11
"G3BP1",11,0,21,32,34.375,11
"GHITM",11,0,31,42,26.1904761904762,11
"GRPEL1",11,0,14,25,44,11
"GSK3A",11,1,13,25,44,12
"GSTO2",11,0,17,28,39.2857142857143,11
"HDGF",11,0,21,32,34.375,11
"HES1",11,0,22,33,33.3333333333333,11
"HIF1A",11,1,25,37,29.7297297297297,12
"HIF1A-AS1",11,1,25,37,29.7297297297297,12
"ID2",11,0,17,28,39.2857142857143,11
"IGF1R",11,0,36,47,23.4042553191489,11
"IKBIP",11,1,46,58,18.9655172413793,12
"LAMA5",11,0,11,22,50,11
"LEFTY1",11,0,17,28,39.2857142857143,11
"LINC01011",11,0,25,36,30.5555555555556,11
"LINC01134",11,0,10,21,52.3809523809524,11
"LMAN2",11,0,7,18,61.1111111111111,11
"LYRM4",11,0,18,29,37.9310344827586,11
"MAP1LC3B2",11,0,18,29,37.9310344827586,11
"MBNL2",11,0,21,32,34.375,11
"MDH2",11,0,15,26,42.3076923076923,11
"MED24",11,0,10,21,52.3809523809524,11
"METTL25",11,2,27,40,27.5,13
"MIR1227",11,0,2,13,84.6153846153846,11
"MIR4482",11,0,17,28,39.2857142857143,11
"MIR7",11,0,21,32,34.375,11
"MON2",11,1,28,40,27.5,12
"MRPL19",11,2,19,32,34.375,13
"MSH5-SAPCD1",11,0,7,18,61.1111111111111,11
"MXI1",11,0,30,41,26.8292682926829,11
"NKD1",11,0,18,29,37.9310344827586,11
"NPY4R",11,0,33,44,25,11
"NQO2",11,0,25,36,30.5555555555556,11
"PCF11",11,1,30,42,26.1904761904762,12
"PICALM",11,0,23,34,32.3529411764706,11
"PIK3CA",11,0,29,40,27.5,11
"PLAG1",11,1,28,40,27.5,12
"PLEKHJ1",11,0,4,15,73.3333333333333,11
"PNKD",11,2,31,44,25,13
"PRR7",11,0,0,11,100,11
"QKI",11,0,55,66,16.6666666666667,11
"RAB43",11,0,11,22,50,11
"RGS14",11,0,7,18,61.1111111111111,11
"RP11-184A2.2",11,0,28,39,28.2051282051282,11
"RP11-338I21.1",11,0,31,42,26.1904761904762,11
"RP11-350N15.5",11,0,37,48,22.9166666666667,11
"RP11-360P21.2",11,0,29,40,27.5,11
"RP11-474O21.5",11,0,13,24,45.8333333333333,11
"RP11-549L6.3",11,0,30,41,26.8292682926829,11
"RP11-54C4.1",11,0,21,32,34.375,11
"RP11-571L19.7",11,0,13,24,45.8333333333333,11
"RP11-61A14.4",11,0,13,24,45.8333333333333,11
"RP11-66D17.5",11,0,25,36,30.5555555555556,11
"RP11-77I22.2",11,0,16,27,40.7407407407407,11
"RP11-809C9.2",11,0,18,29,37.9310344827586,11
"RP5-1115A15.1",11,0,18,29,37.9310344827586,11
"RP5-997D24.3",11,0,5,16,68.75,11
"RPL29",11,1,11,23,47.8260869565217,12
"RPTOR",11,0,11,22,50,11
"RSAD2",11,0,15,26,42.3076923076923,11
"SCLT1",11,0,18,29,37.9310344827586,11
"SERPINB1",11,0,21,32,34.375,11
"SEZ6",11,0,12,23,47.8260869565217,11
"SIRT5",11,0,16,27,40.7407407407407,11
"SLC34A1",11,0,6,17,64.7058823529412,11
"SMG6",11,0,11,22,50,11
"SNAPC1",11,1,22,34,32.3529411764706,12
"SNORA59A",11,1,14,26,42.3076923076923,12
"snoU13.196",11,1,21,33,33.3333333333333,12
"SNX2",11,1,22,34,32.3529411764706,12
"SRCAP",11,0,14,25,44,11
"SRPR",11,0,27,38,28.9473684210526,11
"SSBP3",11,0,11,22,50,11
"SSBP3-AS1",11,0,5,16,68.75,11
"STYXL1",11,0,15,26,42.3076923076923,11
"SYNCRIP",11,0,45,56,19.6428571428571,11
"TFB1M",11,0,17,28,39.2857142857143,11
"TMEM71",11,0,24,35,31.4285714285714,11
"TNFAIP8",11,0,17,28,39.2857142857143,11
"TNIP2",11,0,8,19,57.8947368421053,11
"TOM1L2",11,0,5,16,68.75,11
"WHSC1L1",11,0,37,48,22.9166666666667,11
"WRAP53",11,0,21,32,34.375,11
"YWHAZ",11,0,16,27,40.7407407407407,11
"ZDHHC5",11,0,19,30,36.6666666666667,11
"AC003104.1",10,1,9,20,50,11
"AC018878.3",10,0,12,22,45.4545454545455,10
"AC022210.2",10,0,17,27,37.037037037037,10
"AC073934.6",10,1,19,30,33.3333333333333,11
"AC078883.3",10,0,13,23,43.4782608695652,10
"AC079080.1",10,0,18,28,35.7142857142857,10
"AC079610.2",10,0,40,50,20,10
"AC107993.1",10,1,5,16,62.5,11
"AC132186.1",10,0,15,25,40,10
"ADRM1",10,0,9,19,52.6315789473684,10
"AL450226.2",10,0,11,21,47.6190476190476,10
"ANKRD10",10,0,25,35,28.5714285714286,10
"AP006216.10",10,0,15,25,40,10
"AP006216.11",10,0,15,25,40,10
"ARHGEF19-AS1",10,0,6,16,62.5,10
"ARRDC3",10,2,45,57,17.5438596491228,12
"ASAP1",10,0,26,36,27.7777777777778,10
"ATG16L1",10,0,9,19,52.6315789473684,10
"BCCIP",10,0,18,28,35.7142857142857,10
"BLOC1S5",10,0,28,38,26.3157894736842,10
"BLOC1S5-TXNDC5",10,0,28,38,26.3157894736842,10
"BUD13",10,0,15,25,40,10
"C10orf25",10,1,18,29,34.4827586206897,11
"C11orf73",10,0,17,27,37.037037037037,10
"C12orf10",10,0,5,15,66.6666666666667,10
"C1orf132",10,0,14,24,41.6666666666667,10
"C1orf162",10,0,14,24,41.6666666666667,10
"C6orf211",10,0,17,27,37.037037037037,10
"C6orf62",10,1,28,39,25.6410256410256,11
"CARS2",10,0,22,32,31.25,10
"CBFA2T3",10,0,10,20,50,10
"CCDC82",10,2,18,30,33.3333333333333,12
"CD47",10,0,35,45,22.2222222222222,10
"CDK17",10,0,20,30,33.3333333333333,10
"CDKN2D",10,0,7,17,58.8235294117647,10
"CKLF",10,0,15,25,40,10
"CKLF-CMTM1",10,0,15,25,40,10
"CLDND1",10,0,39,49,20.4081632653061,10
"CLEC16A",10,0,16,26,38.4615384615385,10
"CMIP",10,0,29,39,25.6410256410256,10
"CNBP",10,0,8,18,55.5555555555556,10
"CNIH4",10,0,11,21,47.6190476190476,10
"CTD-2020K17.1",10,0,8,18,55.5555555555556,10
"CYB561D2",10,0,13,23,43.4782608695652,10
"CYLD",10,0,15,25,40,10
"DDX41",10,0,2,12,83.3333333333333,10
"DNAJC21",10,0,33,43,23.2558139534884,10
"DUSP22",10,0,23,33,30.3030303030303,10
"FAM118B",10,0,29,39,25.6410256410256,10
"FGGY",10,0,30,40,25,10
"FICD",10,0,11,21,47.6190476190476,10
"FKBP14",10,0,12,22,45.4545454545455,10
"FPGS",10,0,3,13,76.9230769230769,10
"GLYCTK",10,1,9,20,50,11
"GTF2A1",10,3,48,61,16.3934426229508,13
"HAPLN3",10,0,13,23,43.4782608695652,10
"HEATR3",10,0,14,24,41.6666666666667,10
"HIC1",10,1,14,25,40,11
"HIST1H2AD",10,2,51,63,15.8730158730159,12
"HIST1H3D",10,2,51,63,15.8730158730159,12
"HIST1H4H",10,2,42,54,18.5185185185185,12
"HNRNPA1P16",10,0,10,20,50,10
"HTATIP2",10,4,40,54,18.5185185185185,14
"IDI1",10,0,17,27,37.037037037037,10
"ING1",10,0,22,32,31.25,10
"ITGA6",10,0,14,24,41.6666666666667,10
"ITPRIP",10,0,10,20,50,10
"JRKL",10,2,18,30,33.3333333333333,12
"KLF6",10,0,32,42,23.8095238095238,10
"KRI1",10,0,6,16,62.5,10
"LMAN2L",10,0,18,28,35.7142857142857,10
"LPCAT1",10,0,14,24,41.6666666666667,10
"METTL9",10,0,18,28,35.7142857142857,10
"MFGE8",10,0,13,23,43.4782608695652,10
"MIR132",10,1,14,25,40,11
"MIR135A1",10,1,9,20,50,11
"MIR17HG",10,0,22,32,31.25,10
"MIR212",10,1,14,25,40,11
"MIR548O",10,0,9,19,52.6315789473684,10
"MIR609",10,0,22,32,31.25,10
"MRPL24",10,0,14,24,41.6666666666667,10
"MSL2",10,0,46,56,17.8571428571429,10
"MYBL1",10,1,12,23,43.4782608695652,11
"NEAT1",10,0,6,16,62.5,10
"NPFF",10,0,12,22,45.4545454545455,10
"NPRL2",10,0,13,23,43.4782608695652,10
"NXN",10,0,21,31,32.258064516129,10
"OTUD4",10,0,28,38,26.3157894736842,10
"OVCA2",10,1,14,25,40,11
"PACS2",10,0,16,26,38.4615384615385,10
"PADI3",10,1,17,28,35.7142857142857,11
"PAK6",10,0,18,28,35.7142857142857,10
"PCBP1-AS1",10,0,12,22,45.4545454545455,10
"PHF12",10,0,12,22,45.4545454545455,10
"PHGDH",10,0,21,31,32.258064516129,10
"PIPOX",10,0,12,22,45.4545454545455,10
"PLCB2",10,0,16,26,38.4615384615385,10
"PLEKHA8",10,0,12,22,45.4545454545455,10
"PPIL4",10,0,30,40,25,10
"PRDM1",10,0,20,30,33.3333333333333,10
"PRKRIP1",10,0,9,19,52.6315789473684,10
"PTK2",10,0,16,26,38.4615384615385,10
"PWWP2B",10,0,8,18,55.5555555555556,10
"RAB13",10,0,14,24,41.6666666666667,10
"RAB17",10,0,8,18,55.5555555555556,10
"RAB3GAP2",10,0,20,30,33.3333333333333,10
"RAPGEFL1",10,0,11,21,47.6190476190476,10
"RMND1",10,0,17,27,37.037037037037,10
"RNF144A",10,0,15,25,40,10
"RNF144A-AS1",10,0,15,25,40,10
"RP1-234P15.4",10,0,18,28,35.7142857142857,10
"RP11-157P1.4",10,0,9,19,52.6315789473684,10
"RP11-227H4.5",10,0,39,49,20.4081632653061,10
"RP11-293I14.2",10,0,19,29,34.4827586206897,10
"RP11-327F22.1",10,0,15,25,40,10
"RP11-359B20.5",10,0,14,24,41.6666666666667,10
"RP11-404F10.2",10,0,17,27,37.037037037037,10
"RP11-422P24.9",10,0,14,24,41.6666666666667,10
"RP11-429P3.3",10,0,14,24,41.6666666666667,10
"RP11-47I22.2",10,0,22,32,31.25,10
"RP11-47I22.3",10,0,22,32,31.25,10
"RP11-50B3.4",10,0,29,39,25.6410256410256,10
"RP11-57H12.3",10,0,18,28,35.7142857142857,10
"RP11-667K14.3",10,1,14,25,40,11
"RP11-667K14.4",10,1,14,25,40,11
"RP11-680A11.5",10,0,5,15,66.6666666666667,10
"RP11-745C15.2",10,1,34,45,22.2222222222222,11
"RP11-793H13.10",10,0,14,24,41.6666666666667,10
"RP11-793H13.11",10,0,12,22,45.4545454545455,10
"RP11-806H10.4",10,0,6,16,62.5,10
"RP11-830F9.6",10,0,10,20,50,10
"RP11-830F9.7",10,0,10,20,50,10
"RP13-30A9.1",10,0,8,18,55.5555555555556,10
"RP13-30A9.2",10,0,8,18,55.5555555555556,10
"RPL23A",10,0,14,24,41.6666666666667,10
"RPS27",10,0,14,24,41.6666666666667,10
"RPUSD4",10,0,29,39,25.6410256410256,10
"RQCD1",10,1,24,35,28.5714285714286,11
"RSG1",10,0,6,16,62.5,10
"RWDD3",10,0,18,28,35.7142857142857,10
"SC5D",10,0,11,21,47.6190476190476,10
"SCARNA10",10,0,9,19,52.6315789473684,10
"SDHB",10,0,14,24,41.6666666666667,10
"SEC61G",10,1,37,48,20.8333333333333,11
"SKI",10,0,8,18,55.5555555555556,10
"SNORA48.12",10,0,6,16,62.5,10
"SNORA76",10,0,16,26,38.4615384615385,10
"SNORD104",10,0,16,26,38.4615384615385,10
"SNORD13",10,0,14,24,41.6666666666667,10
"SNORD14E",10,0,11,21,47.6190476190476,10
"SNORD42B",10,0,14,24,41.6666666666667,10
"SOCS3",10,0,6,16,62.5,10
"SPAG16",10,0,40,50,20,10
"SRFBP1",10,0,16,26,38.4615384615385,10
"SRR",10,0,10,20,50,10
"STAMBP",10,0,24,34,29.4117647058824,10
"STARD7",10,0,13,23,43.4782608695652,10
"STARD7-AS1",10,0,13,23,43.4782608695652,10
"TAF5L",10,0,14,24,41.6666666666667,10
"TARBP2",10,0,12,22,45.4545454545455,10
"TIAL1",10,0,20,30,33.3333333333333,10
"TIGD3",10,0,5,15,66.6666666666667,10
"TK2",10,0,15,25,40,10
"TMEM114",10,0,21,31,32.258064516129,10
"TMEM30A",10,0,18,28,35.7142857142857,10
"TMPO",10,0,36,46,21.7391304347826,10
"TMPO-AS1",10,0,36,46,21.7391304347826,10
"TNKS1BP1",10,1,28,39,25.6410256410256,11
"TRABD2A",10,0,17,27,37.037037037037,10
"TSPAN14",10,0,10,20,50,10
"TTI2",10,0,14,24,41.6666666666667,10
"TTLL3",10,0,16,26,38.4615384615385,10
"TTYH3",10,0,13,23,43.4782608695652,10
"U3.70",10,0,14,24,41.6666666666667,10
"URB2",10,0,14,24,41.6666666666667,10
"USP37",10,1,24,35,28.5714285714286,11
"VIMP",10,0,17,27,37.037037037037,10
"VTA1",10,1,19,30,33.3333333333333,11
"VWA7",10,0,6,16,62.5,10
"WDR37",10,0,17,27,37.037037037037,10
"Y_RNA.807",10,0,15,25,40,10
"Z98044.1",10,0,4,14,71.4285714285714,10
"ZFAND4",10,0,11,21,47.6190476190476,10
"ZNF22",10,1,18,29,34.4827586206897,11
"ZNF500",10,0,14,24,41.6666666666667,10
"AADACL4",9,0,9,18,50,9
"ABCB10",9,0,12,21,42.8571428571429,9
"AC004854.4",9,0,9,18,50,9
"AC006445.7",9,0,21,30,30,9
"AC007041.1",9,1,23,33,27.2727272727273,10
"AC020743.2",9,0,13,22,40.9090909090909,9
"AC093388.3",9,0,12,21,42.8571428571429,9
"AC108004.3",9,0,17,26,34.6153846153846,9
"AC113189.5",9,0,13,22,40.9090909090909,9
"ACAP3",9,0,8,17,52.9411764705882,9
"ACTRT2",9,0,12,21,42.8571428571429,9
"ADD1",9,0,9,18,50,9
"ADRA2B",9,0,15,24,37.5,9
"AGBL3",9,0,18,27,33.3333333333333,9
"AMZ1",9,0,12,21,42.8571428571429,9
"APOM",9,0,6,15,60,9
"ARAP1",9,0,6,15,60,9
"ARMC5",9,0,15,24,37.5,9
"ASPRV1",9,0,10,19,47.3684210526316,9
"ATG16L2",9,0,5,14,64.2857142857143,9
"ATP5F1",9,0,13,22,40.9090909090909,9
"AURKAIP1",9,0,6,15,60,9
"AVIL",9,0,12,21,42.8571428571429,9
"BAG6",9,0,6,15,60,9
"BANP",9,0,8,17,52.9411764705882,9
"BCL6",9,0,25,34,26.4705882352941,9
"BOD1L1",9,0,21,30,30,9
"BOLA3",9,0,18,27,33.3333333333333,9
"BOLA3-AS1",9,0,18,27,33.3333333333333,9
"BRD2-IT1",9,0,4,13,69.2307692307692,9
"BRF1",9,0,14,23,39.1304347826087,9
"BUB1B",9,0,18,27,33.3333333333333,9
"C11orf31",9,1,16,26,34.6153846153846,10
"C17orf97",9,0,17,26,34.6153846153846,9
"C2orf40",9,0,26,35,25.7142857142857,9
"C2orf47",9,0,20,29,31.0344827586207,9
"C5orf51",9,0,13,22,40.9090909090909,9
"C7orf25",9,0,28,37,24.3243243243243,9
"C7orf72",9,0,22,31,29.0322580645161,9
"CA5A",9,0,8,17,52.9411764705882,9
"CARHSP1",9,0,17,26,34.6153846153846,9
"CHIT1",9,0,15,24,37.5,9
"CHRAC1",9,0,9,18,50,9
"CMTM2",9,0,10,19,47.3684210526316,9
"COPS7A",9,0,9,18,50,9
"CPSF3L",9,0,8,17,52.9411764705882,9
"CRTC2",9,0,10,19,47.3684210526316,9
"CSGALNACT1",9,0,22,31,29.0322580645161,9
"CSK",9,0,12,21,42.8571428571429,9
"CTA-204B4.2",9,0,9,18,50,9
"CTD-2020K17.3",9,0,8,17,52.9411764705882,9
"CTD-2649C14.1",9,0,13,22,40.9090909090909,9
"CTD-3057O21.1",9,0,8,17,52.9411764705882,9
"DAO",9,0,4,13,69.2307692307692,9
"DEDD2",9,0,11,20,45,9
"DIMT1",9,1,20,30,30,10
"DOK3",9,0,2,11,81.8181818181818,9
"DUSP1",9,0,6,15,60,9
"EEF1A1",9,0,25,34,26.4705882352941,9
"EMG1",9,0,14,23,39.1304347826087,9
"ENKD1",9,0,16,25,36,9
"ESPL1",9,0,6,15,60,9
"FAM101A",9,0,27,36,25,9
"FAM43A",9,0,19,28,32.1428571428571,9
"FH",9,0,17,26,34.6153846153846,9
"FLI1",9,0,24,33,27.2727272727273,9
"FYN",9,1,24,34,26.4705882352941,10
"GJB2",9,0,14,23,39.1304347826087,9
"GLTPD1",9,0,8,17,52.9411764705882,9
"GMNN",9,1,27,37,24.3243243243243,10
"GSDMA",9,0,4,13,69.2307692307692,9
"H2AFV",9,0,9,18,50,9
"HCRT",9,0,9,18,50,9
"HERPUD1",9,0,10,19,47.3684210526316,9
"HLA-DRA",9,0,14,23,39.1304347826087,9
"HSPA1B",9,0,4,13,69.2307692307692,9
"IL1R2",9,0,7,16,56.25,9
"IL24",9,0,12,21,42.8571428571429,9
"IPO11",9,1,23,33,27.2727272727273,10
"IRF4",9,1,25,35,25.7142857142857,10
"ISY1",9,0,8,17,52.9411764705882,9
"ISY1-RAB43",9,0,8,17,52.9411764705882,9
"ITPKB-AS1",9,0,3,12,75,9
"ITPR1",9,1,12,22,40.9090909090909,10
"ITPR1-AS1",9,1,12,22,40.9090909090909,10
"ITPRIPL1",9,0,11,20,45,9
"JADE1",9,1,19,29,31.0344827586207,10
"JAK1",9,0,11,20,45,9
"JARID2",9,0,16,25,36,9
"JARID2-AS1",9,0,16,25,36,9
"KCNH4",9,0,9,18,50,9
"KIAA0430",9,0,18,27,33.3333333333333,9
"KIAA0754",9,0,14,23,39.1304347826087,9
"LCP2",9,0,5,14,64.2857142857143,9
"LEKR1",9,0,18,27,33.3333333333333,9
"LENG1",9,1,22,32,28.125,10
"LENG8",9,1,16,26,34.6153846153846,10
"LENG8-AS1",9,1,16,26,34.6153846153846,10
"LETM2",9,0,29,38,23.6842105263158,9
"LRRFIP1",9,0,5,14,64.2857142857143,9
"LSG1",9,0,17,26,34.6153846153846,9
"LSM14A",9,0,5,14,64.2857142857143,9
"MAML2",9,0,21,30,30,9
"MANF",9,0,9,18,50,9
"MCPH1",9,2,39,50,18,11
"MECR",9,0,8,17,52.9411764705882,9
"METTL22",9,0,16,25,36,9
"MGME1",9,0,15,24,37.5,9
"MIR1260B",9,0,21,30,30,9
"MIR484",9,0,17,26,34.6153846153846,9
"MIR5091",9,0,21,30,30,9
"MIRLET7G",9,0,9,18,50,9
"MMADHC",9,3,26,38,23.6842105263158,12
"MMS19",9,0,8,17,52.9411764705882,9
"MPDU1",9,0,13,22,40.9090909090909,9
"MRPS30",9,0,21,30,30,9
"MSH5",9,0,6,15,60,9
"MSMO1",9,1,43,53,16.9811320754717,10
"MTHFD2",9,0,19,28,32.1428571428571,9
"MTMR10",9,0,30,39,23.0769230769231,9
"NABP2",9,0,16,25,36,9
"NCK2",9,0,27,36,25,9
"NDE1",9,0,17,26,34.6153846153846,9
"NEU1",9,0,5,14,64.2857142857143,9
"NHLRC1",9,0,9,18,50,9
"NIFK",9,2,27,38,23.6842105263158,11
"NPTX1",9,0,9,18,50,9
"NVL",9,0,9,18,50,9
"PAPD5",9,0,18,27,33.3333333333333,9
"PDZD9",9,0,13,22,40.9090909090909,9
"PHB2",9,0,14,23,39.1304347826087,9
"PIP5KL1",9,0,2,11,81.8181818181818,9
"POU2F2",9,1,13,23,39.1304347826087,10
"PRRC2C",9,0,25,34,26.4705882352941,9
"PSMB8",9,0,11,20,45,9
"PTPN18",9,1,34,44,20.4545454545455,10
"PTPN4",9,0,21,30,30,9
"PUM2",9,1,23,33,27.2727272727273,10
"PUSL1",9,0,8,17,52.9411764705882,9
"RAPGEF2",9,0,28,37,24.3243243243243,9
"RBM12B",9,2,20,31,29.0322580645161,11
"RBM12B-AS1",9,2,20,31,29.0322580645161,11
"REG4",9,0,31,40,22.5,9
"RFT1",9,0,12,21,42.8571428571429,9
"RN7SKP259",9,1,16,26,34.6153846153846,10
"RNF130",9,0,9,18,50,9
"RNF41",9,0,16,25,36,9
"RNU4ATAC14P",9,0,22,31,29.0322580645161,9
"RNU6-1043P",9,0,11,20,45,9
"RNU6-1280P",9,0,30,39,23.0769230769231,9
"RNU6-402P",9,1,26,36,25,10
"RNU6-850P",9,0,4,13,69.2307692307692,9
"RNU7-181P",9,0,18,27,33.3333333333333,9
"RNU7-97P",9,0,5,14,64.2857142857143,9
"RP11-115C21.2",9,2,39,50,18,11
"RP11-133K1.2",9,0,18,27,33.3333333333333,9
"RP11-146F11.1",9,0,11,20,45,9
"RP11-181C3.1",9,0,29,38,23.6842105263158,9
"RP11-184A2.3",9,0,25,34,26.4705882352941,9
"RP11-199F11.2",9,0,18,27,33.3333333333333,9
"RP11-211G3.2",9,0,25,34,26.4705882352941,9
"RP11-219E7.1",9,0,17,26,34.6153846153846,9
"RP11-293M10.2",9,0,23,32,28.125,9
"RP11-403P17.2",9,0,10,19,47.3684210526316,9
"RP11-441O15.3",9,0,23,32,28.125,9
"RP11-505P4.7",9,0,25,34,26.4705882352941,9
"RP11-52J3.2",9,0,6,15,60,9
"RP11-53O19.1",9,0,21,30,30,9
"RP11-560J1.2",9,0,16,25,36,9
"RP11-620J15.1",9,0,13,22,40.9090909090909,9
"RP11-638I2.4",9,0,18,27,33.3333333333333,9
"RP11-712L6.5",9,0,23,32,28.125,9
"RP11-77H9.6",9,0,17,26,34.6153846153846,9
"RP11-79O8.1",9,3,19,31,29.0322580645161,12
"RP11-90P5.7",9,0,17,26,34.6153846153846,9
"RP4-761J14.9",9,0,9,18,50,9
"RP5-1061H20.5",9,0,18,27,33.3333333333333,9
"RP5-890O3.9",9,0,8,17,52.9411764705882,9
"RPL10P14",9,0,18,27,33.3333333333333,9
"RSBN1L",9,0,26,35,25.7142857142857,9
"RSBN1L-AS1",9,0,26,35,25.7142857142857,9
"RTN4RL2",9,1,16,26,34.6153846153846,10
"SAP30L",9,1,25,35,25.7142857142857,10
"SAP30L-AS1",9,1,25,35,25.7142857142857,10
"SAPCD1",9,0,5,14,64.2857142857143,9
"SAPCD1-AS1",9,0,5,14,64.2857142857143,9
"SART3",9,0,5,14,64.2857142857143,9
"SCARNA5",9,0,8,17,52.9411764705882,9
"SENCR",9,0,23,32,28.125,9
"SEPN1",9,0,11,20,45,9
"SFR1",9,0,18,27,33.3333333333333,9
"SFSWAP",9,0,11,20,45,9
"SH2B2",9,0,8,17,52.9411764705882,9
"SLC17A5",9,0,22,31,29.0322580645161,9
"SMG5",9,0,8,17,52.9411764705882,9
"SNHG5",9,0,33,42,21.4285714285714,9
"SNORA70.23",9,0,18,27,33.3333333333333,9
"SNORD48",9,0,4,13,69.2307692307692,9
"snoU13.106",9,0,16,25,36,9
"snoU13.124",9,0,16,25,36,9
"snoU13.271",9,0,9,18,50,9
"snoU13.375",9,0,10,19,47.3684210526316,9
"snoU13.436",9,0,16,25,36,9
"snoU13.75",9,1,29,39,23.0769230769231,10
"SNX20",9,0,14,23,39.1304347826087,9
"SNX5",9,0,16,25,36,9
"SOX15",9,0,13,22,40.9090909090909,9
"SPDYE4",9,0,17,26,34.6153846153846,9
"SRP14",9,0,13,22,40.9090909090909,9
"SRP14-AS1",9,0,13,22,40.9090909090909,9
"SSH1",9,0,4,13,69.2307692307692,9
"ST6GALNAC4",9,0,2,11,81.8181818181818,9
"SYT15",9,0,17,26,34.6153846153846,9
"SYTL2",9,0,16,25,36,9
"TAPSAR1",9,0,11,20,45,9
"TAS1R3",9,0,8,17,52.9411764705882,9
"TGFBR2",9,0,19,28,32.1428571428571,9
"THRA",9,0,8,17,52.9411764705882,9
"THRAP3",9,0,6,15,60,9
"TMC4",9,1,22,32,28.125,10
"TMED10",9,0,28,37,24.3243243243243,9
"TMEM194B",9,0,12,21,42.8571428571429,9
"TMEM79",9,0,8,17,52.9411764705882,9
"TNFRSF1B",9,0,1,10,90,9
"TSN",9,2,27,38,23.6842105263158,11
"TTC32",9,3,19,31,29.0322580645161,12
"TTC37",9,0,20,29,31.0344827586207,9
"TYW5",9,0,20,29,31.0344827586207,9
"UBTD1",9,0,8,17,52.9411764705882,9
"UPP1",9,0,15,24,37.5,9
"UXS1",9,0,17,26,34.6153846153846,9
"WBP1",9,0,12,21,42.8571428571429,9
"WDR77",9,0,13,22,40.9090909090909,9
"XRCC5",9,0,23,32,28.125,9
"XXcos-LUCA11.5",9,0,10,19,47.3684210526316,9
"YY1",9,0,18,27,33.3333333333333,9
"ZBTB2",9,0,30,39,23.0769230769231,9
"ZFAT",9,0,13,22,40.9090909090909,9
"ZNF148",9,0,13,22,40.9090909090909,9
"ZNF526",9,0,11,20,45,9
"ZPBP",9,0,20,29,31.0344827586207,9
"AC008278.2",8,0,9,17,47.0588235294118,8
"AC013394.2",8,0,14,22,36.3636363636364,8
"AC084219.4",8,5,81,94,8.51063829787234,13
"AC097721.2",8,0,19,27,29.6296296296296,8
"ACD",8,0,15,23,34.7826086956522,8
"ACTB",8,0,8,16,50,8
"ACYP1",8,0,11,19,42.1052631578947,8
"ADAMTS6",8,1,16,25,32,9
"ADH5",8,0,4,12,66.6666666666667,8
"AGAP3",8,0,14,22,36.3636363636364,8
"AGFG1",8,0,14,22,36.3636363636364,8
"AL163636.6",8,0,21,29,27.5862068965517,8
"ANG",8,0,21,29,27.5862068965517,8
"ANKRD27",8,0,11,19,42.1052631578947,8
"ANKRD33B-AS1",8,0,18,26,30.7692307692308,8
"ANKRD35",8,0,29,37,21.6216216216216,8
"ANKRD63",8,0,14,22,36.3636363636364,8
"AP000974.1",8,0,9,17,47.0588235294118,8
"APLF",8,0,21,29,27.5862068965517,8
"APOA5",8,0,12,20,40,8
"ARF5",8,1,9,18,44.4444444444444,9
"ARID5A",8,0,13,21,38.0952380952381,8
"ARPC4",8,1,20,29,27.5862068965517,9
"ARPC4-TTLL3",8,1,20,29,27.5862068965517,9
"AUH",8,0,18,26,30.7692307692308,8
"AURKA",8,0,31,39,20.5128205128205,8
"AVPI1",8,0,13,21,38.0952380952381,8
"BCL9",8,0,16,24,33.3333333333333,8
"BIN3",8,0,7,15,53.3333333333333,8
"BIRC2",8,0,19,27,29.6296296296296,8
"BPGM",8,2,20,30,26.6666666666667,10
"BRSK1",8,0,22,30,26.6666666666667,8
"C12orf29",8,2,31,41,19.5121951219512,10
"C12orf50",8,2,31,41,19.5121951219512,10
"C12orf55",8,0,15,23,34.7826086956522,8
"C15orf40",8,1,25,34,23.5294117647059,9
"C1orf194",8,0,10,18,44.4444444444444,8
"C5orf28",8,0,9,17,47.0588235294118,8
"C5orf56",8,0,12,20,40,8
"C6orf25",8,0,4,12,66.6666666666667,8
"C8orf44-SGK3",8,1,8,17,47.0588235294118,9
"CACNA1G",8,0,17,25,32,8
"CACNA1G-AS1",8,0,17,25,32,8
"CAMK2G",8,0,7,15,53.3333333333333,8
"CBX8",8,1,24,33,24.2424242424242,9
"CCAR2",8,0,10,18,44.4444444444444,8
"CCDC83",8,0,9,17,47.0588235294118,8
"CCDC88C",8,0,5,13,61.5384615384615,8
"CCND2",8,0,15,23,34.7826086956522,8
"CCND2-AS1",8,0,15,23,34.7826086956522,8
"CCND2-AS2",8,0,15,23,34.7826086956522,8
"CD2BP2",8,0,9,17,47.0588235294118,8
"CD300E",8,0,5,13,61.5384615384615,8
"CD48",8,0,18,26,30.7692307692308,8
"CD69",8,0,13,21,38.0952380952381,8
"CD79A",8,0,13,21,38.0952380952381,8
"CD9",8,0,13,21,38.0952380952381,8
"CDR2",8,0,20,28,28.5714285714286,8
"CENPK",8,1,20,29,27.5862068965517,9
"CETP",8,0,9,17,47.0588235294118,8
"CHD2",8,0,14,22,36.3636363636364,8
"CHST15",8,0,13,21,38.0952380952381,8
"CKS2",8,1,14,23,34.7826086956522,9
"CNOT8",8,1,23,32,25,9
"CNPPD1",8,1,25,34,23.5294117647059,9
"COG4",8,0,10,18,44.4444444444444,8
"COX4I1",8,1,13,22,36.3636363636364,9
"CREB3L4",8,0,10,18,44.4444444444444,8
"CSNK2B",8,0,8,16,50,8
"CSNK2B-LY6G5B",8,0,10,18,44.4444444444444,8
"CSTF1",8,0,31,39,20.5128205128205,8
"CTB-161M19.4",8,0,8,16,50,8
"CTD-2186M15.3",8,1,18,27,29.6296296296296,9
"CTD-2532N20.1",8,1,14,23,34.7826086956522,9
"CTD-2650P22.1",8,0,11,19,42.1052631578947,8
"CUL3",8,0,20,28,28.5714285714286,8
"DAD1",8,0,20,28,28.5714285714286,8
"DCPS",8,0,13,21,38.0952380952381,8
"DDAH2",8,0,4,12,66.6666666666667,8
"DDX19B",8,0,4,12,66.6666666666667,8
"DDX46",8,0,16,24,33.3333333333333,8
"DHX9",8,0,17,25,32,8
"DMXL1",8,0,8,16,50,8
"DNAJB2",8,0,16,24,33.3333333333333,8
"DTWD2",8,0,6,14,57.1428571428571,8
"EDC4",8,0,5,13,61.5384615384615,8
"EFCAB14",8,0,23,31,25.8064516129032,8
"EMC8",8,1,13,22,36.3636363636364,9
"EPN3",8,0,16,24,33.3333333333333,8
"ETV6",8,0,6,14,57.1428571428571,8
"FAM134A",8,1,25,34,23.5294117647059,9
"FAM65B",8,0,14,22,36.3636363636364,8
"FAXDC2",8,1,23,32,25,9
"FBXO4",8,0,6,14,57.1428571428571,8
"FBXO48",8,0,21,29,27.5862068965517,8
"FCAMR",8,0,15,23,34.7826086956522,8
"FGFR1OP",8,0,23,31,25.8064516129032,8
"FMNL2",8,0,21,29,27.5862068965517,8
"FNBP4",8,0,15,23,34.7826086956522,8
"FNIP2",8,0,21,29,27.5862068965517,8
"FSCN3",8,1,9,18,44.4444444444444,9
"GAB2",8,0,15,23,34.7826086956522,8
"GABARAPL2",8,0,16,24,33.3333333333333,8
"GINS2",8,0,10,18,44.4444444444444,8
"GINS3",8,0,17,25,32,8
"GOLPH3",8,1,18,27,29.6296296296296,9
"GPANK1",8,0,8,16,50,8
"GPR162",8,0,10,18,44.4444444444444,8
"GPR3",8,0,9,17,47.0588235294118,8
"GPR61",8,0,18,26,30.7692307692308,8
"HAVCR2",8,1,15,24,33.3333333333333,9
"HEBP1",8,0,15,23,34.7826086956522,8
"HGFAC",8,0,10,18,44.4444444444444,8
"HIPK2",8,1,21,30,26.6666666666667,9
"HIST1H1B",8,1,42,51,15.6862745098039,9
"HIST1H2APS4",8,2,37,47,17.0212765957447,10
"HIST1H2BI",8,2,37,47,17.0212765957447,10
"HIST1H3G",8,2,37,47,17.0212765957447,10
"HIST1H4K",8,1,41,50,16,9
"HLA-DPA1",8,0,10,18,44.4444444444444,8
"HLA-DPB1",8,0,10,18,44.4444444444444,8
"HOXB3",8,1,19,28,28.5714285714286,9
"HOXC-AS1",8,5,30,43,18.6046511627907,13
"HOXC-AS2",8,5,30,43,18.6046511627907,13
"HOXC6",8,6,30,44,18.1818181818182,14
"HOXC9",8,5,30,43,18.6046511627907,13
"HTR6",8,0,17,25,32,8
"HTR7P1",8,0,15,23,34.7826086956522,8
"HYDIN",8,0,33,41,19.5121951219512,8
"ICAM2",8,0,8,16,50,8
"IFT122",8,0,12,20,40,8
"IL1B",8,0,11,19,42.1052631578947,8
"IL1F10",8,0,6,14,57.1428571428571,8
"INTS10",8,0,20,28,28.5714285714286,8
"IRAK4",8,2,24,34,23.5294117647059,10
"IRF2BPL",8,0,11,19,42.1052631578947,8
"ITK",8,1,17,26,30.7692307692308,9
"ITPKB",8,0,4,12,66.6666666666667,8
"KIAA0907",8,0,17,25,32,8
"KIAA1324",8,0,10,18,44.4444444444444,8
"KLF14",8,1,8,17,47.0588235294118,9
"KLHL36",8,0,2,10,80,8
"KRCC1",8,0,25,33,24.2424242424242,8
"LBH",8,0,8,16,50,8
"LEPREL2",8,0,10,18,44.4444444444444,8
"LINC00842",8,0,12,20,40,8
"LPP",8,0,18,26,30.7692307692308,8
"LRIG1",8,1,25,34,23.5294117647059,9
"LRTOMT",8,0,11,19,42.1052631578947,8
"LY6G5B",8,0,10,18,44.4444444444444,8
"LY6G6C",8,0,4,12,66.6666666666667,8
"LY6G6D",8,0,4,12,66.6666666666667,8
"LYN",8,0,13,21,38.0952380952381,8
"MAP3K14-AS1",8,0,7,15,53.3333333333333,8
"MAPK6",8,0,11,19,42.1052631578947,8
"MARCH3",8,0,29,37,21.6216216216216,8
"MBD4",8,0,12,20,40,8
"MBNL1",8,0,16,24,33.3333333333333,8
"MBNL1-AS1",8,0,12,20,40,8
"MBOAT1",8,0,12,20,40,8
"MBP",8,0,4,12,66.6666666666667,8
"MED7",8,1,16,25,32,9
"MEGF6",8,0,9,17,47.0588235294118,8
"MESDC2",8,0,14,22,36.3636363636364,8
"METTL13",8,1,14,23,34.7826086956522,9
"MFN2",8,0,7,15,53.3333333333333,8
"MFSD6",8,0,14,22,36.3636363636364,8
"MINOS1",8,0,17,25,32,8
"MINOS1-NBL1",8,0,17,25,32,8
"MIR1179",8,0,16,24,33.3333333333333,8
"MIR3939",8,0,23,31,25.8064516129032,8
"MIR4522",8,0,11,19,42.1052631578947,8
"MIR5703",8,0,14,22,36.3636363636364,8
"MIR620",8,0,11,19,42.1052631578947,8
"MIR623",8,0,10,18,44.4444444444444,8
"MKLN1",8,1,30,39,20.5128205128205,9
"MLLT10",8,0,25,33,24.2424242424242,8
"MRGPRG",8,0,7,15,53.3333333333333,8
"MRGPRG-AS1",8,0,7,15,53.3333333333333,8
"MRPL51",8,0,3,11,72.7272727272727,8
"MYL12B",8,0,16,24,33.3333333333333,8
"MYLPF",8,0,15,23,34.7826086956522,8
"NACC1",8,1,5,14,57.1428571428571,9
"NEK9",8,0,27,35,22.8571428571429,8
"NHEJ1",8,0,23,31,25.8064516129032,8
"NLE1",8,0,18,26,30.7692307692308,8
"NOA1",8,0,23,31,25.8064516129032,8
"NRAS",8,0,19,27,29.6296296296296,8
"NSD1",8,0,7,15,53.3333333333333,8
"NUMA1",8,0,14,22,36.3636363636364,8
"OSGIN2",8,0,15,23,34.7826086956522,8
"PARD6A",8,0,15,23,34.7826086956522,8
"PARP12",8,1,8,17,47.0588235294118,9
"PDE7A",8,1,14,23,34.7826086956522,9
"PLIN3",8,0,2,10,80,8
"POLR1A",8,0,23,31,25.8064516129032,8
"POLR2B",8,0,24,32,25,8
"POP4",8,0,10,18,44.4444444444444,8
"PPWD1",8,1,20,29,27.5862068965517,9
"PRDM16",8,0,16,24,33.3333333333333,8
"PTCD3",8,0,23,31,25.8064516129032,8
"PTPN12",8,0,20,28,28.5714285714286,8
"PTPRN",8,0,18,26,30.7692307692308,8
"PUS7L",8,2,24,34,23.5294117647059,10
"QRICH2",8,0,10,18,44.4444444444444,8
"RBM19",8,2,24,34,23.5294117647059,10
"RFWD3",8,0,12,20,40,8
"RGS9BP",8,0,11,19,42.1052631578947,8
"RICTOR",8,0,9,17,47.0588235294118,8
"RLTPR",8,0,15,23,34.7826086956522,8
"RNASE4",8,0,21,29,27.5862068965517,8
"RNF182",8,0,10,18,44.4444444444444,8
"RNU6-1010P",8,0,30,38,21.0526315789474,8
"RNU6-1338P",8,0,24,32,25,8
"RNU6-254P",8,1,11,20,40,9
"RNU6-430P",8,0,6,14,57.1428571428571,8
"RNU6-433P",8,0,21,29,27.5862068965517,8
"RNU6-925P",8,0,15,23,34.7826086956522,8
"RNU7-57P",8,0,4,12,66.6666666666667,8
"RP1-144C9.2",8,0,9,17,47.0588235294118,8
"RP1-167A14.2",8,0,23,31,25.8064516129032,8
"RP11-133K1.1",8,0,9,17,47.0588235294118,8
"RP11-133K1.6",8,0,9,17,47.0588235294118,8
"RP11-144N1.1",8,0,12,20,40,8
"RP11-159F24.3",8,0,9,17,47.0588235294118,8
"RP11-21M24.2",8,0,20,28,28.5714285714286,8
"RP11-239H6.2",8,0,12,20,40,8
"RP11-27K13.3",8,1,16,25,32,9
"RP11-285G1.9",8,1,8,17,47.0588235294118,9
"RP11-347C12.10",8,0,9,17,47.0588235294118,8
"RP11-353N14.1",8,1,24,33,24.2424242424242,9
"RP11-363D14.1",8,0,16,24,33.3333333333333,8
"RP11-367G6.3",8,0,14,22,36.3636363636364,8
"RP11-377D9.3",8,0,15,23,34.7826086956522,8
"RP11-382A20.7",8,1,25,34,23.5294117647059,9
"RP11-382J12.1",8,1,21,30,26.6666666666667,9
"RP11-420K8.1",8,0,9,17,47.0588235294118,8
"RP11-46C24.7",8,0,5,13,61.5384615384615,8
"RP11-517H2.6",8,0,23,31,25.8064516129032,8
"RP11-67C2.2",8,0,12,20,40,8
"RP11-696N14.1",8,0,4,12,66.6666666666667,8
"RP11-712L6.7",8,0,22,30,26.6666666666667,8
"RP11-779O18.2",8,0,8,16,50,8
"RP11-779O18.3",8,0,8,16,50,8
"RP11-895M11.2",8,0,5,13,61.5384615384615,8
"RP11-895M11.3",8,0,5,13,61.5384615384615,8
"RP11-950C14.7",8,0,27,35,22.8571428571429,8
"RP11-96L14.7",8,0,10,18,44.4444444444444,8
"RP11-977G19.5",8,1,16,25,32,9
"RP13-270P17.1",8,0,16,24,33.3333333333333,8
"RP3-425P12.5",8,0,14,22,36.3636363636364,8
"RP5-1056L3.1",8,0,17,25,32,8
"RP5-1160K1.8",8,0,17,25,32,8
"RPL32P1",8,0,10,18,44.4444444444444,8
"RPN1",8,0,6,14,57.1428571428571,8
"RPUSD3",8,0,13,21,38.0952380952381,8
"RRM2",8,0,15,23,34.7826086956522,8
"RWDD2B",8,0,14,22,36.3636363636364,8
"SCOC",8,1,16,25,32,9
"SENP6",8,0,24,32,25,8
"SERTAD2",8,0,6,14,57.1428571428571,8
"SF3A2",8,0,3,11,72.7272727272727,8
"SF3B3",8,0,10,18,44.4444444444444,8
"SKIDA1",8,0,26,34,23.5294117647059,8
"SLAMF1",8,0,16,24,33.3333333333333,8
"SLC23A3",8,0,23,31,25.8064516129032,8
"SLK",8,0,20,28,28.5714285714286,8
"SMARCC2",8,1,16,25,32,9
"SNORA40.21",8,0,3,11,72.7272727272727,8
"SNORD111",8,0,12,20,40,8
"SNORD112.2",8,0,33,41,19.5121951219512,8
"SNORD112.21",8,1,10,19,42.1052631578947,9
"snoU13.341",8,0,7,15,53.3333333333333,8
"SNRNP48",8,0,7,15,53.3333333333333,8
"SPARC",8,0,5,13,61.5384615384615,8
"SPATA32",8,0,7,15,53.3333333333333,8
"SPG7",8,0,8,16,50,8
"SPOPL",8,0,19,27,29.6296296296296,8
"SQRDL",8,1,21,30,26.6666666666667,9
"SRRM3",8,0,13,21,38.0952380952381,8
"SSR3",8,0,18,26,30.7692307692308,8
"STARD10",8,0,3,11,72.7272727272727,8
"STIM2",8,0,19,27,29.6296296296296,8
"TADA3",8,1,20,29,27.5862068965517,9
"TAP2",8,0,10,18,44.4444444444444,8
"TBC1D10B",8,0,15,23,34.7826086956522,8
"TBXAS1",8,1,21,30,26.6666666666667,9
"TGS1",8,1,19,28,28.5714285714286,9
"THAP3",8,0,8,16,50,8
"TIMM22",8,0,15,23,34.7826086956522,8
"TIRAP",8,0,22,30,26.6666666666667,8
"TLE3",8,0,22,30,26.6666666666667,8
"TM9SF1",8,0,25,33,24.2424242424242,8
"TMEM110",8,0,9,17,47.0588235294118,8
"TMEM110-MUSTN1",8,0,9,17,47.0588235294118,8
"TMEM242",8,0,9,17,47.0588235294118,8
"TMEM68",8,1,19,28,28.5714285714286,9
"TNFSF12",8,0,10,18,44.4444444444444,8
"TNFSF12-TNFSF13",8,0,10,18,44.4444444444444,8
"TNIP1",8,0,10,18,44.4444444444444,8
"TOP2A",8,1,12,21,38.0952380952381,9
"TRAM1",8,1,21,30,26.6666666666667,9
"TTK",8,0,24,32,25,8
"TTLL10",8,0,5,13,61.5384615384615,8
"TUBA4A",8,0,16,24,33.3333333333333,8
"TUBA4B",8,0,16,24,33.3333333333333,8
"UBE3C",8,2,28,38,21.0526315789474,10
"USP36",8,0,5,13,61.5384615384615,8
"USP48",8,0,11,19,42.1052631578947,8
"VARS",8,0,2,10,80,8
"VCPIP1",8,1,8,17,47.0588235294118,9
"WSB1",8,0,11,19,42.1052631578947,8
"Y_RNA.248",8,0,8,16,50,8
"Y_RNA.294",8,0,2,10,80,8
"Y_RNA.735",8,0,9,17,47.0588235294118,8
"ZBTB10",8,0,9,17,47.0588235294118,8
"ZC2HC1C",8,0,11,19,42.1052631578947,8
"ZFYVE27",8,0,6,14,57.1428571428571,8
"ZFYVE28",8,0,6,14,57.1428571428571,8
"ZNF225",8,5,81,94,8.51063829787234,13
"ZNF259",8,0,12,20,40,8
"ZNF487",8,0,9,17,47.0588235294118,8
"ZNF593",8,0,10,18,44.4444444444444,8
"ZNF622",8,0,29,37,21.6216216216216,8
"ZNF668",8,0,18,26,30.7692307692308,8
"ZNF778",8,0,5,13,61.5384615384615,8
"AARS",7,0,4,11,63.6363636363636,7
"AASDH",7,0,17,24,29.1666666666667,7
"ABCA2",7,0,1,8,87.5,7
"ABHD16A",7,0,6,13,53.8461538461538,7
"AC002310.7",7,0,8,15,46.6666666666667,7
"AC005220.3",7,0,4,11,63.6363636363636,7
"AC006486.9",7,0,6,13,53.8461538461538,7
"AC010894.3",7,0,5,12,58.3333333333333,7
"AC012360.4",7,0,14,21,33.3333333333333,7
"AC021860.1",7,0,10,17,41.1764705882353,7
"AC024940.1",7,0,8,15,46.6666666666667,7
"AC026202.1",7,0,13,20,35,7
"AC026202.3",7,0,13,20,35,7
"AC040162.1",7,0,5,12,58.3333333333333,7
"AC068669.1",7,0,8,15,46.6666666666667,7
"AC068896.1",7,0,13,20,35,7
"AC078883.4",7,0,6,13,53.8461538461538,7
"AC091633.3",7,0,6,13,53.8461538461538,7
"AC092171.4",7,0,12,19,36.8421052631579,7
"AC104695.3",7,1,6,14,50,8
"AC109335.1",7,1,8,16,43.75,8
"AC112219.1",7,0,8,15,46.6666666666667,7
"AC112721.1",7,0,8,15,46.6666666666667,7
"AC144449.1",7,0,16,23,30.4347826086957,7
"ACAP1",7,0,18,25,28,7
"ACN9",7,2,23,32,21.875,9
"ACOT13",7,0,15,22,31.8181818181818,7
"ACTG1",7,0,14,21,33.3333333333333,7
"ADHFE1",7,1,12,20,35,8
"AGPAT1",7,0,9,16,43.75,7
"AKAP10",7,0,13,20,35,7
"AKTIP",7,0,20,27,25.9259259259259,7
"AL136419.6",7,0,18,25,28,7
"AL583828.1",7,0,9,16,43.75,7
"AL590822.1",7,0,7,14,50,7
"AL591034.1",7,0,19,26,26.9230769230769,7
"ALG12",7,0,10,17,41.1764705882353,7
"ALOX5",7,0,10,17,41.1764705882353,7
"ANAPC15",7,0,10,17,41.1764705882353,7
"ANKZF1",7,0,14,21,33.3333333333333,7
"AP000911.1",7,0,29,36,19.4444444444444,7
"AP003068.12",7,0,8,15,46.6666666666667,7
"APEX1",7,0,20,27,25.9259259259259,7
"ARAP1-AS1",7,0,5,12,58.3333333333333,7
"ARID2",7,0,8,15,46.6666666666667,7
"ASAP2",7,0,16,23,30.4347826086957,7
"ATAD2B",7,0,13,20,35,7
"ATG9A",7,0,15,22,31.8181818181818,7
"ATP1A1",7,0,13,20,35,7
"ATP5J",7,0,15,22,31.8181818181818,7
"ATPAF1",7,0,10,17,41.1764705882353,7
"ATPAF2",7,0,4,11,63.6363636363636,7
"AUP1",7,0,10,17,41.1764705882353,7
"AZIN1",7,0,16,23,30.4347826086957,7
"BAG2",7,1,23,31,22.5806451612903,8
"BNIP3L",7,0,15,22,31.8181818181818,7
"BRCA2",7,0,18,25,28,7
"BRD8",7,0,6,13,53.8461538461538,7
"BTBD18",7,1,7,15,46.6666666666667,8
"BTG2",7,0,11,18,38.8888888888889,7
"C11orf58",7,1,37,45,15.5555555555556,8
"C12orf60",7,0,15,22,31.8181818181818,7
"C16orf72",7,1,18,26,26.9230769230769,8
"C16orf86",7,0,12,19,36.8421052631579,7
"C1orf86",7,0,7,14,50,7
"C1QTNF4",7,0,7,14,50,7
"C2orf49",7,0,14,21,33.3333333333333,7
"C2orf78",7,0,10,17,41.1764705882353,7
"C9orf139",7,0,1,8,87.5,7
"CA7",7,0,6,13,53.8461538461538,7
"CALD1",7,0,13,20,35,7
"CAMK1",7,0,13,20,35,7
"CAMK1D",7,0,10,17,41.1764705882353,7
"CAPN11",7,0,19,26,26.9230769230769,7
"CASC3",7,0,8,15,46.6666666666667,7
"CBLN3",7,0,17,24,29.1666666666667,7
"CCDC86",7,0,9,16,43.75,7
"CCM2",7,0,6,13,53.8461538461538,7
"CCR7",7,0,7,14,50,7
"CD2AP",7,0,33,40,17.5,7
"CD44",7,0,15,22,31.8181818181818,7
"CDKN1B",7,0,21,28,25,7
"CDKN1C",7,0,7,14,50,7
"CDNF",7,0,13,20,35,7
"CEBPD",7,0,10,17,41.1764705882353,7
"CELF2-AS2",7,0,11,18,38.8888888888889,7
"CEP170",7,0,10,17,41.1764705882353,7
"CEP44",7,1,35,43,16.2790697674419,8
"CEP70",7,0,29,36,19.4444444444444,7
"CHCHD6",7,0,7,14,50,7
"CHIC2",7,0,17,24,29.1666666666667,7
"CHMP4A",7,0,21,28,25,7
"CIRBP",7,0,4,11,63.6363636363636,7
"CLCNKA",7,0,8,15,46.6666666666667,7
"CMTM4",7,0,11,18,38.8888888888889,7
"CNIH3",7,1,5,13,53.8461538461538,8
"CNNM2",7,0,15,22,31.8181818181818,7
"COMMD2",7,0,17,24,29.1666666666667,7
"COPS5",7,1,10,18,38.8888888888889,8
"COX7C",7,2,28,37,18.9189189189189,9
"CPED1",7,0,13,20,35,7
"CRELD2",7,0,10,17,41.1764705882353,7
"CSHL1",7,0,10,17,41.1764705882353,7
"CSPP1",7,1,9,17,41.1764705882353,8
"CTB-193M12.1",7,0,9,16,43.75,7
"CTC-378H22.1",7,1,11,19,36.8421052631579,8
"CTC-461F20.1",7,0,17,24,29.1666666666667,7
"CTD-2260A17.2",7,0,8,15,46.6666666666667,7
"CTDSP1",7,0,17,24,29.1666666666667,7
"CTU1",7,1,17,25,28,8
"CYB5D1",7,0,10,17,41.1764705882353,7
"DDX20",7,0,15,22,31.8181818181818,7
"DHRS12",7,0,21,28,25,7
"DISP2",7,0,3,10,70,7
"DLX3",7,2,17,26,26.9230769230769,9
"DNAAF1",7,0,10,17,41.1764705882353,7
"DOK2",7,0,9,16,43.75,7
"DUSP11",7,0,10,17,41.1764705882353,7
"DUSP23",7,0,16,23,30.4347826086957,7
"EDAR",7,0,13,20,35,7
"EDEM1",7,0,13,20,35,7
"EFCAB14-AS1",7,0,10,17,41.1764705882353,7
"EFNB2",7,0,10,17,41.1764705882353,7
"ENY2",7,1,10,18,38.8888888888889,8
"EPM2AIP1",7,0,33,40,17.5,7
"ERRFI1",7,0,14,21,33.3333333333333,7
"F3",7,0,17,24,29.1666666666667,7
"FAM101B",7,0,15,22,31.8181818181818,7
"FAM134B",7,0,17,24,29.1666666666667,7
"FAM175B",7,0,13,20,35,7
"FAM212B",7,0,15,22,31.8181818181818,7
"FAM60A",7,0,9,16,43.75,7
"FBXO8",7,1,35,43,16.2790697674419,8
"FOPNL",7,1,14,22,31.8181818181818,8
"FOSL2",7,1,6,14,50,8
"FOXN3-AS1",7,0,20,27,25.9259259259259,7
"FRS3",7,0,11,18,38.8888888888889,7
"FRY",7,0,10,17,41.1764705882353,7
"FRY-AS1",7,0,10,17,41.1764705882353,7
"GABPA",7,0,15,22,31.8181818181818,7
"GAR1",7,0,12,19,36.8421052631579,7
"GAS7",7,0,15,22,31.8181818181818,7
"GATAD2B",7,0,11,18,38.8888888888889,7
"GDF7",7,1,11,19,36.8421052631579,8
"GFM1",7,1,12,20,35,8
"GFOD1",7,0,9,16,43.75,7
"GFOD1-AS1",7,0,9,16,43.75,7
"GH1",7,0,10,17,41.1764705882353,7
"GID4",7,0,4,11,63.6363636363636,7
"GIN1",7,1,34,42,16.6666666666667,8
"GINM1",7,0,15,22,31.8181818181818,7
"GLIPR1",7,0,9,16,43.75,7
"GMCL1",7,0,13,20,35,7
"GNB1",7,0,2,9,77.7777777777778,7
"GNB3",7,0,8,15,46.6666666666667,7
"GNRHR2",7,0,22,29,24.1379310344828,7
"GPR155",7,0,5,12,58.3333333333333,7
"GS1-251I9.3",7,0,8,15,46.6666666666667,7
"GS1-251I9.4",7,0,18,25,28,7
"GSDMB",7,0,5,12,58.3333333333333,7
"GSTK1",7,1,19,27,25.9259259259259,8
"H2AFJ",7,0,14,21,33.3333333333333,7
"HBP1",7,0,9,16,43.75,7
"HDLBP",7,0,10,17,41.1764705882353,7
"HFE2",7,0,19,26,26.9230769230769,7
"HIPK3",7,0,5,12,58.3333333333333,7
"HIST1H2AM",7,3,42,52,13.4615384615385,10
"HIST1H2BE",7,2,36,45,15.5555555555556,9
"HIST1H2BH",7,2,29,38,18.4210526315789,9
"HIST1H2BO",7,2,37,46,15.2173913043478,9
"HIST1H3J",7,3,42,52,13.4615384615385,10
"HIST1H4L",7,3,40,50,14,10
"HLA-DMA",7,0,2,9,77.7777777777778,7
"HLA-DMB",7,0,6,13,53.8461538461538,7
"HMBOX1",7,0,16,23,30.4347826086957,7
"HMX3",7,2,30,39,17.9487179487179,9
"HOXB-AS3",7,1,18,26,26.9230769230769,8
"HOXB-AS4",7,0,16,23,30.4347826086957,7
"HOXB4",7,0,17,24,29.1666666666667,7
"HOXB8",7,2,20,29,24.1379310344828,9
"HOXB9",7,0,16,23,30.4347826086957,7
"HS1BP3",7,0,10,17,41.1764705882353,7
"HSD11B1",7,0,23,30,23.3333333333333,7
"HSPA14",7,0,13,20,35,7
"HSPB7",7,0,8,15,46.6666666666667,7
"HTRA2",7,0,8,15,46.6666666666667,7
"IFFO2",7,2,10,19,36.8421052631579,9
"IGSF9B",7,0,29,36,19.4444444444444,7
"IKZF1",7,0,17,24,29.1666666666667,7
"IL18RAP",7,0,8,15,46.6666666666667,7
"IL6R",7,0,11,18,38.8888888888889,7
"ILF2",7,0,11,18,38.8888888888889,7
"INPP5D",7,0,6,13,53.8461538461538,7
"INTS9",7,0,16,23,30.4347826086957,7
"IQCE",7,0,5,12,58.3333333333333,7
"IQSEC1",7,0,11,18,38.8888888888889,7
"IRF8",7,1,9,17,41.1764705882353,8
"ITGA10",7,0,22,29,24.1379310344828,7
"ITGA5",7,0,10,17,41.1764705882353,7
"JADE2",7,0,18,25,28,7
"JHDM1D-AS1",7,2,5,14,50,9
"JTB",7,0,9,16,43.75,7
"KB-1507C5.2",7,0,16,23,30.4347826086957,7
"KBTBD4",7,0,9,16,43.75,7
"KCMF1",7,0,7,14,50,7
"KCTD11",7,0,18,25,28,7
"KDM7A",7,2,5,14,50,9
"KHNYN",7,0,17,24,29.1666666666667,7
"KIAA0196",7,1,20,28,25,8
"KIAA0319",7,1,24,32,21.875,8
"KIF20A",7,0,6,13,53.8461538461538,7
"KIFC1",7,0,5,12,58.3333333333333,7
"KLF3",7,0,10,17,41.1764705882353,7
"KMT2E",7,1,24,32,21.875,8
"KMT2E-AS1",7,1,24,32,21.875,8
"KRR1",7,0,14,21,33.3333333333333,7
"LACTB2",7,0,22,29,24.1379310344828,7
"LAMTOR1",7,0,10,17,41.1764705882353,7
"LARP1",7,0,17,24,29.1666666666667,7
"LARP1P1",7,2,36,45,15.5555555555556,9
"LARP4B",7,0,29,36,19.4444444444444,7
"LBR",7,0,10,17,41.1764705882353,7
"LEO1",7,0,4,11,63.6363636363636,7
"LEPR",7,0,5,12,58.3333333333333,7
"LEPROT",7,0,5,12,58.3333333333333,7
"LIN54",7,0,10,17,41.1764705882353,7
"LINC00449",7,0,8,15,46.6666666666667,7
"LINC00938",7,0,8,15,46.6666666666667,7
"LINC01004",7,1,24,32,21.875,8
"LINC01136",7,0,11,18,38.8888888888889,7
"LMO4",7,0,10,17,41.1764705882353,7
"LMTK2",7,0,12,19,36.8421052631579,7
"LNPEP",7,0,8,15,46.6666666666667,7
"LOH12CR1",7,0,10,17,41.1764705882353,7
"LOH12CR2",7,0,10,17,41.1764705882353,7
"LPIN2",7,0,11,18,38.8888888888889,7
"LPP-AS2",7,0,18,25,28,7
"LSMD1",7,0,13,20,35,7
"LY6G5C",7,0,5,12,58.3333333333333,7
"LYAR",7,0,17,24,29.1666666666667,7
"MALAT1",7,0,4,11,63.6363636363636,7
"MAP3K14",7,0,7,14,50,7
"MAP7D1",7,0,11,18,38.8888888888889,7
"MAPK8",7,0,10,17,41.1764705882353,7
"MBOAT7",7,1,17,25,28,8
"MCTP2",7,0,10,17,41.1764705882353,7
"MDP1",7,0,18,25,28,7
"MESP1",7,0,8,15,46.6666666666667,7
"MEST",7,1,8,16,43.75,8
"METTL20",7,0,8,15,46.6666666666667,7
"MFHAS1",7,0,10,17,41.1764705882353,7
"MGAT5",7,0,19,26,26.9230769230769,7
"MICAL2",7,0,13,20,35,7
"MIR10A",7,0,17,24,29.1666666666667,7
"MIR141",7,0,9,16,43.75,7
"MIR148B",7,0,15,22,31.8181818181818,7
"MIR151B",7,0,7,14,50,7
"MIR200C",7,0,9,16,43.75,7
"MIR21",7,0,7,14,50,7
"MIR26A2",7,0,8,15,46.6666666666667,7
"MIR342",7,0,7,14,50,7
"MIR629",7,0,26,33,21.2121212121212,7
"MKLN1-AS",7,1,23,31,22.5806451612903,8
"MLC1",7,0,15,22,31.8181818181818,7
"MLH1",7,0,33,40,17.5,7
"MON1B",7,0,22,29,24.1379310344828,7
"MORN1",7,0,7,14,50,7
"MPZL1",7,0,22,29,24.1379310344828,7
"MRPS18A",7,0,17,24,29.1666666666667,7
"MTG2",7,0,8,15,46.6666666666667,7
"MTMR14",7,1,22,30,23.3333333333333,8
"MUTYH",7,0,7,14,50,7
"MXD1",7,1,14,22,31.8181818181818,8
"MYO1G",7,0,15,22,31.8181818181818,7
"N4BP1",7,0,13,20,35,7
"NAA15",7,1,23,31,22.5806451612903,8
"NCAPD3",7,0,40,47,14.8936170212766,7
"NCOA2",7,1,26,34,20.5882352941176,8
"NDUFC1",7,1,23,31,22.5806451612903,8
"NDUFS3",7,0,9,16,43.75,7
"NEDD8",7,0,19,26,26.9230769230769,7
"NEDD9",7,0,26,33,21.2121212121212,7
"NEK8",7,0,6,13,53.8461538461538,7
"NLRC5",7,0,10,17,41.1764705882353,7
"NNMT",7,0,18,25,28,7
"NNT",7,0,9,16,43.75,7
"NNT-AS1",7,0,9,16,43.75,7
"NOD1",7,0,20,27,25.9259259259259,7
"NPR1",7,0,11,18,38.8888888888889,7
"NSMCE2",7,1,20,28,25,8
"NUDCD1",7,1,10,18,38.8888888888889,8
"NUP160",7,0,14,21,33.3333333333333,7
"NUPL1",7,0,15,22,31.8181818181818,7
"NXPH3",7,0,10,17,41.1764705882353,7
"OAT",7,1,11,19,36.8421052631579,8
"OPA1-AS1",7,0,15,22,31.8181818181818,7
"OPN3",7,0,10,17,41.1764705882353,7
"OPTC",7,0,12,19,36.8421052631579,7
"ORMDL3",7,0,6,13,53.8461538461538,7
"OSBPL3",7,0,18,25,28,7
"OSGEP",7,0,17,24,29.1666666666667,7
"OSGEPL1",7,0,10,17,41.1764705882353,7
"OTUD6B",7,0,18,25,28,7
"PABPN1L",7,0,8,15,46.6666666666667,7
"PADI4",7,1,15,23,30.4347826086957,8
"PAIP1",7,0,13,20,35,7
"PCDHB7",7,3,23,33,21.2121212121212,10
"PCDHGA10",7,1,6,14,50,8
"PCDHGA11",7,1,6,14,50,8
"PCDHGB7",7,1,6,14,50,8
"PDCD4",7,1,20,28,25,8
"PDCD4-AS1",7,1,20,28,25,8
"PDE4D",7,0,19,26,26.9230769230769,7
"PDHX",7,0,23,30,23.3333333333333,7
"PEX11B",7,0,27,34,20.5882352941176,7
"PHTF2",7,0,19,26,26.9230769230769,7
"PIAS3",7,0,14,21,33.3333333333333,7
"PITPNM2",7,0,6,13,53.8461538461538,7
"PLEKHG6",7,0,11,18,38.8888888888889,7
"PLK2",7,0,20,27,25.9259259259259,7
"PMPCB",7,0,22,29,24.1379310344828,7
"PNP",7,0,14,21,33.3333333333333,7
"PPIP5K2",7,1,34,42,16.6666666666667,8
"PPL",7,0,11,18,38.8888888888889,7
"PPM1M",7,0,7,14,50,7
"PPP1R2",7,0,9,16,43.75,7
"PPP1R42",7,1,8,16,43.75,8
"PRELID1",7,0,13,20,35,7
"PSMD3",7,0,8,15,46.6666666666667,7
"PTPN6",7,0,9,16,43.75,7
"PTPRJ",7,0,11,18,38.8888888888889,7
"RAB24",7,0,13,20,35,7
"RAB2A",7,0,23,30,23.3333333333333,7
"RAB8B",7,0,11,18,38.8888888888889,7
"RAD18",7,0,18,25,28,7
"RAP1GDS1",7,0,8,15,46.6666666666667,7
"RASSF4",7,1,6,14,50,8
"RBM15B",7,0,9,16,43.75,7
"RBM8A",7,0,22,29,24.1379310344828,7
"RER1",7,0,7,14,50,7
"RFX8",7,0,11,18,38.8888888888889,7
"RNASE1",7,0,17,24,29.1666666666667,7
"RNF122",7,0,20,27,25.9259259259259,7
"RNF25",7,2,18,27,25.9259259259259,9
"RNU1-58P",7,0,0,7,100,7
"RNU2-6P",7,1,19,27,25.9259259259259,8
"RNU5D",7,0,5,12,58.3333333333333,7
"RNU5E-10P",7,0,9,16,43.75,7
"RNU6-232P",7,0,11,18,38.8888888888889,7
"RNU6-450P",7,0,7,14,50,7
"RNU6-807P",7,0,14,21,33.3333333333333,7
"RNU6-999P",7,0,9,16,43.75,7
"RNU7-133P",7,0,13,20,35,7
"RNU7-134P",7,0,12,19,36.8421052631579,7
"RNU7-193P",7,0,9,16,43.75,7
"RNU7-199P",7,0,19,26,26.9230769230769,7
"RP1-111D6.2",7,0,21,28,25,7
"RP1-151B14.6",7,0,13,20,35,7
"RP1-261G23.7",7,0,19,26,26.9230769230769,7
"RP1-28O10.1",7,0,19,26,26.9230769230769,7
"RP1-90J20.10",7,0,10,17,41.1764705882353,7
"RP11-1094H24.3",7,2,17,26,26.9230769230769,9
"RP11-146F11.5",7,0,8,15,46.6666666666667,7
"RP11-163N6.2",7,0,23,30,23.3333333333333,7
"RP11-181G12.4",7,0,7,14,50,7
"RP11-181G12.5",7,0,7,14,50,7
"RP11-203B9.4",7,1,23,31,22.5806451612903,8
"RP11-215P8.3",7,0,7,14,50,7
"RP11-266N13.2",7,0,18,25,28,7
"RP11-271M24.2",7,0,15,22,31.8181818181818,7
"RP11-284M14.1",7,0,27,34,20.5882352941176,7
"RP11-285G1.14",7,1,6,14,50,8
"RP11-293M10.1",7,0,16,23,30.4347826086957,7
"RP11-2E11.10",7,1,8,16,43.75,8
"RP11-2E11.5",7,1,8,16,43.75,8
"RP11-315I20.1",7,0,22,29,24.1379310344828,7
"RP11-323J4.1",7,0,8,15,46.6666666666667,7
"RP11-327P2.5",7,0,21,28,25,7
"RP11-332H14.2",7,0,14,21,33.3333333333333,7
"RP11-346I3.4",7,1,12,20,35,8
"RP11-350G8.5",7,0,11,18,38.8888888888889,7
"RP11-363N22.2",7,0,29,36,19.4444444444444,7
"RP11-373D23.2",7,1,6,14,50,8
"RP11-378A13.2",7,0,17,24,29.1666666666667,7
"RP11-379K17.4",7,0,6,13,53.8461538461538,7
"RP11-385F7.1",7,0,33,40,17.5,7
"RP11-401P9.6",7,0,13,20,35,7
"RP11-422P24.10",7,0,9,16,43.75,7
"RP11-422P24.11",7,0,9,16,43.75,7
"RP11-429B14.3",7,0,9,16,43.75,7
"RP11-431K24.1",7,0,14,21,33.3333333333333,7
"RP11-533E19.7",7,0,7,14,50,7
"RP11-550I24.2",7,0,12,19,36.8421052631579,7
"RP11-5P18.5",7,0,8,15,46.6666666666667,7
"RP11-602N24.3",7,0,12,19,36.8421052631579,7
"RP11-617D20.1",7,0,10,17,41.1764705882353,7
"RP11-646I6.5",7,0,17,24,29.1666666666667,7
"RP11-691N7.6",7,1,7,15,46.6666666666667,8
"RP11-700H6.1",7,0,10,17,41.1764705882353,7
"RP11-700H6.2",7,0,10,17,41.1764705882353,7
"RP11-724N1.1",7,0,15,22,31.8181818181818,7
"RP11-753H16.3",7,0,10,17,41.1764705882353,7
"RP11-804A23.2",7,0,9,16,43.75,7
"RP11-863H1.1",7,0,14,21,33.3333333333333,7
"RP11-867O8.5",7,0,4,11,63.6363636363636,7
"RP11-902B17.1",7,0,13,20,35,7
"RP11-94C24.8",7,0,13,20,35,7
"RP13-766D20.2",7,0,14,21,33.3333333333333,7
"RP4-607I7.1",7,0,15,22,31.8181818181818,7
"RP4-677H15.4",7,1,24,32,21.875,8
"RP5-1029F21.3",7,0,15,22,31.8181818181818,7
"RP5-1029K10.2",7,0,10,17,41.1764705882353,7
"RP5-1065J22.8",7,0,6,13,53.8461538461538,7
"RPL27A",7,0,21,28,25,7
"RPL28",7,0,23,30,23.3333333333333,7
"RPL34",7,0,17,24,29.1666666666667,7
"RPL34-AS1",7,0,17,24,29.1666666666667,7
"RRS1",7,1,12,20,35,8
"SBNO2",7,0,2,9,77.7777777777778,7
"SCAF8",7,0,15,22,31.8181818181818,7
"SCARNA12",7,0,9,16,43.75,7
"SDAD1P1",7,0,15,22,31.8181818181818,7
"SDCCAG8",7,0,10,17,41.1764705882353,7
"SEC16A",7,0,9,16,43.75,7
"SEC62",7,0,6,13,53.8461538461538,7
"SEPT2",7,0,10,17,41.1764705882353,7
"SERPINB9",7,0,10,17,41.1764705882353,7
"SF3B1",7,0,30,37,18.9189189189189,7
"SFXN4",7,0,9,16,43.75,7
"SHQ1",7,0,10,17,41.1764705882353,7
"SLC12A8",7,0,17,24,29.1666666666667,7
"SLC15A4",7,0,26,33,21.2121212121212,7
"SLC16A11",7,0,9,16,43.75,7
"SLC22A18AS",7,0,9,16,43.75,7
"SLC35B1",7,1,11,19,36.8421052631579,8
"SLC39A1",7,0,9,16,43.75,7
"SMC3",7,1,34,42,16.6666666666667,8
"SMC6",7,1,20,28,25,8
"SNORA1.1",7,0,24,31,22.5806451612903,7
"SNORA12.2",7,0,17,24,29.1666666666667,7
"SNORA3",7,0,17,24,29.1666666666667,7
"SNORA42",7,0,11,18,38.8888888888889,7
"SNORA45",7,0,17,24,29.1666666666667,7
"SNORD112.19",7,0,13,20,35,7
"SNORD17",7,0,14,21,33.3333333333333,7
"snoU13.129",7,0,21,28,25,7
"snoU13.233",7,0,10,17,41.1764705882353,7
"snoU13.317",7,0,20,27,25.9259259259259,7
"snoU13.336",7,0,10,17,41.1764705882353,7
"snoU13.419",7,0,14,21,33.3333333333333,7
"snoU13.433",7,0,10,17,41.1764705882353,7
"snoU13.449",7,0,13,20,35,7
"snoU13.52",7,0,12,19,36.8421052631579,7
"snoU13.79",7,0,10,17,41.1764705882353,7
"snoU13.84",7,0,11,18,38.8888888888889,7
"SNRNP200",7,0,11,18,38.8888888888889,7
"SNX18",7,0,18,25,28,7
"SOS2",7,0,10,17,41.1764705882353,7
"SOX6",7,1,37,45,15.5555555555556,8
"SP1",7,0,6,13,53.8461538461538,7
"SPATA13",7,0,20,27,25.9259259259259,7
"SPATA13-AS1",7,0,19,26,26.9230769230769,7
"SPATA20",7,0,13,20,35,7
"SPATA21",7,0,3,10,70,7
"SPIDR",7,0,10,17,41.1764705882353,7
"SPRED2",7,0,13,20,35,7
"SRSF11",7,1,30,38,18.4210526315789,8
"STK17B",7,0,4,11,63.6363636363636,7
"STK24",7,0,8,15,46.6666666666667,7
"STK24-AS1",7,0,8,15,46.6666666666667,7
"STOML1",7,0,8,15,46.6666666666667,7
"SUFU",7,0,10,17,41.1764705882353,7
"SYCE1L",7,0,22,29,24.1379310344828,7
"TBL1XR1",7,0,17,24,29.1666666666667,7
"TCP1",7,1,23,31,22.5806451612903,8
"TDP2",7,0,15,22,31.8181818181818,7
"TESK2",7,0,6,13,53.8461538461538,7
"TEX19",7,0,13,20,35,7
"TEX38",7,0,10,17,41.1764705882353,7
"TGFBRAP1",7,0,14,21,33.3333333333333,7
"TICRR",7,0,9,16,43.75,7
"TIPARP",7,0,18,25,28,7
"TIPARP-AS1",7,0,18,25,28,7
"TM2D3",7,0,14,21,33.3333333333333,7
"TM9SF2",7,0,8,15,46.6666666666667,7
"TMEM167A",7,1,27,35,20,8
"TMEM167B",7,0,6,13,53.8461538461538,7
"TMEM238",7,0,23,30,23.3333333333333,7
"TMEM60",7,0,19,26,26.9230769230769,7
"TMEM72-AS1",7,1,6,14,50,8
"TMEM88",7,0,10,17,41.1764705882353,7
"TOB1",7,0,4,11,63.6363636363636,7
"TOE1",7,0,7,14,50,7
"TOR1AIP1",7,0,7,14,50,7
"TP53",7,0,11,18,38.8888888888889,7
"TRAM2",7,0,18,25,28,7
"TRAM2-AS1",7,0,18,25,28,7
"TRAPPC3",7,0,11,18,38.8888888888889,7
"TRIB1",7,0,17,24,29.1666666666667,7
"TRIM33",7,0,18,25,28,7
"TRPM5",7,0,3,10,70,7
"TSEN34",7,1,17,25,28,8
"TTC1",7,0,22,29,24.1379310344828,7
"TTLL10-AS1",7,0,4,11,63.6363636363636,7
"TXNIP",7,0,23,30,23.3333333333333,7
"U47924.27",7,0,9,16,43.75,7
"U47924.29",7,0,9,16,43.75,7
"UBAC1",7,0,9,16,43.75,7
"UBLCP1",7,0,21,28,25,7
"UBXN2A",7,0,13,20,35,7
"USP38",7,0,27,34,20.5882352941176,7
"USP5",7,0,12,19,36.8421052631579,7
"VCPKMT",7,0,13,20,35,7
"VEGFA",7,0,19,26,26.9230769230769,7
"VPS26B",7,0,40,47,14.8936170212766,7
"VRK2",7,0,8,15,46.6666666666667,7
"VWA3B",7,0,10,17,41.1764705882353,7
"WBP11",7,0,15,22,31.8181818181818,7
"WDR91",7,0,18,25,28,7
"WFIKKN2",7,0,17,24,29.1666666666667,7
"XKR9",7,0,22,29,24.1379310344828,7
"XPO7",7,0,8,15,46.6666666666667,7
"XRCC4",7,1,27,35,20,8
"XXbac-BPG154L12.4",7,0,13,20,35,7
"Y_RNA.118",7,0,13,20,35,7
"Y_RNA.28",7,0,22,29,24.1379310344828,7
"ZAR1L",7,0,18,25,28,7
"ZBTB18",7,0,6,13,53.8461538461538,7
"ZBTB49",7,0,17,24,29.1666666666667,7
"ZFPM1",7,0,2,9,77.7777777777778,7
"ZNF2",7,1,27,35,20,8
"ZNF384",7,0,13,20,35,7
"ZNF514",7,1,27,35,20,8
"ZNF646",7,0,21,28,25,7
"ZNF688",7,0,8,15,46.6666666666667,7
"ZNF689",7,0,3,10,70,7
"ZNF783",7,0,26,33,21.2121212121212,7
"ZNF785",7,0,8,15,46.6666666666667,7
"ZNHIT2",7,0,8,15,46.6666666666667,7
"ZNRD1",7,0,18,25,28,7
"ZNRD1-AS1",7,0,18,25,28,7
"ABCB8",6,0,11,17,35.2941176470588,6
"AC000003.1",6,0,19,25,24,6
"AC002454.1",6,0,12,18,33.3333333333333,6
"AC002467.7",6,0,14,20,30,6
"AC005154.6",6,0,15,21,28.5714285714286,6
"AC007551.3",6,0,11,17,35.2941176470588,6
"AC009542.2",6,0,14,20,30,6
"AC010226.4",6,1,20,27,22.2222222222222,7
"AC010247.1",6,0,12,18,33.3333333333333,6
"AC010761.14",6,0,6,12,50,6
"AC010761.8",6,0,8,14,42.8571428571429,6
"AC017104.2",6,0,11,17,35.2941176470588,6
"AC018816.3",6,0,16,22,27.2727272727273,6
"AC022498.1",6,0,12,18,33.3333333333333,6
"AC025165.8",6,0,12,18,33.3333333333333,6
"AC079753.1",6,0,7,13,46.1538461538462,6
"AC080037.1",6,0,3,9,66.6666666666667,6
"AC087269.1",6,0,7,13,46.1538461538462,6
"AC093323.1",6,0,5,11,54.5454545454545,6
"AC093602.1",6,0,15,21,28.5714285714286,6
"AC103828.1",6,0,6,12,50,6
"AC114803.3",6,0,11,17,35.2941176470588,6
"AC139149.1",6,0,13,19,31.5789473684211,6
"ACBD3",6,0,8,14,42.8571428571429,6
"ACP6",6,0,16,22,27.2727272727273,6
"ACSL3",6,0,15,21,28.5714285714286,6
"ADAM15",6,0,2,8,75,6
"ADAM19",6,0,14,20,30,6
"AF129408.17",6,0,15,21,28.5714285714286,6
"AKR1A1",6,0,8,14,42.8571428571429,6
"AL357673.1",6,0,5,11,54.5454545454545,6
"AL365181.1",6,0,12,18,33.3333333333333,6
"AL590233.1",6,0,11,17,35.2941176470588,6
"ALDH1B1",6,0,8,14,42.8571428571429,6
"ALDOA",6,0,7,13,46.1538461538462,6
"ALG14",6,0,13,19,31.5789473684211,6
"ANGPT2",6,2,28,36,16.6666666666667,8
"ANKS3",6,0,16,22,27.2727272727273,6
"AP000936.4",6,0,16,22,27.2727272727273,6
"AP002954.4",6,0,7,13,46.1538461538462,6
"AP3S1",6,0,12,18,33.3333333333333,6
"APOA1",6,0,8,14,42.8571428571429,6
"APOA1BP",6,0,12,18,33.3333333333333,6
"ARAP2",6,0,12,18,33.3333333333333,6
"ARAP3",6,2,3,11,54.5454545454545,8
"ARHGAP19",6,0,8,14,42.8571428571429,6
"ARHGAP19-SLIT1",6,0,8,14,42.8571428571429,6
"ARHGEF19",6,0,1,7,85.7142857142857,6
"ARHGEF25",6,0,12,18,33.3333333333333,6
"ARID1A",6,0,6,12,50,6
"ARID1B",6,0,7,13,46.1538461538462,6
"ATF6B",6,0,9,15,40,6
"ATG12",6,0,12,18,33.3333333333333,6
"ATG9B",6,0,11,17,35.2941176470588,6
"ATP6V1G3",6,1,7,14,42.8571428571429,7
"B3GALT4",6,0,2,8,75,6
"BAP1",6,0,7,13,46.1538461538462,6
"BGLAP",6,0,6,12,50,6
"BIVM",6,0,17,23,26.0869565217391,6
"BIVM-ERCC5",6,0,17,23,26.0869565217391,6
"BLK",6,2,26,34,17.6470588235294,8
"BMF",6,0,12,18,33.3333333333333,6
"BRI3",6,0,9,15,40,6
"BTBD19",6,0,7,13,46.1538461538462,6
"BTBD2",6,0,8,14,42.8571428571429,6
"C11orf48",6,0,9,15,40,6
"C11orf83",6,0,9,15,40,6
"C12orf61",6,0,17,23,26.0869565217391,6
"C14orf183",6,0,15,21,28.5714285714286,6
"C16orf45",6,0,3,9,66.6666666666667,6
"C17orf70",6,0,4,10,60,6
"C19orf60",6,0,5,11,54.5454545454545,6
"C20orf195",6,0,11,17,35.2941176470588,6
"C2CD2L",6,0,16,22,27.2727272727273,6
"C2CD5",6,0,7,13,46.1538461538462,6
"C4orf32",6,1,18,25,24,7
"C6orf47",6,0,6,12,50,6
"C6orf47-AS1",6,0,6,12,50,6
"C7orf49",6,0,14,20,30,6
"C8orf88",6,0,16,22,27.2727272727273,6
"CAGE1",6,0,9,15,40,6
"CAMK2N1",6,1,6,13,46.1538461538462,7
"CAMK4",6,0,4,10,60,6
"CAPS2",6,0,7,13,46.1538461538462,6
"CASC11",6,0,9,15,40,6
"CASP3",6,0,16,22,27.2727272727273,6
"CBLL1",6,0,14,20,30,6
"CBX3",6,3,31,40,15,9
"CCDC142",6,0,5,11,54.5454545454545,6
"CCDC149",6,0,12,18,33.3333333333333,6
"CCDC170",6,0,6,12,50,6
"CCDC183",6,1,6,13,46.1538461538462,7
"CCNB1IP1",6,0,16,22,27.2727272727273,6
"CCND1",6,0,11,17,35.2941176470588,6
"CCRN4L",6,0,15,21,28.5714285714286,6
"CD300LD",6,0,5,11,54.5454545454545,6
"CD5",6,0,5,11,54.5454545454545,6
"CD52",6,0,7,13,46.1538461538462,6
"CD58",6,0,15,21,28.5714285714286,6
"CDK5RAP2",6,0,7,13,46.1538461538462,6
"CDK6",6,0,12,18,33.3333333333333,6
"CEBPG",6,0,9,15,40,6
"CELF3",6,0,19,25,24,6
"CEP152",6,0,15,21,28.5714285714286,6
"CHD7",6,0,35,41,14.6341463414634,6
"CHD8",6,0,10,16,37.5,6
"CHI3L2",6,0,15,21,28.5714285714286,6
"CHST11",6,0,15,21,28.5714285714286,6
"CHTOP",6,0,9,15,40,6
"CIC",6,1,8,15,40,7
"CIPC",6,0,8,14,42.8571428571429,6
"CISH",6,0,11,17,35.2941176470588,6
"CLDN23",6,0,7,13,46.1538461538462,6
"CLIP2",6,0,5,11,54.5454545454545,6
"CMBL",6,0,6,12,50,6
"CNGB1",6,0,4,10,60,6
"CNTRL",6,0,11,17,35.2941176470588,6
"COPS4",6,0,8,14,42.8571428571429,6
"COQ10A",6,0,12,18,33.3333333333333,6
"COX7A2",6,0,13,19,31.5789473684211,6
"CRLF1",6,0,5,11,54.5454545454545,6
"CS",6,0,11,17,35.2941176470588,6
"CSNK1D",6,0,15,21,28.5714285714286,6
"CTA-276O3.4",6,1,14,21,28.5714285714286,7
"CTD-2132N18.3",6,0,9,15,40,6
"CXCR4",6,0,6,12,50,6
"CXXC5",6,0,12,18,33.3333333333333,6
"DAAM1",6,0,11,17,35.2941176470588,6
"DCAF16",6,0,20,26,23.0769230769231,6
"DCTPP1",6,0,6,12,50,6
"DCXR",6,0,11,17,35.2941176470588,6
"DDR1",6,0,7,13,46.1538461538462,6
"DDX25",6,0,25,31,19.3548387096774,6
"DDX39A",6,1,3,10,60,7
"DDX6",6,0,6,12,50,6
"DECR1",6,0,15,21,28.5714285714286,6
"DEGS2",6,0,7,13,46.1538461538462,6
"DENND2D",6,0,17,23,26.0869565217391,6
"DENND4B",6,0,11,17,35.2941176470588,6
"DHRS13",6,0,4,10,60,6
"DHRS7B",6,0,14,20,30,6
"DHX58",6,0,9,15,40,6
"DIS3",6,0,12,18,33.3333333333333,6
"DLEU1",6,0,13,19,31.5789473684211,6
"DLEU2",6,0,13,19,31.5789473684211,6
"DMAP1",6,0,15,21,28.5714285714286,6
"DNAH3",6,0,17,23,26.0869565217391,6
"DNAJC1",6,0,18,24,25,6
"DNAJC2",6,1,14,21,28.5714285714286,7
"DNAJC5",6,0,3,9,66.6666666666667,6
"DNAJC7",6,0,10,16,37.5,6
"DOCK6",6,0,6,12,50,6
"DPAGT1",6,0,16,22,27.2727272727273,6
"DPM2",6,0,1,7,85.7142857142857,6
"DPY19L1",6,0,11,17,35.2941176470588,6
"DSCAML1",6,0,14,20,30,6
"DTHD1",6,0,8,14,42.8571428571429,6
"DTL",6,0,10,16,37.5,6
"DTX3",6,0,12,18,33.3333333333333,6
"DUSP7",6,1,6,13,46.1538461538462,7
"DYNLT1",6,0,13,19,31.5789473684211,6
"EFCAB12",6,0,8,14,42.8571428571429,6
"EFHC1",6,0,16,22,27.2727272727273,6
"EGOT",6,1,17,24,25,7
"EIF2B3",6,0,8,14,42.8571428571429,6
"ENOPH1",6,0,13,19,31.5789473684211,6
"ENSA",6,0,9,15,40,6
"EPHA1",6,0,17,23,26.0869565217391,6
"EPHA1-AS1",6,0,17,23,26.0869565217391,6
"EPHB6",6,0,12,18,33.3333333333333,6
"EPRS",6,0,5,11,54.5454545454545,6
"ERBB3",6,0,7,13,46.1538461538462,6
"ERGIC2",6,0,11,17,35.2941176470588,6
"ESYT1",6,0,11,17,35.2941176470588,6
"ETNK1",6,0,9,15,40,6
"EXOSC1",6,0,2,8,75,6
"FAIM",6,0,31,37,16.2162162162162,6
"FAM167A",6,2,28,36,16.6666666666667,8
"FAM177B",6,1,17,24,25,7
"FAM200B",6,0,18,24,25,6
"FAM214A",6,0,8,14,42.8571428571429,6
"FAM49B",6,0,14,20,30,6
"FAM8A1",6,0,6,12,50,6
"FAN1",6,0,24,30,20,6
"FAU",6,0,6,12,50,6
"FBXL5",6,0,18,24,25,6
"FBXO42",6,0,2,8,75,6
"FCHSD2",6,0,6,12,50,6
"FCRL6",6,0,7,13,46.1538461538462,6
"FGF18",6,0,10,16,37.5,6
"FHL3",6,0,10,16,37.5,6
"FIGNL1",6,0,11,17,35.2941176470588,6
"FIP1L1",6,0,21,27,22.2222222222222,6
"FLT1",6,0,7,13,46.1538461538462,6
"FMNL3",6,0,8,14,42.8571428571429,6
"FNTB",6,0,15,21,28.5714285714286,6
"FOXC1",6,0,12,18,33.3333333333333,6
"FSD2",6,1,17,24,25,7
"FUS",6,0,21,27,22.2222222222222,6
"G0S2",6,0,19,25,24,6
"GABARAPL1",6,0,9,15,40,6
"GADD45A",6,0,10,16,37.5,6
"GALR2",6,0,6,12,50,6
"GARS",6,0,15,21,28.5714285714286,6
"GATSL3",6,0,6,12,50,6
"GDPD5",6,0,7,13,46.1538461538462,6
"GEN1",6,1,20,27,22.2222222222222,7
"GGCX",6,0,6,12,50,6
"GIMAP1",6,0,13,19,31.5789473684211,6
"GLB1L3",6,0,16,22,27.2727272727273,6
"GLIPR1L2",6,0,7,13,46.1538461538462,6
"GMPR2",6,0,22,28,21.4285714285714,6
"GPR142",6,0,3,9,66.6666666666667,6
"H3F3A",6,0,10,16,37.5,6
"HAT1",6,0,9,15,40,6
"HERPUD2",6,0,11,17,35.2941176470588,6
"HINT3",6,0,16,22,27.2727272727273,6
"HIST1H1E",6,2,28,36,16.6666666666667,8
"HIST1H2APS3",6,2,26,34,17.6470588235294,8
"HIST1H2BD",6,2,28,36,16.6666666666667,8
"HIST1H2BF",6,2,28,36,16.6666666666667,8
"HIST1H3E",6,2,26,34,17.6470588235294,8
"HIST1H4E",6,2,28,36,16.6666666666667,8
"HIST1H4G",6,1,24,31,19.3548387096774,7
"HIST2H2BE",6,1,21,28,21.4285714285714,7
"HIVEP2",6,1,12,19,31.5789473684211,7
"HMGB2",6,1,22,29,20.6896551724138,7
"HMGCS2",6,0,27,33,18.1818181818182,6
"HMHA1",6,0,3,9,66.6666666666667,6
"HNRNPA2B1",6,3,31,40,15,9
"HNRNPD",6,0,7,13,46.1538461538462,6
"HNRNPDL",6,0,13,19,31.5789473684211,6
"HNRNPK",6,1,23,30,20,7
"HOTTIP",6,2,29,37,16.2162162162162,8
"HOXA13",6,2,29,37,16.2162162162162,8
"HOXC8",6,4,22,32,18.75,10
"HSPBP1",6,0,15,21,28.5714285714286,6
"IDH1",6,0,13,19,31.5789473684211,6
"IDH1-AS1",6,0,13,19,31.5789473684211,6
"IFT27",6,0,12,18,33.3333333333333,6
"IGHMBP2",6,0,5,11,54.5454545454545,6
"IKZF2",6,0,10,16,37.5,6
"IL1A",6,0,5,11,54.5454545454545,6
"IL20",6,0,9,15,40,6
"IL21R",6,0,9,15,40,6
"ILF3",6,1,3,10,60,7
"ILF3-AS1",6,1,3,10,60,7
"ING3",6,0,12,18,33.3333333333333,6
"INTS3",6,0,14,20,30,6
"INTS7",6,0,10,16,37.5,6
"IPO4",6,0,21,27,22.2222222222222,6
"IQGAP1",6,1,15,22,27.2727272727273,7
"IRF1",6,0,9,15,40,6
"IRF9",6,0,16,22,27.2727272727273,6
"ITPK1",6,0,7,13,46.1538461538462,6
"JAG2",6,0,7,13,46.1538461538462,6
"KANK2",6,0,6,12,50,6
"KAT2B",6,0,11,17,35.2941176470588,6
"KBTBD11",6,0,3,9,66.6666666666667,6
"KCNAB2",6,0,3,9,66.6666666666667,6
"KCTD21",6,0,13,19,31.5789473684211,6
"KIAA0947",6,1,35,42,14.2857142857143,7
"KIAA1033",6,0,13,19,31.5789473684211,6
"KIAA1919",6,1,7,14,42.8571428571429,7
"KIF13A",6,0,6,12,50,6
"KLF13",6,0,16,22,27.2727272727273,6
"KLHL25",6,0,9,15,40,6
"KPNB1",6,0,9,15,40,6
"KRTAP5",6,1,9,16,37.5,7
"LEF1",6,0,10,16,37.5,6
"LEF1-AS1",6,0,10,16,37.5,6
"LINC-PINT",6,1,19,26,23.0769230769231,7
"LINC00659",6,0,5,11,54.5454545454545,6
"LIX1",6,1,18,25,24,7
"LLPH",6,1,7,14,42.8571428571429,7
"LPAR5",6,0,13,19,31.5789473684211,6
"LRCH1",6,0,15,21,28.5714285714286,6
"LRRC4",6,0,18,24,25,6
"LSM14B",6,0,5,11,54.5454545454545,6
"MANSC1",6,0,8,14,42.8571428571429,6
"MAP3K1",6,0,21,27,22.2222222222222,6
"MAP3K3",6,0,8,14,42.8571428571429,6
"MAPKAPK3",6,0,11,17,35.2941176470588,6
"MARS",6,0,14,20,30,6
"MAT2A",6,0,10,16,37.5,6
"MBD2",6,1,15,22,27.2727272727273,7
"MEF2B",6,0,6,12,50,6
"MEF2BNB",6,0,6,12,50,6
"MEF2BNB-MEF2B",6,0,6,12,50,6
"MEGF9",6,0,8,14,42.8571428571429,6
"MESDC1",6,0,9,15,40,6
"MESP2",6,0,3,9,66.6666666666667,6
"METTL12",6,0,6,12,50,6
"MIR1276",6,0,12,18,33.3333333333333,6
"MIR1284",6,0,20,26,23.0769230769231,6
"MIR16",6,0,9,15,40,6
"MIR3153",6,0,12,18,33.3333333333333,6
"MIR33B",6,0,4,10,60,6
"MIR3654",6,0,12,18,33.3333333333333,6
"MIR4466",6,0,7,13,46.1538461538462,6
"MIR548C",6,0,19,25,24,6
"MIR590",6,0,11,17,35.2941176470588,6
"MIRLET7I",6,0,17,23,26.0869565217391,6
"MLKL",6,0,14,20,30,6
"MOB1A",6,0,11,17,35.2941176470588,6
"MOGS",6,0,9,15,40,6
"MOK",6,0,10,16,37.5,6
"MRPL18",6,1,19,26,23.0769230769231,7
"MRPL21",6,0,5,11,54.5454545454545,6
"MRPL49",6,0,6,12,50,6
"MRPL50",6,1,25,32,18.75,7
"MRPL53",6,0,9,15,40,6
"MTERFD1",6,0,15,21,28.5714285714286,6
"MYC",6,0,9,15,40,6
"MYCBPAP",6,0,12,18,33.3333333333333,6
"MYOM2",6,0,13,19,31.5789473684211,6
"NAB1",6,0,9,15,40,6
"NACC2",6,0,9,15,40,6
"NAP1L1",6,0,15,21,28.5714285714286,6
"NAP1L4",6,0,5,11,54.5454545454545,6
"NBN",6,0,15,21,28.5714285714286,6
"NCAPG",6,0,20,26,23.0769230769231,6
"NCOA4",6,0,10,16,37.5,6
"NFE2L3",6,2,14,22,27.2727272727273,8
"NFIL3",6,0,11,17,35.2941176470588,6
"NFRKB",6,0,14,20,30,6
"NKIRAS2",6,0,10,16,37.5,6
"NME1",6,0,17,23,26.0869565217391,6
"NME1-NME2",6,0,17,23,26.0869565217391,6
"NME2",6,0,17,23,26.0869565217391,6
"NPHP4",6,0,3,9,66.6666666666667,6
"NRL",6,0,23,29,20.6896551724138,6
"NUAK2",6,0,9,15,40,6
"NUDCD3",6,0,26,32,18.75,6
"NUDT14",6,0,7,13,46.1538461538462,6
"NUDT16L1",6,0,14,20,30,6
"ORAOV1",6,0,16,22,27.2727272727273,6
"ORC6",6,0,11,17,35.2941176470588,6
"OSBPL11",6,0,15,21,28.5714285714286,6
"OSCP1",6,1,10,17,35.2941176470588,7
"OSTC",6,0,7,13,46.1538461538462,6
"PAFAH1B2",6,0,14,20,30,6
"PAFAH1B3",6,1,8,15,40,7
"PAN3",6,0,11,17,35.2941176470588,6
"PAN3-AS1",6,0,11,17,35.2941176470588,6
"PAPSS1",6,0,17,23,26.0869565217391,6
"PCDHB14",6,2,17,25,24,8
"PCDHB16",6,2,14,22,27.2727272727273,8
"PCDHB18",6,2,17,25,24,8
"PCDHGA3",6,4,7,17,35.2941176470588,10
"PDE2A",6,0,4,10,60,6
"PDIK1L",6,0,8,14,42.8571428571429,6
"PELI2",6,0,11,17,35.2941176470588,6
"PHF20L1",6,0,13,19,31.5789473684211,6
"PHF21A",6,0,7,13,46.1538461538462,6
"PHF7",6,0,7,13,46.1538461538462,6
"PHLDA1",6,0,18,24,25,6
"PIBF1",6,0,12,18,33.3333333333333,6
"PIEZO1",6,0,7,13,46.1538461538462,6
"PIP4K2C",6,0,18,24,25,6
"PLA2G12A",6,0,9,15,40,6
"PLK3",6,0,7,13,46.1538461538462,6
"PLXNA2",6,0,9,15,40,6
"PLXND1",6,0,5,11,54.5454545454545,6
"PML",6,0,8,14,42.8571428571429,6
"POGLUT1",6,0,17,23,26.0869565217391,6
"POLG2",6,0,10,16,37.5,6
"POMP",6,0,14,20,30,6
"PPP1R11",6,1,27,34,17.6470588235294,7
"PPP1R12C",6,0,9,15,40,6
"PPP2R1B",6,0,17,23,26.0869565217391,6
"PPP4C",6,0,6,12,50,6
"PPP6R1",6,0,15,21,28.5714285714286,6
"PRCC",6,0,8,14,42.8571428571429,6
"PRICKLE4",6,0,11,17,35.2941176470588,6
"PRIM2",6,0,13,19,31.5789473684211,6
"PRIMPOL",6,0,16,22,27.2727272727273,6
"PRKCD",6,0,3,9,66.6666666666667,6
"PRORSD1P",6,0,7,13,46.1538461538462,6
"PRPF6",6,0,3,9,66.6666666666667,6
"PRR19",6,1,8,15,40,7
"PRRC2A",6,0,2,8,75,6
"PRRT3",6,0,12,18,33.3333333333333,6
"PSMB1",6,1,23,30,20,7
"PSMC2",6,1,14,21,28.5714285714286,7
"PSMD5",6,0,10,16,37.5,6
"PSMD5-AS1",6,0,10,16,37.5,6
"PSMG1",6,0,15,21,28.5714285714286,6
"PTDSS1",6,0,15,21,28.5714285714286,6
"PTPRU",6,0,8,14,42.8571428571429,6
"PTRH2",6,0,4,10,60,6
"PURG",6,0,6,12,50,6
"PUS3",6,0,25,31,19.3548387096774,6
"RAB26",6,0,5,11,54.5454545454545,6
"RAB5C",6,0,9,15,40,6
"RARS",6,0,26,32,18.75,6
"RASSF3",6,0,20,26,23.0769230769231,6
"RBM43",6,0,9,15,40,6
"REEP4",6,0,2,8,75,6
"REPS1",6,0,9,15,40,6
"REV3L",6,1,19,26,23.0769230769231,7
"RFXANK",6,0,6,12,50,6
"RGMB",6,1,13,20,30,7
"RGMB-AS1",6,0,11,17,35.2941176470588,6
"RHO",6,0,5,11,54.5454545454545,6
"RIOK1",6,0,9,15,40,6
"RIPK2",6,0,19,25,24,6
"RMI1",6,1,23,30,20,7
"RNA5SP382",6,0,14,20,30,6
"RNASE6",6,0,14,20,30,6
"RNF31",6,0,20,26,23.0769230769231,6
"RNF5",6,0,8,14,42.8571428571429,6
"RNU2-2P",6,0,9,15,40,6
"RNU2-52P",6,0,6,12,50,6
"RNU6-1114P",6,0,8,14,42.8571428571429,6
"RNU6-1142P",6,0,12,18,33.3333333333333,6
"RNU6-1255P",6,0,21,27,22.2222222222222,6
"RNU6-192P",6,0,6,12,50,6
"RNU6-230P",6,0,14,20,30,6
"RNU6-431P",6,0,7,13,46.1538461538462,6
"RNU6-487P",6,0,5,11,54.5454545454545,6
"RNU6-665P",6,0,6,12,50,6
"RNU6-672P",6,0,5,11,54.5454545454545,6
"RNU6-752P",6,0,20,26,23.0769230769231,6
"RNU6-761P",6,0,3,9,66.6666666666667,6
"RNU7-14P",6,0,3,9,66.6666666666667,6
"RNU7-163P",6,0,7,13,46.1538461538462,6
"RNU7-3P",6,0,20,26,23.0769230769231,6
"RP1-170O19.14",6,2,27,35,17.1428571428571,8
"RP1-178F15.4",6,0,9,15,40,6
"RP1-178F15.5",6,0,9,15,40,6
"RP1-197B17.3",6,1,11,18,33.3333333333333,7
"RP1-261D10.2",6,0,25,31,19.3548387096774,6
"RP1-34B20.4",6,2,28,36,16.6666666666667,8
"RP11-1020A11.2",6,0,12,18,33.3333333333333,6
"RP11-1055B8.6",6,0,19,25,24,6
"RP11-1055B8.7",6,0,19,25,24,6
"RP11-105N14.1",6,0,10,16,37.5,6
"RP11-109L13.5",6,0,14,20,30,6
"RP11-10N23.5",6,1,14,21,28.5714285714286,7
"RP11-1275H24.1",6,1,11,18,33.3333333333333,7
"RP11-1275H24.2",6,1,11,18,33.3333333333333,7
"RP11-1275H24.3",6,1,11,18,33.3333333333333,7
"RP11-127B20.3",6,0,7,13,46.1538461538462,6
"RP11-137H2.4",6,0,5,11,54.5454545454545,6
"RP11-148K1.10",6,0,11,17,35.2941176470588,6
"RP11-148O21.2",6,1,25,32,18.75,7
"RP11-148O21.3",6,2,27,35,17.1428571428571,8
"RP11-148O21.4",6,1,25,32,18.75,7
"RP11-148O21.6",6,2,27,35,17.1428571428571,8
"RP11-152H18.3",6,0,12,18,33.3333333333333,6
"RP11-158M2.6",6,0,12,18,33.3333333333333,6
"RP11-162J8.3",6,0,14,20,30,6
"RP11-203J24.8",6,0,1,7,85.7142857142857,6
"RP11-216L13.18",6,1,6,13,46.1538461538462,7
"RP11-216L13.19",6,1,6,13,46.1538461538462,7
"RP11-216N14.8",6,0,14,20,30,6
"RP11-216N14.9",6,0,14,20,30,6
"RP11-230C9.2",6,0,7,13,46.1538461538462,6
"RP11-230C9.3",6,0,7,13,46.1538461538462,6
"RP11-230C9.4",6,0,7,13,46.1538461538462,6
"RP11-268P4.4",6,0,9,15,40,6
"RP11-290L1.2",6,0,18,24,25,6
"RP11-290L1.3",6,0,18,24,25,6
"RP11-299G20.2",6,0,14,20,30,6
"RP11-304L19.5",6,0,5,11,54.5454545454545,6
"RP11-307C12.11",6,0,2,8,75,6
"RP11-338E21.1",6,0,20,26,23.0769230769231,6
"RP11-358B23.1",6,0,9,15,40,6
"RP11-379H18.1",6,0,11,17,35.2941176470588,6
"RP11-37B2.1",6,0,19,25,24,6
"RP11-388M20.6",6,0,21,27,22.2222222222222,6
"RP11-393M11.2",6,0,10,16,37.5,6
"RP11-396C23.4",6,0,10,16,37.5,6
"RP11-398C13.6",6,0,10,16,37.5,6
"RP11-404E16.1",6,0,17,23,26.0869565217391,6
"RP11-428F8.2",6,1,7,14,42.8571428571429,7
"RP11-431M7.3",6,0,12,18,33.3333333333333,6
"RP11-436I24.1",6,0,4,10,60,6
"RP11-439C15.4",6,0,3,9,66.6666666666667,6
"RP11-439C15.5",6,0,3,9,66.6666666666667,6
"RP11-440G5.2",6,0,11,17,35.2941176470588,6
"RP11-44N21.4",6,0,7,13,46.1538461538462,6
"RP11-452H21.2",6,0,13,19,31.5789473684211,6
"RP11-455J20.3",6,0,8,14,42.8571428571429,6
"RP11-463C8.4",6,0,8,14,42.8571428571429,6
"RP11-468E2.2",6,0,21,27,22.2222222222222,6
"RP11-474P2.2",6,0,6,12,50,6
"RP11-481C4.1",6,0,20,26,23.0769230769231,6
"RP11-485O10.3",6,0,15,21,28.5714285714286,6
"RP11-496B10.3",6,0,29,35,17.1428571428571,6
"RP11-517P14.2",6,0,7,13,46.1538461538462,6
"RP11-539L10.2",6,0,5,11,54.5454545454545,6
"RP11-574K11.8",6,0,7,13,46.1538461538462,6
"RP11-57H14.2",6,1,20,27,22.2222222222222,7
"RP11-580I16.2",6,0,9,15,40,6
"RP11-582J16.5",6,0,9,15,40,6
"RP11-58E21.5",6,0,15,21,28.5714285714286,6
"RP11-58E21.7",6,0,15,21,28.5714285714286,6
"RP11-603J24.4",6,0,15,21,28.5714285714286,6
"RP11-61E11.2",6,0,13,19,31.5789473684211,6
"RP11-631N16.2",6,0,17,23,26.0869565217391,6
"RP11-656E20.5",6,0,9,15,40,6
"RP11-688I9.2",6,0,11,17,35.2941176470588,6
"RP11-728F11.3",6,0,14,20,30,6
"RP11-745O10.2",6,1,7,14,42.8571428571429,7
"RP11-779O18.1",6,0,6,12,50,6
"RP11-798M19.3",6,1,22,29,20.6896551724138,7
"RP11-799D4.4",6,0,14,20,30,6
"RP11-7N14.1",6,0,14,20,30,6
"RP11-831H9.11",6,0,6,12,50,6
"RP11-93B14.5",6,0,2,8,75,6
"RP11-968A15.2",6,0,7,13,46.1538461538462,6
"RP11-96H19.1",6,0,6,12,50,6
"RP11-977G19.14",6,0,11,17,35.2941176470588,6
"RP13-650J16.1",6,0,11,17,35.2941176470588,6
"RP13-766D20.1",6,0,13,19,31.5789473684211,6
"RP3-323N1.2",6,0,19,25,24,6
"RP3-416J7.5",6,0,10,16,37.5,6
"RP3-522P13.1",6,0,10,16,37.5,6
"RP3-522P13.3",6,0,10,16,37.5,6
"RP4-706G24.1",6,0,10,16,37.5,6
"RP5-864K19.4",6,0,12,18,33.3333333333333,6
"RP5-882O7.4",6,0,8,14,42.8571428571429,6
"RP5-968P14.2",6,0,6,12,50,6
"RPAP3",6,1,11,18,33.3333333333333,7
"RPE",6,0,12,18,33.3333333333333,6
"RPIA",6,0,20,26,23.0769230769231,6
"RPS18",6,0,2,8,75,6
"RPS26",6,0,15,21,28.5714285714286,6
"RRAGC",6,0,12,18,33.3333333333333,6
"RTN4",6,0,17,23,26.0869565217391,6
"RYBP",6,0,14,20,30,6
"S100A1",6,0,9,15,40,6
"S100A13",6,0,9,15,40,6
"S100P",6,0,5,11,54.5454545454545,6
"SAMD10",6,0,3,9,66.6666666666667,6
"SDE2",6,0,16,22,27.2727272727273,6
"SEC31A",6,0,8,14,42.8571428571429,6
"SECISBP2",6,0,12,18,33.3333333333333,6
"SECTM1",6,0,13,19,31.5789473684211,6
"SEMA4D",6,0,11,17,35.2941176470588,6
"SEPT7",6,0,11,17,35.2941176470588,6
"SERINC5",6,0,4,10,60,6
"SETD5",6,1,17,24,25,7
"SETD5-AS1",6,1,17,24,25,7
"SGSM2",6,1,2,9,66.6666666666667,7
"SH2D4B",6,0,5,11,54.5454545454545,6
"SH3PXD2A",6,0,27,33,18.1818181818182,6
"SIK3",6,0,16,22,27.2727272727273,6
"SIPA1L1",6,0,25,31,19.3548387096774,6
"SLC22A18",6,0,5,11,54.5454545454545,6
"SLC26A10",6,0,12,18,33.3333333333333,6
"SLC38A2",6,0,6,12,50,6
"SLC41A2",6,0,11,17,35.2941176470588,6
"SLC43A2",6,0,4,10,60,6
"SLC45A1",6,0,13,19,31.5789473684211,6
"SLC6A3",6,0,5,11,54.5454545454545,6
"SLC9A2",6,0,4,10,60,6
"SLCO4A1",6,0,2,8,75,6
"SLFN12L",6,0,15,21,28.5714285714286,6
"SLFN5",6,0,14,20,30,6
"SNORA17.1",6,0,10,16,37.5,6
"SNORA19.1",6,0,10,16,37.5,6
"SNORA37",6,1,15,22,27.2727272727273,7
"SNORA38",6,0,2,8,75,6
"SNORA53",6,0,19,25,24,6
"SNORA57",6,0,6,12,50,6
"SNORA64.4",6,0,10,16,37.5,6
"SNORD42A",6,0,6,12,50,6
"SNORD4A",6,0,8,14,42.8571428571429,6
"SNORD4B",6,0,6,12,50,6
"SNORD56B",6,0,21,27,22.2222222222222,6
"SNORD60",6,0,5,11,54.5454545454545,6
"snoU13.146",6,0,12,18,33.3333333333333,6
"snoU13.169",6,0,6,12,50,6
"snoU13.171",6,0,8,14,42.8571428571429,6
"snoU13.240",6,0,12,18,33.3333333333333,6
"snoU13.256",6,0,11,17,35.2941176470588,6
"snoU13.31",6,0,8,14,42.8571428571429,6
"snoU13.378",6,0,3,9,66.6666666666667,6
"snoU13.398",6,1,26,33,18.1818181818182,7
"snoU13.77",6,0,17,23,26.0869565217391,6
"SNRNP27",6,1,14,21,28.5714285714286,7
"SNRPA1",6,0,14,20,30,6
"SNX27",6,0,17,23,26.0869565217391,6
"SOCS2",6,0,11,17,35.2941176470588,6
"SOCS2-AS1",6,0,11,17,35.2941176470588,6
"SOST",6,0,5,11,54.5454545454545,6
"SP110",6,0,15,21,28.5714285714286,6
"SP140",6,0,10,16,37.5,6
"SPAG9",6,0,12,18,33.3333333333333,6
"SPINK2",6,0,9,15,40,6
"SRMS",6,0,11,17,35.2941176470588,6
"SRP68",6,0,6,12,50,6
"SRP72",6,0,10,16,37.5,6
"STAT5B",6,1,5,12,50,7
"STAT6",6,0,13,19,31.5789473684211,6
"STK36",6,2,16,24,25,8
"STPG1",6,0,8,14,42.8571428571429,6
"STT3A",6,0,19,25,24,6
"STT3A-AS1",6,0,19,25,24,6
"SUCLG1",6,0,12,18,33.3333333333333,6
"SUCO",6,0,11,17,35.2941176470588,6
"SUV39H2",6,0,10,16,37.5,6
"SYTL3",6,0,13,19,31.5789473684211,6
"SZRD1",6,0,2,8,75,6
"TBC1D14",6,0,15,21,28.5714285714286,6
"TBC1D15",6,1,6,13,46.1538461538462,7
"TBC1D23",6,0,31,37,16.2162162162162,6
"TBP",6,1,23,30,20,7
"TCF7L2",6,1,20,27,22.2222222222222,7
"TCTEX1D4",6,0,7,13,46.1538461538462,6
"TDRD3",6,0,16,22,27.2727272727273,6
"TEP1",6,0,14,20,30,6
"TGOLN2",6,0,16,22,27.2727272727273,6
"THAP9",6,0,8,14,42.8571428571429,6
"THAP9-AS1",6,0,8,14,42.8571428571429,6
"TICAM2",6,1,24,31,19.3548387096774,7
"TINF2",6,0,19,25,24,6
"TLCD1",6,0,6,12,50,6
"TLDC1",6,0,6,12,50,6
"TLR9",6,1,7,14,42.8571428571429,7
"TMBIM6",6,0,8,14,42.8571428571429,6
"TMCC1",6,0,7,13,46.1538461538462,6
"TMCC1-AS1",6,0,7,13,46.1538461538462,6
"TMED7",6,2,21,29,20.6896551724138,8
"TMED7-TICAM2",6,1,19,26,23.0769230769231,7
"TMEM115",6,0,7,13,46.1538461538462,6
"TMEM131",6,0,7,13,46.1538461538462,6
"TMEM14E",6,0,11,17,35.2941176470588,6
"TMEM159",6,0,17,23,26.0869565217391,6
"TMEM254",6,0,6,12,50,6
"TMEM254-AS1",6,0,6,12,50,6
"TMEM30B",6,1,16,23,26.0869565217391,7
"TMEM39A",6,0,17,23,26.0869565217391,6
"TMEM8B",6,0,7,13,46.1538461538462,6
"TMF1",6,0,13,19,31.5789473684211,6
"TMSB10",6,0,7,13,46.1538461538462,6
"TNRC18",6,1,12,19,31.5789473684211,7
"TNRC6C",6,0,9,15,40,6
"TNRC6C-AS1",6,0,2,8,75,6
"TOMM6",6,0,9,15,40,6
"TOP1",6,0,9,15,40,6
"TOR1AIP2",6,0,6,12,50,6
"TP53BP2",6,0,9,15,40,6
"TPRG1",6,0,19,25,24,6
"TRAF1",6,0,13,19,31.5789473684211,6
"TRAF3IP2-AS1",6,1,19,26,23.0769230769231,7
"TRMT11",6,0,13,19,31.5789473684211,6
"TSNAXIP1",6,0,6,12,50,6
"TSPAN31",6,0,14,20,30,6
"TSR1",6,1,2,9,66.6666666666667,7
"TTC14",6,0,29,35,17.1428571428571,6
"TTC16",6,1,1,8,75,7
"TTC31",6,0,5,11,54.5454545454545,6
"TUT1",6,0,12,18,33.3333333333333,6
"TWF2",6,1,7,14,42.8571428571429,7
"U3.46",6,0,7,13,46.1538461538462,6
"U3.87",6,0,16,22,27.2727272727273,6
"UBALD2",6,0,10,16,37.5,6
"UBAP2L",6,0,9,15,40,6
"UBL3",6,0,4,10,60,6
"UBXN11",6,0,7,13,46.1538461538462,6
"UNC45B",6,0,10,16,37.5,6
"USP10",6,0,6,12,50,6
"USP35",6,0,13,19,31.5789473684211,6
"UTP11L",6,0,10,16,37.5,6
"VAMP8",6,0,6,12,50,6
"VAV3",6,0,5,11,54.5454545454545,6
"VAV3-AS1",6,0,5,11,54.5454545454545,6
"VHL",6,0,8,14,42.8571428571429,6
"VMP1",6,0,4,10,60,6
"VPS35",6,0,11,17,35.2941176470588,6
"VPS37C",6,0,1,7,85.7142857142857,6
"VWF",6,0,11,17,35.2941176470588,6
"WDR26",6,0,5,11,54.5454545454545,6
"WDR74",6,0,10,16,37.5,6
"WIPI1",6,0,7,13,46.1538461538462,6
"WRN",6,0,6,12,50,6
"WWOX",6,0,24,30,20,6
"Y_RNA.188",6,0,2,8,75,6
"Y_RNA.403",6,0,12,18,33.3333333333333,6
"Y_RNA.728",6,0,9,15,40,6
"ZACN",6,0,6,12,50,6
"ZC3H10",6,0,10,16,37.5,6
"ZDHHC16",6,0,2,8,75,6
"ZDHHC17",6,0,13,19,31.5789473684211,6
"ZDHHC7",6,0,7,13,46.1538461538462,6
"ZFR",6,0,20,26,23.0769230769231,6
"ZNF133",6,0,22,28,21.4285714285714,6
"ZNF189",6,1,25,32,18.75,7
"ZNF219",6,0,12,18,33.3333333333333,6
"ZNF32",6,1,14,21,28.5714285714286,7
"ZNF469",6,0,5,11,54.5454545454545,6
"ZNF48",6,0,6,12,50,6
"ZNF512B",6,0,3,9,66.6666666666667,6
"ZNF831",6,0,3,9,66.6666666666667,6
"ABHD4",5,0,5,10,50,5
"ABL1",5,0,10,15,33.3333333333333,5
"AC002117.1",5,0,7,12,41.6666666666667,5
"AC004221.2",5,0,4,9,55.5555555555556,5
"AC004231.2",5,0,15,20,25,5
"AC005618.1",5,0,6,11,45.4545454545455,5
"AC006042.7",5,0,20,25,20,5
"AC006369.2",5,0,5,10,50,5
"AC006372.1",5,0,28,33,15.1515151515152,5
"AC006483.1",5,0,6,11,45.4545454545455,5
"AC007401.2",5,0,0,5,100,5
"AC007879.5",5,0,11,16,31.25,5
"AC009121.1",5,0,17,22,22.7272727272727,5
"AC009133.15",5,0,11,16,31.25,5
"AC010609.1",5,1,12,18,27.7777777777778,6
"AC013436.6",5,0,9,14,35.7142857142857,5
"AC015923.1",5,0,14,19,26.3157894736842,5
"AC016575.1",5,0,10,15,33.3333333333333,5
"AC017006.2",5,0,10,15,33.3333333333333,5
"AC018470.1",5,4,41,50,10,9
"AC072062.1",5,0,22,27,18.5185185185185,5
"AC079305.10",5,0,19,24,20.8333333333333,5
"AC079922.3",5,0,10,15,33.3333333333333,5
"AC083862.1",5,0,9,14,35.7142857142857,5
"AC083949.1",5,0,21,26,19.2307692307692,5
"AC091132.2",5,0,1,6,83.3333333333333,5
"AC092171.2",5,1,5,11,45.4545454545455,6
"AC092675.4",5,0,6,11,45.4545454545455,5
"AC092811.1",5,0,8,13,38.4615384615385,5
"AC093620.5",5,1,5,11,45.4545454545455,6
"AC096649.2",5,0,11,16,31.25,5
"AC096670.3",5,1,8,14,35.7142857142857,6
"AC100791.2",5,1,20,26,19.2307692307692,6
"AC103686.1",5,0,11,16,31.25,5
"AC104667.3",5,0,2,7,71.4285714285714,5
"AC104695.4",5,0,4,9,55.5555555555556,5
"AC116366.5",5,0,8,13,38.4615384615385,5
"AC116366.6",5,0,9,14,35.7142857142857,5
"AC116533.1",5,0,21,26,19.2307692307692,5
"ACADSB",5,0,14,19,26.3157894736842,5
"ACAT2",5,0,20,25,20,5
"ACBD4",5,0,3,8,62.5,5
"ACTG2",5,0,16,21,23.8095238095238,5
"ACTR1A",5,0,9,14,35.7142857142857,5
"ACTR3",5,0,17,22,22.7272727272727,5
"ADAM10",5,0,19,24,20.8333333333333,5
"ADAMTSL4",5,0,11,16,31.25,5
"ADAMTSL4-AS1",5,0,11,16,31.25,5
"AK1",5,0,1,6,83.3333333333333,5
"AKAP12",5,0,10,15,33.3333333333333,5
"AL122015.1",5,0,12,17,29.4117647058824,5
"AL356356.1",5,0,11,16,31.25,5
"AL928654.1",5,0,3,8,62.5,5
"ALDH3A2",5,0,14,19,26.3157894736842,5
"ALLC",5,0,15,20,25,5
"ALOX15B",5,0,11,16,31.25,5
"ANAPC13",5,0,42,47,10.6382978723404,5
"AP000783.1",5,0,3,8,62.5,5
"AP000908.1",5,0,9,14,35.7142857142857,5
"AP001258.4",5,1,11,17,29.4117647058824,6
"AP001258.5",5,1,11,17,29.4117647058824,6
"AP001437.1",5,0,7,12,41.6666666666667,5
"AP2B1",5,0,9,14,35.7142857142857,5
"APH1B",5,0,13,18,27.7777777777778,5
"APIP",5,0,17,22,22.7272727272727,5
"APOBEC3B-AS1",5,0,4,9,55.5555555555556,5
"ARHGAP22",5,0,17,22,22.7272727272727,5
"ARHGAP27",5,0,1,6,83.3333333333333,5
"ARHGAP29",5,0,2,7,71.4285714285714,5
"ARHGAP31",5,0,12,17,29.4117647058824,5
"ARHGAP9",5,0,13,18,27.7777777777778,5
"ARID5B",5,1,19,25,20,6
"ARMC6",5,0,3,8,62.5,5
"ARPC2",5,0,11,16,31.25,5
"ASB2",5,0,5,10,50,5
"ATF2",5,0,11,16,31.25,5
"ATG13",5,1,11,17,29.4117647058824,6
"ATP13A1",5,1,25,31,16.1290322580645,6
"ATP13A4",5,0,28,33,15.1515151515152,5
"ATP1B3",5,0,10,15,33.3333333333333,5
"ATP5D",5,0,4,9,55.5555555555556,5
"ATP5E",5,0,8,13,38.4615384615385,5
"ATP6V1H",5,0,9,14,35.7142857142857,5
"ATXN1",5,0,15,20,25,5
"AVPR1B",5,0,5,10,50,5
"AXDND1",5,1,13,19,26.3157894736842,6
"B4GALNT1",5,0,3,8,62.5,5
"BAIAP2L1",5,0,6,11,45.4545454545455,5
"BARD1",5,0,22,27,18.5185185185185,5
"BAZ2A",5,1,12,18,27.7777777777778,6
"BCAN",5,0,14,19,26.3157894736842,5
"BCL2L11",5,1,8,14,35.7142857142857,6
"BCL6B",5,0,6,11,45.4545454545455,5
"BEST1",5,0,10,15,33.3333333333333,5
"BET1L",5,0,3,8,62.5,5
"BFSP1",5,0,7,12,41.6666666666667,5
"BLM",5,0,8,13,38.4615384615385,5
"BOD1",5,0,12,17,29.4117647058824,5
"BPHL",5,0,7,12,41.6666666666667,5
"BRWD1",5,0,11,16,31.25,5
"BX470187.1",5,0,4,9,55.5555555555556,5
"C10orf105",5,0,9,14,35.7142857142857,5
"C12orf5",5,0,4,9,55.5555555555556,5
"C12orf68",5,1,13,19,26.3157894736842,6
"C12orf77",5,0,4,9,55.5555555555556,5
"C14orf28",5,2,27,34,14.7058823529412,7
"C15orf48",5,1,17,23,21.7391304347826,6
"C15orf52",5,0,6,11,45.4545454545455,5
"C15orf56",5,0,8,13,38.4615384615385,5
"C16orf62",5,1,16,22,22.7272727272727,6
"C16orf98",5,0,19,24,20.8333333333333,5
"C17orf107",5,0,7,12,41.6666666666667,5
"C17orf96",5,0,5,10,50,5
"C19orf26",5,0,4,9,55.5555555555556,5
"C19orf40",5,0,4,9,55.5555555555556,5
"C1orf122",5,0,6,11,45.4545454545455,5
"C1orf145",5,1,10,16,31.25,6
"C20orf26",5,0,23,28,17.8571428571429,5
"C22orf24",5,0,5,10,50,5
"C4orf45",5,0,17,22,22.7272727272727,5
"C5orf49",5,0,18,23,21.7391304347826,5
"C5orf66",5,3,5,13,38.4615384615385,8
"C7orf33",5,0,17,22,22.7272727272727,5
"C7orf50",5,0,4,9,55.5555555555556,5
"C7orf60",5,0,16,21,23.8095238095238,5
"CA14",5,0,13,18,27.7777777777778,5
"CACYBP",5,0,9,14,35.7142857142857,5
"CAPG",5,0,13,18,27.7777777777778,5
"CASC1",5,0,3,8,62.5,5
"CASC10",5,0,19,24,20.8333333333333,5
"CBR4",5,1,19,25,20,6
"CBX5",5,0,11,16,31.25,5
"CCDC115",5,0,9,14,35.7142857142857,5
"CCDC163P",5,0,3,8,62.5,5
"CCDC182",5,0,7,12,41.6666666666667,5
"CCDC27",5,0,5,10,50,5
"CCDC42",5,0,13,18,27.7777777777778,5
"CCDC57",5,0,11,16,31.25,5
"CCDC66",5,1,11,17,29.4117647058824,6
"CCNL1",5,0,14,19,26.3157894736842,5
"CCT6B",5,0,10,15,33.3333333333333,5
"CD6",5,0,7,12,41.6666666666667,5
"CD63",5,0,7,12,41.6666666666667,5
"CD68",5,0,10,15,33.3333333333333,5
"CDCA3",5,0,9,14,35.7142857142857,5
"CDK11A",5,0,5,10,50,5
"CEND1",5,0,2,7,71.4285714285714,5
"CENPH",5,0,14,19,26.3157894736842,5
"CENPL",5,0,14,19,26.3157894736842,5
"CEP63",5,0,42,47,10.6382978723404,5
"CEP89",5,0,4,9,55.5555555555556,5
"CERS6",5,0,15,20,25,5
"CGN",5,0,20,25,20,5
"CHEK1",5,1,19,25,20,6
"CHRNB2",5,0,11,16,31.25,5
"CHRNE",5,0,7,12,41.6666666666667,5
"CIDECP",5,0,8,13,38.4615384615385,5
"CISD3",5,0,3,8,62.5,5
"CKAP2L",5,0,8,13,38.4615384615385,5
"CLDN7",5,0,15,20,25,5
"CLECL1",5,0,8,13,38.4615384615385,5
"CLN8",5,0,3,8,62.5,5
"CLRN3",5,0,20,25,20,5
"CLUHP3",5,0,12,17,29.4117647058824,5
"CLYBL",5,0,9,14,35.7142857142857,5
"CNGA3",5,0,6,11,45.4545454545455,5
"COG1",5,0,10,15,33.3333333333333,5
"COL17A1",5,0,16,21,23.8095238095238,5
"COMMD6",5,0,13,18,27.7777777777778,5
"COPS8P3",5,0,6,11,45.4545454545455,5
"CPSF2",5,0,17,22,22.7272727272727,5
"CREB1",5,0,11,16,31.25,5
"CRIM1",5,0,16,21,23.8095238095238,5
"CRNKL1",5,0,23,28,17.8571428571429,5
"CRTAM",5,0,8,13,38.4615384615385,5
"CRTC3",5,0,16,21,23.8095238095238,5
"CSAD",5,0,9,14,35.7142857142857,5
"CSNK1A1",5,0,8,13,38.4615384615385,5
"CSTF2T",5,1,6,12,41.6666666666667,6
"CSTF3",5,0,6,11,45.4545454545455,5
"CSTF3-AS1",5,0,6,11,45.4545454545455,5
"CTC-329D1.3",5,0,13,18,27.7777777777778,5
"CTC-459M5.1",5,1,7,13,38.4615384615385,6
"CTD-2140B24.4",5,1,41,47,10.6382978723404,6
"CTD-2223O18.1",5,0,11,16,31.25,5
"CTD-2313J17.1",5,0,6,11,45.4545454545455,5
"CTD-2325P2.3",5,0,20,25,20,5
"CTD-2325P2.4",5,0,15,20,25,5
"CTD-2336O2.1",5,0,3,8,62.5,5
"CTD-2358C21.4",5,0,12,17,29.4117647058824,5
"CTD-2376I20.1",5,0,8,13,38.4615384615385,5
"CTD-2562J15.6",5,0,2,7,71.4285714285714,5
"CTD-2631K10.1",5,0,17,22,22.7272727272727,5
"CTD-3080P12.3",5,0,16,21,23.8095238095238,5
"CTNNA1",5,0,7,12,41.6666666666667,5
"CTNND1",5,0,7,12,41.6666666666667,5
"CUL2",5,1,35,41,12.1951219512195,6
"CUTA",5,0,3,8,62.5,5
"CWC25",5,0,2,7,71.4285714285714,5
"CYB561A3",5,0,6,11,45.4545454545455,5
"CYFIP1",5,0,23,28,17.8571428571429,5
"DAK",5,0,6,11,45.4545454545455,5
"DARS2",5,0,14,19,26.3157894736842,5
"DCAF11",5,0,23,28,17.8571428571429,5
"DCAF8",5,0,4,9,55.5555555555556,5
"DCUN1D2",5,0,5,10,50,5
"DDB1",5,0,6,11,45.4545454545455,5
"DDIT4",5,0,8,13,38.4615384615385,5
"DEDD",5,0,8,13,38.4615384615385,5
"DEPDC4",5,2,22,29,17.2413793103448,7
"DHRS1",5,0,13,18,27.7777777777778,5
"DLD",5,0,13,18,27.7777777777778,5
"DLG2",5,0,11,16,31.25,5
"DLL1",5,0,11,16,31.25,5
"DNAJC10",5,0,22,27,18.5185185185185,5
"DOCK4",5,0,13,18,27.7777777777778,5
"DQX1",5,0,8,13,38.4615384615385,5
"DSTN",5,0,7,12,41.6666666666667,5
"DTWD1",5,0,12,17,29.4117647058824,5
"DVL1",5,0,5,10,50,5
"DYNC2H1",5,1,22,28,17.8571428571429,6
"DYRK1A",5,0,7,12,41.6666666666667,5
"DZIP3",5,0,12,17,29.4117647058824,5
"E2F3",5,0,22,27,18.5185185185185,5
"EGFL8",5,0,6,11,45.4545454545455,5
"EIF2AK1",5,0,7,12,41.6666666666667,5
"EIF4A1",5,0,10,15,33.3333333333333,5
"ELAVL3",5,0,3,8,62.5,5
"ELOVL5",5,0,15,20,25,5
"ELP5",5,0,15,20,25,5
"EMILIN2",5,0,5,10,50,5
"EML3",5,0,11,16,31.25,5
"EML4",5,0,21,26,19.2307692307692,5
"EMP1",5,0,11,16,31.25,5
"ENTPD3-AS1",5,0,23,28,17.8571428571429,5
"EP400",5,0,3,8,62.5,5
"EPC1",5,0,10,15,33.3333333333333,5
"EPS8L3",5,0,8,13,38.4615384615385,5
"ERCC3",5,1,13,19,26.3157894736842,6
"ESRP2",5,0,8,13,38.4615384615385,5
"ETS2",5,0,9,14,35.7142857142857,5
"EXOSC6",5,0,2,7,71.4285714285714,5
"EZH2",5,0,21,26,19.2307692307692,5
"FAF1",5,0,8,13,38.4615384615385,5
"FAF2",5,0,7,12,41.6666666666667,5
"FAM103A1",5,1,20,26,19.2307692307692,6
"FAM107A",5,0,11,16,31.25,5
"FAM111A",5,1,11,17,29.4117647058824,6
"FAM120B",5,0,11,16,31.25,5
"FAM133B",5,0,6,11,45.4545454545455,5
"FAM174B",5,0,6,11,45.4545454545455,5
"FAM208B",5,0,11,16,31.25,5
"FAM219B",5,0,9,14,35.7142857142857,5
"FAM227B",5,0,12,17,29.4117647058824,5
"FAM229B",5,0,11,16,31.25,5
"FAM49A",5,0,8,13,38.4615384615385,5
"FAM83F",5,0,7,12,41.6666666666667,5
"FANCD2",5,0,8,13,38.4615384615385,5
"FANK1",5,1,31,37,13.5135135135135,6
"FASTK",5,0,12,17,29.4117647058824,5
"FBRS",5,0,8,13,38.4615384615385,5
"FBXL18",5,0,7,12,41.6666666666667,5
"FBXL19",5,0,11,16,31.25,5
"FBXL19-AS1",5,0,11,16,31.25,5
"FBXO36",5,0,12,17,29.4117647058824,5
"FBXW2",5,0,7,12,41.6666666666667,5
"FDX1",5,0,9,14,35.7142857142857,5
"FGF11",5,0,14,19,26.3157894736842,5
"FHAD1",5,0,8,13,38.4615384615385,5
"FKBPL",5,0,6,11,45.4545454545455,5
"FLOT1",5,0,13,18,27.7777777777778,5
"FMOD",5,0,12,17,29.4117647058824,5
"FOXN2",5,0,13,18,27.7777777777778,5
"FPR3",5,1,22,28,17.8571428571429,6
"FSCN1",5,0,7,12,41.6666666666667,5
"FTSJ3",5,0,8,13,38.4615384615385,5
"GAK",5,0,7,12,41.6666666666667,5
"GALC",5,3,33,41,12.1951219512195,8
"GANAB",5,0,4,9,55.5555555555556,5
"GATAD2A",5,0,3,8,62.5,5
"GATM",5,1,19,25,20,6
"GBE1",5,0,11,16,31.25,5
"GCC1",5,0,2,7,71.4285714285714,5
"GDF11",5,0,7,12,41.6666666666667,5
"GEMIN5",5,0,15,20,25,5
"GGCT",5,0,8,13,38.4615384615385,5
"GHRLOS",5,0,12,17,29.4117647058824,5
"GJA8",5,0,11,16,31.25,5
"GLB1L2",5,0,15,20,25,5
"GLCCI1",5,0,20,25,20,5
"GLI1",5,0,11,16,31.25,5
"GLOD4",5,0,14,19,26.3157894736842,5
"GNAI3",5,0,12,17,29.4117647058824,5
"GNB5",5,0,15,20,25,5
"GOLT1A",5,0,11,16,31.25,5
"GORASP2",5,0,5,10,50,5
"GOT1",5,0,20,25,20,5
"GPD2",5,0,14,19,26.3157894736842,5
"GPR160",5,0,8,13,38.4615384615385,5
"GPR18",5,0,18,23,21.7391304347826,5
"GPR183",5,0,9,14,35.7142857142857,5
"GPR84",5,1,20,26,19.2307692307692,6
"GPR98",5,1,26,32,15.625,6
"GPS2",5,0,18,23,21.7391304347826,5
"GRB10",5,0,10,15,33.3333333333333,5
"GSG1L",5,2,19,26,19.2307692307692,7
"GSK3B",5,0,14,19,26.3157894736842,5
"GTF2E2",5,1,11,17,29.4117647058824,6
"GTF2IRD1",5,0,7,12,41.6666666666667,5
"GUF1",5,0,12,17,29.4117647058824,5
"H2AFX",5,0,15,20,25,5
"HAND1",5,2,47,54,9.25925925925926,7
"HAPLN2",5,0,16,21,23.8095238095238,5
"HARBI1",5,1,11,17,29.4117647058824,6
"HAUS3",5,0,8,13,38.4615384615385,5
"HCG23",5,0,9,14,35.7142857142857,5
"HEATR2",5,0,5,10,50,5
"HELQ",5,0,13,18,27.7777777777778,5
"HEXIM1",5,0,3,8,62.5,5
"HEXIM2",5,0,7,12,41.6666666666667,5
"HIST1H1PS1",5,2,28,35,14.2857142857143,7
"HIST1H2AB",5,1,26,32,15.625,6
"HIST1H2AH",5,2,36,43,11.6279069767442,7
"HIST1H2BK",5,2,36,43,11.6279069767442,7
"HIST1H3B",5,2,23,30,16.6666666666667,7
"HIST1H4D",5,2,28,35,14.2857142857143,7
"HIST1H4J",5,1,31,37,13.5135135135135,6
"HIST2H2AA3",5,0,22,27,18.5185185185185,5
"HIST2H2BD",5,0,22,27,18.5185185185185,5
"HIST4H4",5,0,7,12,41.6666666666667,5
"HIVEP1",5,0,18,23,21.7391304347826,5
"HMBS",5,0,15,20,25,5
"HMGB2P1",5,0,1,6,83.3333333333333,5
"HMGN1",5,0,12,17,29.4117647058824,5
"HN1",5,0,4,9,55.5555555555556,5
"HNRNPA1",5,0,11,16,31.25,5
"HNRNPC",5,0,6,11,45.4545454545455,5
"HOMER2",5,1,20,26,19.2307692307692,6
"HOXB6",5,0,13,18,27.7777777777778,5
"HRH3",5,0,3,8,62.5,5
"HS6ST1",5,0,9,14,35.7142857142857,5
"HSDL1",5,0,9,14,35.7142857142857,5
"HSPA9",5,0,12,17,29.4117647058824,5
"ICK",5,0,22,27,18.5185185185185,5
"ID3",5,0,4,9,55.5555555555556,5
"IER3",5,0,13,18,27.7777777777778,5
"IER5L",5,0,13,18,27.7777777777778,5
"IGFBPL1",5,0,5,10,50,5
"IGSF8",5,0,12,17,29.4117647058824,5
"IKZF5",5,0,14,19,26.3157894736842,5
"IL10",5,0,6,11,45.4545454545455,5
"IL18BP",5,0,1,6,83.3333333333333,5
"IL2RA",5,0,7,12,41.6666666666667,5
"IMP4",5,0,9,14,35.7142857142857,5
"INHBE",5,0,11,16,31.25,5
"IPO8",5,1,12,18,27.7777777777778,6
"IPO9",5,0,9,14,35.7142857142857,5
"IPO9-AS1",5,0,9,14,35.7142857142857,5
"ITGB7",5,0,9,14,35.7142857142857,5
"JAM3",5,0,16,21,23.8095238095238,5
"KAT6B",5,0,9,14,35.7142857142857,5
"KB-1043D8.6",5,0,5,10,50,5
"KB-1980E6.2",5,0,4,9,55.5555555555556,5
"KB-431C1.4",5,0,4,9,55.5555555555556,5
"KCNQ1",5,0,0,5,100,5
"KCNQ1-AS1",5,0,7,12,41.6666666666667,5
"KDM3B",5,0,9,14,35.7142857142857,5
"KDM8",5,0,7,12,41.6666666666667,5
"KIAA0319L",5,0,7,12,41.6666666666667,5
"KIAA0513",5,0,8,13,38.4615384615385,5
"KIAA1279",5,1,4,10,50,6
"KIAA1524",5,0,12,17,29.4117647058824,5
"KIAA1551",5,0,8,13,38.4615384615385,5
"KIAA1731",5,0,4,9,55.5555555555556,5
"KIF26A",5,0,11,16,31.25,5
"KIRREL",5,0,8,13,38.4615384615385,5
"KLF10",5,0,11,16,31.25,5
"KLF2",5,0,2,7,71.4285714285714,5
"KLF7",5,0,20,25,20,5
"KMO",5,0,4,9,55.5555555555556,5
"KRT12",5,0,12,17,29.4117647058824,5
"KRT18P34",5,0,14,19,26.3157894736842,5
"KRT20",5,0,15,20,25,5
"KRT23",5,0,14,19,26.3157894736842,5
"KRT71",5,0,14,19,26.3157894736842,5
"KRT84",5,0,13,18,27.7777777777778,5
"LARS2-AS1",5,0,12,17,29.4117647058824,5
"LCORL",5,0,19,24,20.8333333333333,5
"LEFTY2",5,0,13,18,27.7777777777778,5
"LEPRE1",5,0,4,9,55.5555555555556,5
"LHX1",5,3,25,33,15.1515151515152,8
"LIG3",5,0,10,15,33.3333333333333,5
"LIME1",5,0,6,11,45.4545454545455,5
"LINC01057",5,0,11,16,31.25,5
"LINC01137",5,0,6,11,45.4545454545455,5
"LLGL1",5,0,6,11,45.4545454545455,5
"LMNB1",5,1,25,31,16.1290322580645,6
"LRP1",5,0,13,18,27.7777777777778,5
"LRPPRC",5,0,9,14,35.7142857142857,5
"LRRC23",5,0,13,18,27.7777777777778,5
"LRRC31",5,0,4,9,55.5555555555556,5
"LRRC3C",5,0,3,8,62.5,5
"LRRK1",5,0,11,16,31.25,5
"LXN",5,0,7,12,41.6666666666667,5
"LYRM5",5,0,3,8,62.5,5
"LYRM9",5,0,16,21,23.8095238095238,5
"LYSMD3",5,1,26,32,15.625,6
"MAML1",5,0,2,7,71.4285714285714,5
"MAP2K3",5,0,9,14,35.7142857142857,5
"MAP4K4",5,0,9,14,35.7142857142857,5
"MAT2B",5,0,13,18,27.7777777777778,5
"MAZ",5,0,11,16,31.25,5
"MB21D2",5,0,8,13,38.4615384615385,5
"MCF2L",5,0,8,13,38.4615384615385,5
"MCF2L-AS1",5,0,5,10,50,5
"MCM3",5,0,16,21,23.8095238095238,5
"MCM4",5,0,9,14,35.7142857142857,5
"MED10",5,0,22,27,18.5185185185185,5
"MED28P1",5,1,4,10,50,6
"MED9",5,0,2,7,71.4285714285714,5
"MFSD1",5,0,4,9,55.5555555555556,5
"MFSD5",5,0,5,10,50,5
"MICU2",5,1,25,31,16.1290322580645,6
"MIDN",5,0,4,9,55.5555555555556,5
"MINK1",5,0,8,13,38.4615384615385,5
"MIR1236",5,0,1,6,83.3333333333333,5
"MIR127",5,0,6,11,45.4545454545455,5
"MIR1288",5,0,4,9,55.5555555555556,5
"MIR1289",5,0,7,12,41.6666666666667,5
"MIR129",5,0,29,34,14.7058823529412,5
"MIR136",5,0,6,11,45.4545454545455,5
"MIR1915",5,0,19,24,20.8333333333333,5
"MIR3143",5,2,36,43,11.6279069767442,7
"MIR337",5,0,6,11,45.4545454545455,5
"MIR4257",5,0,11,16,31.25,5
"MIR431",5,0,6,11,45.4545454545455,5
"MIR432",5,0,6,11,45.4545454545455,5
"MIR433",5,0,6,11,45.4545454545455,5
"MIR4646",5,0,5,10,50,5
"MIR4781",5,0,7,12,41.6666666666667,5
"MIR493",5,0,6,11,45.4545454545455,5
"MIR550A1",5,0,9,14,35.7142857142857,5
"MIR635",5,0,4,9,55.5555555555556,5
"MIR665",5,0,6,11,45.4545454545455,5
"MIR933",5,0,11,16,31.25,5
"MIR936",5,0,14,19,26.3157894736842,5
"MKNK1",5,0,4,9,55.5555555555556,5
"MMACHC",5,0,3,8,62.5,5
"MOB3C",5,0,4,9,55.5555555555556,5
"MOGAT2",5,0,8,13,38.4615384615385,5
"MPC1",5,0,18,23,21.7391304347826,5
"MPLKIP",5,0,11,16,31.25,5
"MRPL44",5,0,8,13,38.4615384615385,5
"MRPS18C",5,0,13,18,27.7777777777778,5
"MRPS23",5,0,6,11,45.4545454545455,5
"MRVI1-AS1",5,0,8,13,38.4615384615385,5
"MSI2",5,0,9,14,35.7142857142857,5
"MTA2",5,0,11,16,31.25,5
"MTF1",5,0,11,16,31.25,5
"MXRA8",5,0,5,10,50,5
"MYEOV",5,0,6,11,45.4545454545455,5
"MYNN",5,0,5,10,50,5
"MYO1E",5,0,19,24,20.8333333333333,5
"N4BP2L2",5,0,10,15,33.3333333333333,5
"NCAPG2",5,0,13,18,27.7777777777778,5
"NCDN",5,0,7,12,41.6666666666667,5
"NCOA5",5,0,9,14,35.7142857142857,5
"NCOR1",5,0,10,15,33.3333333333333,5
"NDUFB1",5,0,17,22,22.7272727272727,5
"NDUFB8P2",5,0,5,10,50,5
"NECAP2",5,0,3,8,62.5,5
"NEDD8-MDP1",5,0,16,21,23.8095238095238,5
"NEK2",5,0,5,10,50,5
"NEK7",5,1,3,9,55.5555555555556,6
"NFE2L2",5,0,19,24,20.8333333333333,5
"NGRN",5,0,10,15,33.3333333333333,5
"NIPAL3",5,0,8,13,38.4615384615385,5
"NOP9",5,0,14,19,26.3157894736842,5
"NPL",5,0,14,19,26.3157894736842,5
"NUMB",5,0,10,15,33.3333333333333,5
"NUP85",5,0,3,8,62.5,5
"OGFR",5,0,4,9,55.5555555555556,5
"OGFR-AS1",5,0,4,9,55.5555555555556,5
"OPA1",5,0,28,33,15.1515151515152,5
"OR13A1",5,0,7,12,41.6666666666667,5
"OR2T1",5,0,5,10,50,5
"OR5B21",5,1,12,18,27.7777777777778,6
"OXCT1",5,0,6,11,45.4545454545455,5
"OXCT1-AS1",5,0,6,11,45.4545454545455,5
"OXR1",5,0,5,10,50,5
"PA2G4",5,1,15,21,23.8095238095238,6
"PAICS",5,0,10,15,33.3333333333333,5
"PAK4",5,0,8,13,38.4615384615385,5
"PARP11",5,0,6,11,45.4545454545455,5
"PC",5,0,5,10,50,5
"PCBP2",5,0,1,6,83.3333333333333,5
"PCDHB10",5,2,10,17,29.4117647058824,7
"PCDHB9",5,2,10,17,29.4117647058824,7
"PCDHGA2",5,1,7,13,38.4615384615385,6
"PCDHGA7",5,4,7,16,31.25,9
"PCDHGB1",5,4,8,17,29.4117647058824,9
"PCMTD1",5,1,13,19,26.3157894736842,6
"PDIA6",5,0,15,20,25,5
"PEX12",5,0,9,14,35.7142857142857,5
"PEX19",5,0,9,14,35.7142857142857,5
"PGBD2",5,0,4,9,55.5555555555556,5
"PGM2",5,0,7,12,41.6666666666667,5
"PGS1",5,0,5,10,50,5
"PHF1",5,0,3,8,62.5,5
"PHGR1",5,0,6,11,45.4545454545455,5
"PIANP",5,0,6,11,45.4545454545455,5
"PICK1",5,0,8,13,38.4615384615385,5
"PIDD",5,0,3,8,62.5,5
"PIGC",5,0,6,11,45.4545454545455,5
"PIGO",5,0,5,10,50,5
"PITX1",5,3,5,13,38.4615384615385,8
"PKN2",5,1,9,15,33.3333333333333,6
"PLA2G15",5,0,8,13,38.4615384615385,5
"PLB1",5,0,4,9,55.5555555555556,5
"PLCD3",5,0,3,8,62.5,5
"PLCG1",5,0,8,13,38.4615384615385,5
"PLEKHG3",5,0,6,11,45.4545454545455,5
"PLEKHH2",5,0,4,9,55.5555555555556,5
"PLEKHM3",5,0,10,15,33.3333333333333,5
"PMF1",5,0,5,10,50,5
"PMF1-BGLAP",5,0,5,10,50,5
"POLM",5,0,13,18,27.7777777777778,5
"POLN",5,0,8,13,38.4615384615385,5
"POLR3C",5,0,13,18,27.7777777777778,5
"PPAPDC1B",5,0,27,32,15.625,5
"PPAT",5,0,10,15,33.3333333333333,5
"PPIG",5,0,9,14,35.7142857142857,5
"PPM1L",5,0,9,14,35.7142857142857,5
"PPP1R21",5,0,11,16,31.25,5
"PPP2CB",5,0,5,10,50,5
"PPP3R1",5,0,7,12,41.6666666666667,5
"PPT2",5,0,6,11,45.4545454545455,5
"PPT2-EGFL8",5,0,6,11,45.4545454545455,5
"PRDM11",5,0,9,14,35.7142857142857,5
"PRG2",5,0,9,14,35.7142857142857,5
"PRKAR1B",5,0,5,10,50,5
"PRKDC",5,0,9,14,35.7142857142857,5
"PRKRIR",5,0,4,9,55.5555555555556,5
"PRMT2",5,0,4,9,55.5555555555556,5
"PRMT3",5,4,14,23,21.7391304347826,9
"PRR13",5,0,1,6,83.3333333333333,5
"PRR14",5,0,9,14,35.7142857142857,5
"PRR5L",5,0,8,13,38.4615384615385,5
"PRRT1",5,0,6,11,45.4545454545455,5
"PRSS36",5,0,20,25,20,5
"PSMA7",5,0,6,11,45.4545454545455,5
"PSMB4",5,0,9,14,35.7142857142857,5
"PSMC5",5,0,8,13,38.4615384615385,5
"PSMD13",5,0,4,9,55.5555555555556,5
"PSMD6-AS2",5,0,17,22,22.7272727272727,5
"PSME2",5,0,17,22,22.7272727272727,5
"PTPRE",5,0,19,24,20.8333333333333,5
"PTPRS",5,0,2,7,71.4285714285714,5
"PUM1",5,0,7,12,41.6666666666667,5
"PUS1",5,0,3,8,62.5,5
"PXDC1",5,0,8,13,38.4615384615385,5
"PYCARD",5,0,19,24,20.8333333333333,5
"PYCR2",5,0,13,18,27.7777777777778,5
"R3HCC1L",5,0,5,10,50,5
"RAB11A",5,0,9,14,35.7142857142857,5
"RAB35",5,0,10,15,33.3333333333333,5
"RABGGTB",5,1,17,23,21.7391304347826,6
"RALGPS2",5,0,22,27,18.5185185185185,5
"RANBP10",5,0,5,10,50,5
"RARRES1",5,0,4,9,55.5555555555556,5
"RASGRP1",5,0,12,17,29.4117647058824,5
"RASSF1",5,0,5,10,50,5
"RBL2",5,0,16,21,23.8095238095238,5
"RBM26",5,2,19,26,19.2307692307692,7
"RBM26-AS1",5,2,19,26,19.2307692307692,7
"RBM45",5,0,6,11,45.4545454545455,5
"RBM47",5,0,6,11,45.4545454545455,5
"RBMS1",5,0,17,22,22.7272727272727,5
"RCAN3",5,0,5,10,50,5
"RCC2",5,0,5,10,50,5
"RDH10",5,2,13,20,25,7
"RDH5",5,0,7,12,41.6666666666667,5
"RFC3",5,0,16,21,23.8095238095238,5
"RFFL",5,0,7,12,41.6666666666667,5
"RGS1",5,0,3,8,62.5,5
"RGS2",5,0,8,13,38.4615384615385,5
"RIC8A",5,0,3,8,62.5,5
"RMI2",5,0,18,23,21.7391304347826,5
"RN7SL374P",5,1,13,19,26.3157894736842,6
"RN7SL440P",5,0,2,7,71.4285714285714,5
"RN7SL473P",5,0,11,16,31.25,5
"RN7SL600P",5,0,11,16,31.25,5
"RN7SL784P",5,0,7,12,41.6666666666667,5
"RN7SL805P",5,0,2,7,71.4285714285714,5
"RNA5SP392",5,0,6,11,45.4545454545455,5
"RNA5SP440",5,0,3,8,62.5,5
"RNASE13",5,0,7,12,41.6666666666667,5
"RNASET2",5,0,19,24,20.8333333333333,5
"RNF115",5,0,13,18,27.7777777777778,5
"RNF121",5,0,2,7,71.4285714285714,5
"RNF141",5,0,8,13,38.4615384615385,5
"RNF149",5,0,13,18,27.7777777777778,5
"RNF157",5,0,6,11,45.4545454545455,5
"RNMTL1",5,0,14,19,26.3157894736842,5
"RNU1-109P",5,0,5,10,50,5
"RNU1-73P",5,0,13,18,27.7777777777778,5
"RNU1-91P",5,0,8,13,38.4615384615385,5
"RNU4-28P",5,0,11,16,31.25,5
"RNU6-1083P",5,0,6,11,45.4545454545455,5
"RNU6-1107P",5,0,18,23,21.7391304347826,5
"RNU6-1123P",5,0,5,10,50,5
"RNU6-213P",5,0,13,18,27.7777777777778,5
"RNU6-242P",5,0,7,12,41.6666666666667,5
"RNU6-252P",5,0,4,9,55.5555555555556,5
"RNU6-308P",5,0,2,7,71.4285714285714,5
"RNU6-311P",5,0,6,11,45.4545454545455,5
"RNU6-346P",5,1,3,9,55.5555555555556,6
"RNU6-786P",5,0,6,11,45.4545454545455,5
"RNU6-793P",5,0,6,11,45.4545454545455,5
"RNU6-805P",5,0,8,13,38.4615384615385,5
"RNU6-840P",5,0,11,16,31.25,5
"RNU6-933P",5,0,4,9,55.5555555555556,5
"RNU6ATAC18P",5,0,9,14,35.7142857142857,5
"RNU7-117P",5,0,7,12,41.6666666666667,5
"RNU7-151P",5,0,14,19,26.3157894736842,5
"RNU7-18P",5,0,5,10,50,5
"RNU7-26P",5,1,23,29,17.2413793103448,6
"RNY4P17",5,1,19,25,20,6
"RP1-111D6.3",5,0,13,18,27.7777777777778,5
"RP1-12G14.6",5,0,17,22,22.7272727272727,5
"RP1-151F17.1",5,0,15,20,25,5
"RP1-168L15.5",5,0,18,23,21.7391304347826,5
"RP1-1J6.2",5,0,8,13,38.4615384615385,5
"RP1-272L16.1",5,0,11,16,31.25,5
"RP1-283E3.4",5,0,5,10,50,5
"RP1-283E3.8",5,0,5,10,50,5
"RP1-3J17.3",5,0,17,22,22.7272727272727,5
"RP1-4G17.5",5,0,15,20,25,5
"RP1-50O24.6",5,0,4,9,55.5555555555556,5
"RP1-66C13.4",5,0,16,21,23.8095238095238,5
"RP11-104H15.10",5,0,14,19,26.3157894736842,5
"RP11-104H15.8",5,0,14,19,26.3157894736842,5
"RP11-104H15.9",5,0,14,19,26.3157894736842,5
"RP11-109P14.10",5,0,11,16,31.25,5
"RP11-110G21.1",5,1,13,19,26.3157894736842,6
"RP11-110G21.2",5,1,13,19,26.3157894736842,6
"RP11-111M22.2",5,0,4,9,55.5555555555556,5
"RP11-120K24.3",5,0,5,10,50,5
"RP11-122M14.1",5,0,5,10,50,5
"RP11-133N21.12",5,0,3,8,62.5,5
"RP11-141B14.1",5,0,17,22,22.7272727272727,5
"RP11-148K1.12",5,0,12,17,29.4117647058824,5
"RP11-152H18.4",5,0,10,15,33.3333333333333,5
"RP11-162D16.2",5,0,5,10,50,5
"RP11-16N11.2",5,0,9,14,35.7142857142857,5
"RP11-174G6.5",5,0,7,12,41.6666666666667,5
"RP11-175P19.2",5,0,28,33,15.1515151515152,5
"RP11-182N22.8",5,0,5,10,50,5
"RP11-186N15.3",5,0,7,12,41.6666666666667,5
"RP11-18H7.1",5,0,14,19,26.3157894736842,5
"RP11-191A15.4",5,0,10,15,33.3333333333333,5
"RP11-191L17.1",5,0,10,15,33.3333333333333,5
"RP11-203J24.9",5,0,1,6,83.3333333333333,5
"RP11-209D14.2",5,0,13,18,27.7777777777778,5
"RP11-239E10.2",5,0,6,11,45.4545454545455,5
"RP11-247A12.2",5,0,13,18,27.7777777777778,5
"RP11-247A12.8",5,0,13,18,27.7777777777778,5
"RP11-264F23.1",5,0,4,9,55.5555555555556,5
"RP11-27I1.4",5,0,7,12,41.6666666666667,5
"RP11-284F21.11",5,0,16,21,23.8095238095238,5
"RP11-288L9.4",5,0,9,14,35.7142857142857,5
"RP11-293M10.4",5,0,12,17,29.4117647058824,5
"RP11-293M10.5",5,0,12,17,29.4117647058824,5
"RP11-296I10.6",5,0,2,7,71.4285714285714,5
"RP11-29G8.3",5,0,13,18,27.7777777777778,5
"RP11-350N15.3",5,0,16,21,23.8095238095238,5
"RP11-352D3.2",5,0,7,12,41.6666666666667,5
"RP11-353N14.2",5,1,20,26,19.2307692307692,6
"RP11-379F4.4",5,0,4,9,55.5555555555556,5
"RP11-387D10.2",5,0,8,13,38.4615384615385,5
"RP11-387H17.4",5,0,3,8,62.5,5
"RP11-38J22.3",5,0,5,10,50,5
"RP11-394O4.3",5,0,5,10,50,5
"RP11-417L19.4",5,0,3,8,62.5,5
"RP11-420L9.2",5,0,8,13,38.4615384615385,5
"RP11-420L9.5",5,0,8,13,38.4615384615385,5
"RP11-428K3.1",5,0,22,27,18.5185185185185,5
"RP11-432J24.3",5,0,6,11,45.4545454545455,5
"RP11-434D11.4",5,1,25,31,16.1290322580645,6
"RP11-435P24.2",5,0,12,17,29.4117647058824,5
"RP11-442H21.2",5,0,8,13,38.4615384615385,5
"RP11-445F12.1",5,3,25,33,15.1515151515152,8
"RP11-468E2.4",5,0,17,22,22.7272727272727,5
"RP11-474G23.1",5,0,7,12,41.6666666666667,5
"RP11-478C1.7",5,0,3,8,62.5,5
"RP11-483A20.3",5,1,19,25,20,6
"RP11-485G7.5",5,0,17,22,22.7272727272727,5
"RP11-485G7.6",5,0,17,22,22.7272727272727,5
"RP11-490M8.1",5,0,16,21,23.8095238095238,5
"RP11-503E24.2",5,0,9,14,35.7142857142857,5
"RP11-514O12.4",5,0,19,24,20.8333333333333,5
"RP11-54A4.2",5,0,11,16,31.25,5
"RP11-555M1.3",5,0,14,19,26.3157894736842,5
"RP11-571M6.17",5,0,6,11,45.4545454545455,5
"RP11-603J24.6",5,1,12,18,27.7777777777778,6
"RP11-603J24.9",5,0,7,12,41.6666666666667,5
"RP11-629O1.2",5,0,7,12,41.6666666666667,5
"RP11-644F5.11",5,0,7,12,41.6666666666667,5
"RP11-644F5.12",5,0,7,12,41.6666666666667,5
"RP11-649A18.7",5,0,4,9,55.5555555555556,5
"RP11-661D19.3",5,0,8,13,38.4615384615385,5
"RP11-66B24.4",5,0,11,16,31.25,5
"RP11-689J19.1",5,0,6,11,45.4545454545455,5
"RP11-69L16.4",5,0,9,14,35.7142857142857,5
"RP11-6D1.3",5,0,11,16,31.25,5
"RP11-744N12.3",5,0,11,16,31.25,5
"RP11-74C1.4",5,0,17,22,22.7272727272727,5
"RP11-76N22.2",5,1,9,15,33.3333333333333,6
"RP11-77H9.8",5,0,15,20,25,5
"RP11-793H13.8",5,0,1,6,83.3333333333333,5
"RP11-831H9.3",5,0,11,16,31.25,5
"RP11-849H4.4",5,0,5,10,50,5
"RP11-857B24.1",5,2,27,34,14.7058823529412,7
"RP11-867G23.10",5,0,3,8,62.5,5
"RP11-890B15.2",5,0,12,17,29.4117647058824,5
"RP11-968A15.8",5,0,11,16,31.25,5
"RP11-96D1.11",5,0,8,13,38.4615384615385,5
"RP11-96D1.6",5,0,8,13,38.4615384615385,5
"RP11-998D10.1",5,0,7,12,41.6666666666667,5
"RP11-998D10.5",5,0,4,9,55.5555555555556,5
"RP13-512J5.1",5,0,19,24,20.8333333333333,5
"RP13-516M14.2",5,0,11,16,31.25,5
"RP13-890H12.2",5,0,7,12,41.6666666666667,5
"RP3-416H24.4",5,0,13,18,27.7777777777778,5
"RP3-467K16.7",5,0,5,10,50,5
"RP3-483K16.4",5,0,15,20,25,5
"RP4-559A3.6",5,0,13,18,27.7777777777778,5
"RP4-559A3.7",5,0,13,18,27.7777777777778,5
"RP4-583P15.14",5,0,6,11,45.4545454545455,5
"RP4-612B15.3",5,1,13,19,26.3157894736842,6
"RP4-728D4.2",5,0,7,12,41.6666666666667,5
"RP4-790G17.7",5,0,13,18,27.7777777777778,5
"RP5-1011O1.2",5,0,4,9,55.5555555555556,5
"RP5-1022P6.5",5,0,7,12,41.6666666666667,5
"RP5-1029K10.4",5,0,3,8,62.5,5
"RP5-1092A11.5",5,0,5,10,50,5
"RP5-882C2.2",5,0,4,9,55.5555555555556,5
"RPL13P5",5,0,12,17,29.4117647058824,5
"RPL14",5,0,23,28,17.8571428571429,5
"RPL21P2",5,0,7,12,41.6666666666667,5
"RPL31P28",5,0,15,20,25,5
"RPL7",5,2,13,20,25,7
"RPLP0",5,0,11,16,31.25,5
"RPS13",5,0,21,26,19.2307692307692,5
"RPS14",5,0,8,13,38.4615384615385,5
"RPS18P1",5,0,7,12,41.6666666666667,5
"RPS4XP13",5,0,6,11,45.4545454545455,5
"RPS6KA1",5,0,6,11,45.4545454545455,5
"RPS6KB1",5,0,5,10,50,5
"RRBP1",5,0,15,20,25,5
"RREB1",5,0,3,8,62.5,5
"RRM2B",5,0,4,9,55.5555555555556,5
"RTL1",5,0,6,11,45.4545454545455,5
"SCRN2",5,0,8,13,38.4615384615385,5
"SCYL2",5,2,22,29,17.2413793103448,7
"SDAD1",5,0,9,14,35.7142857142857,5
"SDC3",5,0,4,9,55.5555555555556,5
"SERP1",5,0,20,25,20,5
"SERPINB6",5,0,2,7,71.4285714285714,5
"SFPQ",5,0,19,24,20.8333333333333,5
"SGK1",5,0,7,12,41.6666666666667,5
"SH2D6",5,0,13,18,27.7777777777778,5
"SH3GLB1",5,1,13,19,26.3157894736842,6
"SIAE",5,0,11,16,31.25,5
"SIRT3",5,0,4,9,55.5555555555556,5
"SLAMF7",5,0,12,17,29.4117647058824,5
"SLC16A3",5,0,11,16,31.25,5
"SLC18B1",5,0,11,16,31.25,5
"SLC20A1",5,0,10,15,33.3333333333333,5
"SLC20A2",5,0,9,14,35.7142857142857,5
"SLC25A22",5,0,2,7,71.4285714285714,5
"SLC25A51",5,0,14,19,26.3157894736842,5
"SLC27A3",5,0,7,12,41.6666666666667,5
"SLC29A3",5,0,12,17,29.4117647058824,5
"SLC2A4RG",5,0,6,11,45.4545454545455,5
"SLC35E2",5,0,5,10,50,5
"SLC36A1",5,0,3,8,62.5,5
"SLC36A4",5,0,7,12,41.6666666666667,5
"SLC3A2",5,0,8,13,38.4615384615385,5
"SLC44A3",5,0,11,16,31.25,5
"SLC4A2",5,0,13,18,27.7777777777778,5
"SLC4A9",5,0,13,18,27.7777777777778,5
"SLC9A9-AS1",5,0,8,13,38.4615384615385,5
"SLIT1",5,0,5,10,50,5
"SLMAP",5,1,12,18,27.7777777777778,6
"SMARCA5",5,0,8,13,38.4615384615385,5
"SMARCA5-AS1",5,0,8,13,38.4615384615385,5
"SMARCD2",5,0,2,7,71.4285714285714,5
"SMG9",5,0,11,16,31.25,5
"SMIM19",5,0,9,14,35.7142857142857,5
"SMTNL1",5,0,2,7,71.4285714285714,5
"SMUG1",5,5,15,25,20,10
"SNHG1",5,0,10,15,33.3333333333333,5
"SNORA18.1",5,0,8,13,38.4615384615385,5
"SNORA19",5,0,8,13,38.4615384615385,5
"SNORA30",5,0,8,13,38.4615384615385,5
"SNORA31.12",5,0,14,19,26.3157894736842,5
"SNORA41",5,0,14,19,26.3157894736842,5
"SNORA42.1",5,0,4,9,55.5555555555556,5
"SNORA44.1",5,0,20,25,20,5
"SNORA46",5,0,22,27,18.5185185185185,5
"SNORA48",5,0,10,15,33.3333333333333,5
"SNORA67",5,0,10,15,33.3333333333333,5
"SNORA73.6",5,1,18,24,20.8333333333333,6
"SNORA80B",5,0,15,20,25,5
"SNORD10",5,0,10,15,33.3333333333333,5
"SNORD12",5,0,4,9,55.5555555555556,5
"SNORD126",5,0,15,20,25,5
"SNORD12B",5,0,4,9,55.5555555555556,5
"SNORD14A",5,0,21,26,19.2307692307692,5
"SNORD14B",5,0,21,26,19.2307692307692,5
"SNORD63",5,0,8,13,38.4615384615385,5
"SNORD63.1",5,0,8,13,38.4615384615385,5
"SNORD8",5,0,6,11,45.4545454545455,5
"SNORD9",5,0,6,11,45.4545454545455,5
"snoU13.114",5,0,13,18,27.7777777777778,5
"snoU13.183",5,0,10,15,33.3333333333333,5
"snoU13.270",5,0,9,14,35.7142857142857,5
"snoU13.303",5,0,12,17,29.4117647058824,5
"snoU13.51",5,0,2,7,71.4285714285714,5
"snoU13.63",5,0,14,19,26.3157894736842,5
"SNRPE",5,0,8,13,38.4615384615385,5
"SNRPGP7",5,0,4,9,55.5555555555556,5
"SNX24",5,0,10,15,33.3333333333333,5
"SOD2",5,0,18,23,21.7391304347826,5
"SORT1",5,0,18,23,21.7391304347826,5
"SOX4",5,0,18,23,21.7391304347826,5
"SP9",5,4,41,50,10,9
"SPA17",5,0,11,16,31.25,5
"SPATA5L1",5,1,18,24,20.8333333333333,6
"SPC24",5,0,3,8,62.5,5
"SPECC1",5,0,13,18,27.7777777777778,5
"SPRY2",5,0,11,16,31.25,5
"SPSB2",5,0,13,18,27.7777777777778,5
"SPTLC2",5,0,20,25,20,5
"SQLE",5,0,11,16,31.25,5
"SS18L1",5,0,6,11,45.4545454545455,5
"ST3GAL1",5,0,7,12,41.6666666666667,5
"ST6GALNAC6",5,0,1,6,83.3333333333333,5
"STAM2",5,0,15,20,25,5
"STARD4",5,1,7,13,38.4615384615385,6
"STARD4-AS1",5,1,7,13,38.4615384615385,6
"STK11",5,0,1,6,83.3333333333333,5
"STOML2",5,0,6,11,45.4545454545455,5
"STT3B",5,0,6,11,45.4545454545455,5
"SUGCT",5,0,11,16,31.25,5
"SUGP2",5,0,3,8,62.5,5
"SUMO2P19",5,0,4,9,55.5555555555556,5
"SYNGAP1",5,0,3,8,62.5,5
"TAB2",5,0,14,19,26.3157894736842,5
"TAF1C",5,0,7,12,41.6666666666667,5
"TAF1D",5,2,23,30,16.6666666666667,7
"TAF7",5,0,6,11,45.4545454545455,5
"TAGAP",5,0,11,16,31.25,5
"TAPBP",5,0,3,8,62.5,5
"TAS1R1",5,0,5,10,50,5
"TBCK",5,0,18,23,21.7391304347826,5
"TCEANC2",5,0,7,12,41.6666666666667,5
"TCOF1",5,0,5,10,50,5
"TEAD1",5,0,13,18,27.7777777777778,5
"TEX22",5,0,3,8,62.5,5
"TFAP2E",5,0,7,12,41.6666666666667,5
"TFRC",5,0,4,9,55.5555555555556,5
"TG",5,0,17,22,22.7272727272727,5
"TLR10",5,0,10,15,33.3333333333333,5
"TLR5",5,0,6,11,45.4545454545455,5
"TM7SF3",5,0,14,19,26.3157894736842,5
"TMCO3",5,0,5,10,50,5
"TMEM102",5,0,14,19,26.3157894736842,5
"TMEM119",5,0,1,6,83.3333333333333,5
"TMEM126B",5,0,11,16,31.25,5
"TMEM128",5,0,15,20,25,5
"TMEM130",5,1,15,21,23.8095238095238,6
"TMEM138",5,0,6,11,45.4545454545455,5
"TMEM140",5,0,9,14,35.7142857142857,5
"TMEM14A",5,0,11,16,31.25,5
"TMEM175",5,0,7,12,41.6666666666667,5
"TMEM218",5,0,11,16,31.25,5
"TMEM222",5,0,5,10,50,5
"TMEM246",5,1,29,35,14.2857142857143,6
"TMEM253",5,0,7,12,41.6666666666667,5
"TMEM55B",5,0,10,15,33.3333333333333,5
"TMEM59",5,0,7,12,41.6666666666667,5
"TMEM63A",5,0,5,10,50,5
"TMUB1",5,0,12,17,29.4117647058824,5
"TNFRSF10C",5,0,10,15,33.3333333333333,5
"TNPO1",5,0,17,22,22.7272727272727,5
"TNXB",5,0,8,13,38.4615384615385,5
"TPI1",5,0,12,17,29.4117647058824,5
"TPPP2",5,0,7,12,41.6666666666667,5
"TRAF3",5,0,8,13,38.4615384615385,5
"TRAF7",5,0,7,12,41.6666666666667,5
"TRERF1",5,0,6,11,45.4545454545455,5
"TRIB2",5,0,25,30,16.6666666666667,5
"TRIP12",5,0,12,17,29.4117647058824,5
"TRPM1",5,0,25,30,16.6666666666667,5
"TTC39C",5,0,2,7,71.4285714285714,5
"TUBD1",5,0,5,10,50,5
"TUBE1",5,0,11,16,31.25,5
"TUFT1",5,0,18,23,21.7391304347826,5
"U6.51",5,0,14,19,26.3157894736842,5
"UBAC2",5,0,10,15,33.3333333333333,5
"UBASH3B",5,0,4,9,55.5555555555556,5
"UBE2L6",5,0,6,11,45.4545454545455,5
"UBE2S",5,0,15,20,25,5
"UBE4B",5,0,6,11,45.4545454545455,5
"UBP1",5,0,12,17,29.4117647058824,5
"UBR5",5,0,4,9,55.5555555555556,5
"UBTF",5,0,4,9,55.5555555555556,5
"UCHL3",5,0,13,18,27.7777777777778,5
"UCKL1",5,0,1,6,83.3333333333333,5
"UPF1",5,0,4,9,55.5555555555556,5
"UQCRB",5,0,5,10,50,5
"USP1",5,0,19,24,20.8333333333333,5
"USP22",5,0,17,22,22.7272727272727,5
"USP28",5,0,11,16,31.25,5
"USP39",5,0,17,22,22.7272727272727,5
"USP7",5,0,15,20,25,5
"VDAC3",5,0,9,14,35.7142857142857,5
"WDFY1",5,0,8,13,38.4615384615385,5
"WIPF1",5,0,14,19,26.3157894736842,5
"WNT16",5,0,4,9,55.5555555555556,5
"XPNPEP1",5,0,24,29,17.2413793103448,5
"XXbac-BPG249D20.9",5,0,12,17,29.4117647058824,5
"XXbac-BPG252P9.10",5,0,13,18,27.7777777777778,5
"Y_RNA.331",5,0,19,24,20.8333333333333,5
"Y_RNA.379",5,0,15,20,25,5
"Y_RNA.418",5,0,9,14,35.7142857142857,5
"YIPF7",5,0,12,17,29.4117647058824,5
"YRDC",5,0,6,11,45.4545454545455,5
"YTHDC2",5,1,22,28,17.8571428571429,6
"YWHAH",5,0,5,10,50,5
"ZBTB22",5,0,3,8,62.5,5
"ZC3H12A",5,0,6,11,45.4545454545455,5
"ZCWPW1",5,0,9,14,35.7142857142857,5
"ZDHHC14",5,0,4,9,55.5555555555556,5
"ZGPAT",5,0,6,11,45.4545454545455,5
"ZHX3",5,0,6,11,45.4545454545455,5
"ZMYND10",5,0,5,10,50,5
"ZMYND10-AS1",5,0,5,10,50,5
"ZNF10",5,1,41,47,10.6382978723404,6
"ZNF155",5,0,43,48,10.4166666666667,5
"ZNF217",5,0,4,9,55.5555555555556,5
"ZNF233",5,1,41,47,10.6382978723404,6
"ZNF234",5,1,78,84,5.95238095238095,6
"ZNF268",5,1,41,47,10.6382978723404,6
"ZNF277",5,0,13,18,27.7777777777778,5
"ZNF280D",5,0,9,14,35.7142857142857,5
"ZNF32-AS1",5,1,4,10,50,6
"ZNF32-AS2",5,1,8,14,35.7142857142857,6
"ZNF345",5,5,51,61,8.19672131147541,10
"ZNF385A",5,1,15,21,23.8095238095238,6
"ZNF653",5,0,3,8,62.5,5
"ZNF720",5,0,12,17,29.4117647058824,5
"ZNF740",5,0,9,14,35.7142857142857,5
"ZNF771",5,0,6,11,45.4545454545455,5
"ZNF774",5,1,15,21,23.8095238095238,6
"ZNF790",5,5,51,61,8.19672131147541,10
"ZNF891",5,1,41,47,10.6382978723404,6
"ZNRF2",5,0,9,14,35.7142857142857,5
"A3GALT2",4,0,4,8,50,4
"AARS2",4,0,10,14,28.5714285714286,4
"ABCA17P",4,0,2,6,66.6666666666667,4
"ABCA3",4,0,2,6,66.6666666666667,4
"ABCD3",4,0,14,18,22.2222222222222,4
"ABCE1",4,0,24,28,14.2857142857143,4
"ABCF1",4,0,12,16,25,4
"ABHD17B",4,0,3,7,57.1428571428571,4
"ABHD2",4,0,6,10,40,4
"ABTB1",4,0,4,8,50,4
"ABTB2",4,0,18,22,18.1818181818182,4
"AC002310.13",4,0,3,7,57.1428571428571,4
"AC003075.4",4,0,12,16,25,4
"AC005481.5",4,0,9,13,30.7692307692308,4
"AC005546.2",4,1,5,10,40,5
"AC005789.11",4,0,5,9,44.4444444444444,4
"AC005932.1",4,0,4,8,50,4
"AC006372.6",4,0,10,14,28.5714285714286,4
"AC007228.11",4,0,31,35,11.4285714285714,4
"AC007246.3",4,0,17,21,19.047619047619,4
"AC007285.7",4,0,4,8,50,4
"AC007365.2",4,0,3,7,57.1428571428571,4
"AC008738.1",4,0,3,7,57.1428571428571,4
"AC009473.1",4,0,10,14,28.5714285714286,4
"AC009950.2",4,0,12,16,25,4
"AC009955.8",4,0,6,10,40,4
"AC010170.1",4,0,3,7,57.1428571428571,4
"AC010297.1",4,0,5,9,44.4444444444444,4
"AC010327.2",4,0,10,14,28.5714285714286,4
"AC012314.20",4,0,9,13,30.7692307692308,4
"AC012314.8",4,0,7,11,36.3636363636364,4
"AC012360.6",4,0,17,21,19.047619047619,4
"AC018755.1",4,2,20,26,15.3846153846154,6
"AC018755.16",4,2,20,26,15.3846153846154,6
"AC019201.1",4,0,25,29,13.7931034482759,4
"AC025171.1",4,0,4,8,50,4
"AC026954.6",4,0,19,23,17.3913043478261,4
"AC034228.2",4,0,5,9,44.4444444444444,4
"AC034228.3",4,0,5,9,44.4444444444444,4
"AC034243.1",4,0,4,8,50,4
"AC053503.6",4,0,14,18,22.2222222222222,4
"AC073283.7",4,0,1,5,80,4
"AC073342.1",4,0,13,17,23.5294117647059,4
"AC074289.1",4,0,8,12,33.3333333333333,4
"AC079612.1",4,0,8,12,33.3333333333333,4
"AC079807.2",4,0,12,16,25,4
"AC084082.3",4,1,4,9,44.4444444444444,5
"AC087294.2",4,0,4,8,50,4
"AC090617.1",4,0,2,6,66.6666666666667,4
"AC090627.1",4,1,11,16,25,5
"AC092687.4",4,0,12,16,25,4
"AC092964.1",4,0,11,15,26.6666666666667,4
"AC093391.2",4,0,3,7,57.1428571428571,4
"AC093673.5",4,0,14,18,22.2222222222222,4
"AC097495.2",4,0,7,11,36.3636363636364,4
"AC097658.1",4,0,9,13,30.7692307692308,4
"AC099344.1",4,0,7,11,36.3636363636364,4
"AC100832.1",4,0,3,7,57.1428571428571,4
"AC104076.3",4,0,13,17,23.5294117647059,4
"AC104794.4",4,0,11,15,26.6666666666667,4
"AC104801.1",4,1,23,28,14.2857142857143,5
"AC109925.1",4,0,13,17,23.5294117647059,4
"AC112198.2",4,0,5,9,44.4444444444444,4
"AC114760.1",4,0,2,6,66.6666666666667,4
"AC124057.5",4,0,0,4,100,4
"AC130689.5",4,0,2,6,66.6666666666667,4
"AC138123.1",4,0,1,5,80,4
"AC138123.2",4,0,1,5,80,4
"ACAD10",4,0,1,5,80,4
"ACADVL",4,0,9,13,30.7692307692308,4
"ACOX2",4,0,9,13,30.7692307692308,4
"ACOXL",4,0,5,9,44.4444444444444,4
"ACSBG2",4,0,6,10,40,4
"ACSL6",4,0,5,9,44.4444444444444,4
"ACTR1B",4,0,9,13,30.7692307692308,4
"ACTR3B",4,1,14,19,21.0526315789474,5
"ACTR6",4,2,17,23,17.3913043478261,6
"ACTRT3",4,0,7,11,36.3636363636364,4
"ACYP2",4,0,14,18,22.2222222222222,4
"ADAD2",4,0,8,12,33.3333333333333,4
"ADAM17",4,0,8,12,33.3333333333333,4
"ADC",4,0,11,15,26.6666666666667,4
"ADIPOQ",4,0,8,12,33.3333333333333,4
"ADIPOQ-AS1",4,0,6,10,40,4
"ADORA1",4,0,5,9,44.4444444444444,4
"ADPRHL2",4,0,4,8,50,4
"AEBP1",4,0,15,19,21.0526315789474,4
"AFF1",4,0,20,24,16.6666666666667,4
"AFTPH",4,0,12,16,25,4
"AGAP2-AS1",4,0,8,12,33.3333333333333,4
"AGBL2",4,0,6,10,40,4
"AGPAT4",4,0,9,13,30.7692307692308,4
"AGTRAP",4,0,10,14,28.5714285714286,4
"AHDC1",4,0,8,12,33.3333333333333,4
"AHNAK",4,0,7,11,36.3636363636364,4
"AHR",4,0,12,16,25,4
"AIM1L",4,0,6,10,40,4
"AIMP1",4,0,16,20,20,4
"AK2",4,0,11,15,26.6666666666667,4
"AKAP1",4,0,6,10,40,4
"AKR1E2",4,0,10,14,28.5714285714286,4
"AKT3",4,0,3,7,57.1428571428571,4
"AL118506.1",4,0,0,4,100,4
"AL121914.1",4,0,11,15,26.6666666666667,4
"AL133410.1",4,0,5,9,44.4444444444444,4
"AL138696.1",4,0,5,9,44.4444444444444,4
"AL158091.1",4,0,0,4,100,4
"AL162431.1",4,0,3,7,57.1428571428571,4
"AL162458.1",4,0,7,11,36.3636363636364,4
"AL355388.1",4,0,8,12,33.3333333333333,4
"AL357060.1",4,0,5,9,44.4444444444444,4
"AL513547.1",4,0,14,18,22.2222222222222,4
"AL590431.1",4,0,5,9,44.4444444444444,4
"AL662800.2",4,0,9,13,30.7692307692308,4
"AL672294.1",4,0,7,11,36.3636363636364,4
"ALG3",4,0,8,12,33.3333333333333,4
"ALMS1",4,0,7,11,36.3636363636364,4
"AMN1",4,0,7,11,36.3636363636364,4
"ANAPC10",4,0,24,28,14.2857142857143,4
"ANGEL1",4,0,4,8,50,4
"ANGEL2",4,0,6,10,40,4
"ANKRD34A",4,0,15,19,21.0526315789474,4
"ANKRD37",4,0,10,14,28.5714285714286,4
"ANKRD46",4,0,12,16,25,4
"ANP32A",4,0,1,5,80,4
"ANXA2R",4,0,4,8,50,4
"AOC1",4,0,6,10,40,4
"AP000640.2",4,1,13,18,22.2222222222222,5
"AP001187.1",4,0,1,5,80,4
"AP001816.1",4,0,7,11,36.3636363636364,4
"AP003774.4",4,0,6,10,40,4
"AP006285.6",4,1,8,13,30.7692307692308,5
"AP1AR",4,0,13,17,23.5294117647059,4
"AP3B2",4,1,5,10,40,5
"AP3M2",4,0,9,13,30.7692307692308,4
"AP3S2",4,0,4,8,50,4
"AP5M1",4,3,16,23,17.3913043478261,7
"APOA1-AS",4,0,5,9,44.4444444444444,4
"APOA4",4,0,5,9,44.4444444444444,4
"APOC3",4,0,5,9,44.4444444444444,4
"AQP10",4,0,3,7,57.1428571428571,4
"ARF4",4,0,6,10,40,4
"ARFGAP2",4,0,4,8,50,4
"ARFGEF1",4,1,8,13,30.7692307692308,5
"ARHGAP17",4,0,11,15,26.6666666666667,4
"ARL10",4,0,4,8,50,4
"ARL4C",4,0,14,18,22.2222222222222,4
"ARL5C",4,0,10,14,28.5714285714286,4
"ARMC1",4,0,5,9,44.4444444444444,4
"ARPC1A",4,0,15,19,21.0526315789474,4
"ARPC1B",4,0,11,15,26.6666666666667,4
"ARSG",4,0,3,7,57.1428571428571,4
"ARSK",4,0,18,22,18.1818181818182,4
"AS3MT",4,0,4,8,50,4
"ASF1A",4,1,11,16,25,5
"ATG10",4,0,6,10,40,4
"ATIC",4,0,12,16,25,4
"ATM",4,0,14,18,22.2222222222222,4
"ATP13A2",4,0,6,10,40,4
"ATP5G2",4,0,5,9,44.4444444444444,4
"ATP6V1D",4,0,9,13,30.7692307692308,4
"ATP6V1F",4,0,2,6,66.6666666666667,4
"ATP8B2",4,0,3,7,57.1428571428571,4
"ATRIP",4,0,9,13,30.7692307692308,4
"ATXN1L",4,0,9,13,30.7692307692308,4
"ATXN7",4,0,13,17,23.5294117647059,4
"ATXN7L1",4,0,12,16,25,4
"B3GAT3",4,0,3,7,57.1428571428571,4
"B4GALT4",4,0,10,14,28.5714285714286,4
"BACH2",4,0,27,31,12.9032258064516,4
"BAD",4,0,1,5,80,4
"BAI2",4,0,2,6,66.6666666666667,4
"BAK1",4,0,9,13,30.7692307692308,4
"BATF",4,0,8,12,33.3333333333333,4
"BATF3",4,0,6,10,40,4
"BCAT1",4,0,7,11,36.3636363636364,4
"BCDIN3D",4,0,6,10,40,4
"BEND6",4,0,11,15,26.6666666666667,4
"BIRC6",4,0,14,18,22.2222222222222,4
"BMP1",4,0,1,5,80,4
"BRAP",4,0,1,5,80,4
"BRD3",4,0,3,7,57.1428571428571,4
"BRICD5",4,0,3,7,57.1428571428571,4
"BSN",4,0,7,11,36.3636363636364,4
"BTAF1",4,0,12,16,25,4
"BTG1",4,0,18,22,18.1818181818182,4
"BUD31",4,0,13,17,23.5294117647059,4
"C10orf54",4,0,11,15,26.6666666666667,4
"C12orf4",4,0,4,8,50,4
"C12orf45",4,0,3,7,57.1428571428571,4
"C12orf79",4,0,18,22,18.1818181818182,4
"C14orf166B",4,0,4,8,50,4
"C15orf38",4,0,4,8,50,4
"C15orf38-AP3S2",4,0,4,8,50,4
"C17orf62",4,0,5,9,44.4444444444444,4
"C17orf80",4,0,4,8,50,4
"C19orf12",4,0,8,12,33.3333333333333,4
"C1orf105",4,0,4,8,50,4
"C1orf134",4,0,0,4,100,4
"C1orf170",4,0,5,9,44.4444444444444,4
"C1orf74",4,0,16,20,20,4
"C1orf85",4,0,3,7,57.1428571428571,4
"C1RL",4,0,8,12,33.3333333333333,4
"C1RL-AS1",4,0,8,12,33.3333333333333,4
"C21orf128",4,0,6,10,40,4
"C3orf18",4,0,5,9,44.4444444444444,4
"C3orf20",4,0,5,9,44.4444444444444,4
"C3orf27",4,0,3,7,57.1428571428571,4
"C4orf36",4,0,20,24,16.6666666666667,4
"C5orf45",4,0,6,10,40,4
"C5orf54",4,0,18,22,18.1818181818182,4
"C6orf120",4,0,14,18,22.2222222222222,4
"C6orf136",4,0,9,13,30.7692307692308,4
"C6orf195",4,0,18,22,18.1818181818182,4
"C6orf223",4,0,11,15,26.6666666666667,4
"C6orf3",4,0,8,12,33.3333333333333,4
"C6ORF50",4,0,10,14,28.5714285714286,4
"C7orf57",4,0,6,10,40,4
"C8orf46",4,0,6,10,40,4
"C9",4,0,2,6,66.6666666666667,4
"C9orf163",4,0,6,10,40,4
"C9orf85",4,0,3,7,57.1428571428571,4
"CABLES2",4,0,5,9,44.4444444444444,4
"CACNA2D4",4,0,2,6,66.6666666666667,4
"CALM1",4,0,14,18,22.2222222222222,4
"CALML3",4,0,2,6,66.6666666666667,4
"CALML3-AS1",4,0,2,6,66.6666666666667,4
"CALML6",4,0,1,5,80,4
"CAMKK1",4,0,2,6,66.6666666666667,4
"CASKIN2",4,0,2,6,66.6666666666667,4
"CAST",4,0,5,9,44.4444444444444,4
"CATSPER3",4,0,1,5,80,4
"CBL",4,0,1,5,80,4
"CCBL1",4,0,0,4,100,4
"CCDC13",4,0,8,12,33.3333333333333,4
"CCDC15",4,0,14,18,22.2222222222222,4
"CCDC153",4,0,1,5,80,4
"CCDC89",4,0,10,14,28.5714285714286,4
"CCDC90B",4,1,27,32,12.5,5
"CCDC93",4,1,6,11,36.3636363636364,5
"CCL26",4,0,8,12,33.3333333333333,4
"CCNB1",4,1,16,21,19.047619047619,5
"CCND3",4,0,6,10,40,4
"CCNJL",4,0,14,18,22.2222222222222,4
"CCR6",4,0,9,13,30.7692307692308,4
"CCSAP",4,0,8,12,33.3333333333333,4
"CD180",4,0,7,11,36.3636363636364,4
"CD1D",4,0,3,7,57.1428571428571,4
"CD300A",4,0,1,5,80,4
"CD82",4,0,8,12,33.3333333333333,4
"CDC25A",4,0,8,12,33.3333333333333,4
"CDC42BPG",4,0,11,15,26.6666666666667,4
"CDH26",4,0,3,7,57.1428571428571,4
"CDH5",4,0,1,5,80,4
"CDHR3",4,0,12,16,25,4
"CDIP1",4,0,2,6,66.6666666666667,4
"CDK3",4,0,2,6,66.6666666666667,4
"CDKN2C",4,0,9,13,30.7692307692308,4
"CEACAM18",4,0,9,13,30.7692307692308,4
"CEBPA",4,0,3,7,57.1428571428571,4
"CEBPA-AS1",4,0,3,7,57.1428571428571,4
"CELA1",4,0,8,12,33.3333333333333,4
"CENPE",4,0,9,13,30.7692307692308,4
"CENPT",4,0,6,10,40,4
"CEP120",4,0,3,7,57.1428571428571,4
"CEP57",4,2,12,18,22.2222222222222,6
"CEP68",4,0,9,13,30.7692307692308,4
"CEPT1",4,0,10,14,28.5714285714286,4
"CETN3",4,0,29,33,12.1212121212121,4
"CHCHD2",4,0,14,18,22.2222222222222,4
"CHCHD5",4,0,7,11,36.3636363636364,4
"CHD3",4,0,11,15,26.6666666666667,4
"CHORDC1",4,0,7,11,36.3636363636364,4
"CHRM4",4,0,10,14,28.5714285714286,4
"CISD2",4,0,9,13,30.7692307692308,4
"CLCN1",4,0,12,16,25,4
"CLEC3B",4,0,4,8,50,4
"CLEC4E",4,0,8,12,33.3333333333333,4
"CLIC1",4,0,3,7,57.1428571428571,4
"CLN3",4,0,5,9,44.4444444444444,4
"CMAS",4,0,4,8,50,4
"CMTM1",4,0,1,5,80,4
"CNOT3",4,0,7,11,36.3636363636364,4
"CNR2",4,0,6,10,40,4
"COA5",4,0,13,17,23.5294117647059,4
"COL16A1",4,0,4,8,50,4
"COL23A1",4,0,12,16,25,4
"COL26A1",4,0,4,8,50,4
"COL4A2",4,0,19,23,17.3913043478261,4
"COL4A2-AS2",4,0,11,15,26.6666666666667,4
"COPS2",4,0,15,19,21.0526315789474,4
"COX11",4,0,7,11,36.3636363636364,4
"COX16",4,0,2,6,66.6666666666667,4
"COX6A2",4,0,10,14,28.5714285714286,4
"CPEB2",4,0,6,10,40,4
"CPEB2-AS1",4,0,6,10,40,4
"CPLX3",4,0,5,9,44.4444444444444,4
"CREBRF",4,0,7,11,36.3636363636364,4
"CREBZF",4,0,9,13,30.7692307692308,4
"CREM",4,1,23,28,14.2857142857143,5
"CRH",4,1,2,7,57.1428571428571,5
"CRISPLD2",4,0,3,7,57.1428571428571,4
"CRNDE",4,0,10,14,28.5714285714286,4
"CRYL1",4,0,9,13,30.7692307692308,4
"CTB-113P19.3",4,0,4,8,50,4
"CTB-11I22.1",4,0,12,16,25,4
"CTB-55O6.10",4,0,2,6,66.6666666666667,4
"CTB-58E17.5",4,0,3,7,57.1428571428571,4
"CTC-236F12.4",4,0,19,23,17.3913043478261,4
"CTC-250I14.3",4,1,5,10,40,5
"CTC-458I2.2",4,0,8,12,33.3333333333333,4
"CTD-2035E11.4",4,0,4,8,50,4
"CTD-2061E19.1",4,1,15,20,20,5
"CTD-2061E19.6",4,1,15,20,20,5
"CTD-2184C24.2",4,0,2,6,66.6666666666667,4
"CTD-2260A17.1",4,0,6,10,40,4
"CTD-2315E11.1",4,0,6,10,40,4
"CTD-2369P2.8",4,0,4,8,50,4
"CTD-2410N18.3",4,0,9,13,30.7692307692308,4
"CTD-2410N18.5",4,0,9,13,30.7692307692308,4
"CTD-2514K5.2",4,0,2,6,66.6666666666667,4
"CTD-2537I9.16",4,0,10,14,28.5714285714286,4
"CTD-2540B15.7",4,0,3,7,57.1428571428571,4
"CTD-2540B15.9",4,0,3,7,57.1428571428571,4
"CTD-2545G14.7",4,0,11,15,26.6666666666667,4
"CTD-2587H24.4",4,0,4,8,50,4
"CTD-2587H24.5",4,0,4,8,50,4
"CTD-3203P2.2",4,0,6,10,40,4
"CTDNEP1",4,0,13,17,23.5294117647059,4
"CTHRC1",4,0,7,11,36.3636363636364,4
"CTR9",4,0,8,12,33.3333333333333,4
"CTRC",4,0,2,6,66.6666666666667,4
"CTSE",4,0,3,7,57.1428571428571,4
"CUL1",4,0,18,22,18.1818181818182,4
"CUL4A",4,0,3,7,57.1428571428571,4
"CXCL16",4,0,4,8,50,4
"CXCR6",4,0,5,9,44.4444444444444,4
"CYB5R4",4,0,15,19,21.0526315789474,4
"CYBRD1",4,0,3,7,57.1428571428571,4
"CYP17A1",4,0,13,17,23.5294117647059,4
"CYP2W1",4,0,6,10,40,4
"DAB2",4,0,6,10,40,4
"DARS",4,0,3,7,57.1428571428571,4
"DBN1",4,0,0,4,100,4
"DBR1",4,0,8,12,33.3333333333333,4
"DCAF13",4,0,1,5,80,4
"DCAF7",4,0,2,6,66.6666666666667,4
"DCK",4,0,15,19,21.0526315789474,4
"DCTN4",4,0,10,14,28.5714285714286,4
"DDR1-AS1",4,0,5,9,44.4444444444444,4
"DDX19A",4,0,1,5,80,4
"DDX21",4,1,5,10,40,5
"DDX24",4,0,8,12,33.3333333333333,4
"DDX47",4,0,8,12,33.3333333333333,4
"DDX54",4,0,14,18,22.2222222222222,4
"DDX60",4,1,18,23,17.3913043478261,5
"DEPDC5",4,0,5,9,44.4444444444444,4
"DES",4,0,14,18,22.2222222222222,4
"DESI2",4,0,11,15,26.6666666666667,4
"DFNB59",4,0,31,35,11.4285714285714,4
"DGKZ",4,0,5,9,44.4444444444444,4
"DHX32",4,1,30,35,11.4285714285714,5
"DHX35",4,0,22,26,15.3846153846154,4
"DHX38",4,0,24,28,14.2857142857143,4
"DIAPH1",4,2,21,27,14.8148148148148,6
"DKFZP434E1119",4,0,5,9,44.4444444444444,4
"DKK4",4,0,7,11,36.3636363636364,4
"DLEU7-AS1",4,0,13,17,23.5294117647059,4
"DLG1",4,0,5,9,44.4444444444444,4
"DLGAP1-AS1",4,0,6,10,40,4
"DLX1",4,4,23,31,12.9032258064516,8
"DLX2",4,1,23,28,14.2857142857143,5
"DNAAF3",4,0,4,8,50,4
"DNAH17-AS1",4,0,4,8,50,4
"DNAH7",4,0,2,6,66.6666666666667,4
"DNAJA2",4,0,10,14,28.5714285714286,4
"DNAJB11",4,0,15,19,21.0526315789474,4
"DNAJB14",4,0,8,12,33.3333333333333,4
"DNAJB6",4,2,19,25,16,6
"DNAJC5B",4,1,2,7,57.1428571428571,5
"DNAJC5G",4,0,12,16,25,4
"DNALI1",4,0,4,8,50,4
"DNASE1L2",4,0,3,7,57.1428571428571,4
"DNM3OS",4,0,8,12,33.3333333333333,4
"DOCK10",4,0,9,13,30.7692307692308,4
"DOK1",4,0,6,10,40,4
"DPH5",4,0,10,14,28.5714285714286,4
"DRAM2",4,0,10,14,28.5714285714286,4
"DST",4,0,11,15,26.6666666666667,4
"DTX1",4,1,6,11,36.3636363636364,5
"DUS2",4,0,12,16,25,4
"DUSP4",4,0,14,18,22.2222222222222,4
"DUSP6",4,0,10,14,28.5714285714286,4
"DVL2",4,0,11,15,26.6666666666667,4
"DYDC1",4,0,3,7,57.1428571428571,4
"DYDC2",4,0,3,7,57.1428571428571,4
"DYNC1I2",4,0,11,15,26.6666666666667,4
"E2F6",4,0,7,11,36.3636363636364,4
"E4F1",4,0,3,7,57.1428571428571,4
"EBAG9",4,0,8,12,33.3333333333333,4
"ECE1",4,0,4,8,50,4
"ECE2",4,0,8,12,33.3333333333333,4
"EEA1",4,0,2,6,66.6666666666667,4
"EEF1G",4,0,9,13,30.7692307692308,4
"EEPD1",4,0,4,8,50,4
"EFCAB11",4,0,5,9,44.4444444444444,4
"EFCC1",4,0,3,7,57.1428571428571,4
"EFNA3",4,0,2,6,66.6666666666667,4
"EFNA4",4,0,2,6,66.6666666666667,4
"EHD1",4,0,1,5,80,4
"EI24",4,0,14,18,22.2222222222222,4
"EIF2A",4,0,12,16,25,4
"EIF2B4",4,0,14,18,22.2222222222222,4
"EIF2B5-AS1",4,0,12,16,25,4
"EIF2S1",4,0,9,13,30.7692307692308,4
"EIF3D",4,0,4,8,50,4
"EIF4G1",4,0,11,15,26.6666666666667,4
"ELMO1",4,0,5,9,44.4444444444444,4
"ELOVL3",4,0,3,7,57.1428571428571,4
"EML6",4,0,9,13,30.7692307692308,4
"EPB41L4A-AS1",4,1,6,11,36.3636363636364,5
"EPB41L5",4,1,9,14,28.5714285714286,5
"EPHB3",4,0,14,18,22.2222222222222,4
"ERC1",4,0,9,13,30.7692307692308,4
"ERCC1",4,0,11,15,26.6666666666667,4
"ERH",4,1,15,20,20,5
"ERI1",4,0,16,20,20,4
"ERN1",4,0,6,10,40,4
"ETV3",4,0,6,10,40,4
"EVPL",4,0,2,6,66.6666666666667,4
"EXOC5",4,3,16,23,17.3913043478261,7
"FADS1",4,0,2,6,66.6666666666667,4
"FADS2",4,0,2,6,66.6666666666667,4
"FAM102A",4,0,0,4,100,4
"FAM104A",4,0,4,8,50,4
"FAM110D",4,0,7,11,36.3636363636364,4
"FAM117A",4,1,4,9,44.4444444444444,5
"FAM180B",4,0,5,9,44.4444444444444,4
"FAM210A",4,0,7,11,36.3636363636364,4
"FAM213B",4,0,9,13,30.7692307692308,4
"FAM214B",4,0,8,12,33.3333333333333,4
"FAM216A",4,0,9,13,30.7692307692308,4
"FAM46A",4,0,6,10,40,4
"FAM71A",4,0,6,10,40,4
"FAM71B",4,1,11,16,25,5
"FAM76B",4,2,12,18,22.2222222222222,6
"FAM96A",4,0,8,12,33.3333333333333,4
"FAM99B",4,1,8,13,30.7692307692308,5
"FANCD2OS",4,0,8,12,33.3333333333333,4
"FANCI",4,1,6,11,36.3636363636364,5
"FASTKD2",4,0,8,12,33.3333333333333,4
"FBXL22",4,0,9,13,30.7692307692308,4
"FBXO11",4,0,12,16,25,4
"FBXO18",4,0,7,11,36.3636363636364,4
"FBXO2",4,0,7,11,36.3636363636364,4
"FBXO44",4,0,7,11,36.3636363636364,4
"FCHSD1",4,1,0,5,80,5
"FDFT1",4,1,10,15,26.6666666666667,5
"FEM1B",4,0,4,8,50,4
"FGD2",4,0,13,17,23.5294117647059,4
"FGF17",4,0,2,6,66.6666666666667,4
"FGF9",4,0,9,13,30.7692307692308,4
"FGL2",4,0,3,7,57.1428571428571,4
"FHIT",4,2,17,23,17.3913043478261,6
"FNDC5",4,0,5,9,44.4444444444444,4
"FOXJ1",4,0,4,8,50,4
"FOXP2",4,0,5,9,44.4444444444444,4
"FSIP1",4,0,9,13,30.7692307692308,4
"FTSJ2",4,0,14,18,22.2222222222222,4
"FXYD2",4,0,8,12,33.3333333333333,4
"G3BP2",4,0,12,16,25,4
"GAB1",4,0,9,13,30.7692307692308,4
"GABARAP",4,0,11,15,26.6666666666667,4
"GABARAPL3",4,0,9,13,30.7692307692308,4
"GABPB1",4,0,10,14,28.5714285714286,4
"GABPB1-AS1",4,0,10,14,28.5714285714286,4
"GALK2",4,0,15,19,21.0526315789474,4
"GARNL3",4,0,6,10,40,4
"GAS5",4,0,8,12,33.3333333333333,4
"GBF1",4,0,4,8,50,4
"GBP5",4,0,12,16,25,4
"GCC2",4,0,13,17,23.5294117647059,4
"GCN1L1",4,0,5,9,44.4444444444444,4
"GDI2",4,0,8,12,33.3333333333333,4
"GEMIN8P4",4,0,10,14,28.5714285714286,4
"GGN",4,0,5,9,44.4444444444444,4
"GHDC",4,0,5,9,44.4444444444444,4
"GHRL",4,0,11,15,26.6666666666667,4
"GIMAP4",4,0,13,17,23.5294117647059,4
"GIMAP5",4,0,9,13,30.7692307692308,4
"GIMAP6",4,0,10,14,28.5714285714286,4
"GINS4",4,0,0,4,100,4
"GJB6",4,0,7,11,36.3636363636364,4
"GKN1",4,0,8,12,33.3333333333333,4
"GKN2",4,0,8,12,33.3333333333333,4
"GLRX3",4,0,8,12,33.3333333333333,4
"GLUL",4,1,11,16,25,5
"GMDS",4,0,16,20,20,4
"GMDS-AS1",4,0,16,20,20,4
"GNL2",4,0,6,10,40,4
"GNL3",4,0,7,11,36.3636363636364,4
"GP9",4,0,8,12,33.3333333333333,4
"GPC1",4,0,3,7,57.1428571428571,4
"GPN3",4,0,9,13,30.7692307692308,4
"GPR137",4,0,2,6,66.6666666666667,4
"GPR148",4,0,5,9,44.4444444444444,4
"GPR15",4,0,14,18,22.2222222222222,4
"GRIN2C",4,0,2,6,66.6666666666667,4
"GSR",4,0,5,9,44.4444444444444,4
"GSTZ1",4,0,13,17,23.5294117647059,4
"H1FX",4,0,6,10,40,4
"H1FX-AS1",4,0,6,10,40,4
"H2AFZ",4,0,8,12,33.3333333333333,4
"H6PD",4,0,0,4,100,4
"HBEGF",4,0,10,14,28.5714285714286,4
"HDAC11",4,0,6,10,40,4
"HDAC11-AS1",4,0,6,10,40,4
"HDAC7",4,0,9,13,30.7692307692308,4
"HDDC3",4,0,11,15,26.6666666666667,4
"HEMK1",4,0,5,9,44.4444444444444,4
"HERC1",4,0,6,10,40,4
"HIBCH",4,0,6,10,40,4
"HIF1AN",4,0,14,18,22.2222222222222,4
"HINT2",4,0,7,11,36.3636363636364,4
"HIRIP3",4,0,11,15,26.6666666666667,4
"HIST1H1C",4,2,24,30,13.3333333333333,6
"HIST1H2AL",4,0,20,24,16.6666666666667,4
"HIST1H2BPS2",4,0,20,24,16.6666666666667,4
"HIST1H3F",4,1,26,31,12.9032258064516,5
"HIST1H3H",4,2,36,42,9.52380952380952,6
"HIST1H4B",4,2,19,25,16,6
"HIST1H4C",4,2,21,27,14.8148148148148,6
"HIST1H4F",4,2,21,27,14.8148148148148,6
"HOMER3",4,0,4,8,50,4
"HOXA-AS3",4,4,16,24,16.6666666666667,8
"HOXB13",4,2,19,25,16,6
"HPCAL1",4,0,9,13,30.7692307692308,4
"HSF2",4,2,15,21,19.047619047619,6
"HTR3A",4,0,10,14,28.5714285714286,4
"ICAM4",4,0,4,8,50,4
"IDH2",4,0,6,10,40,4
"IDUA",4,0,0,4,100,4
"IER2",4,1,5,10,40,5
"IER5",4,0,5,9,44.4444444444444,4
"IFI27L1",4,0,8,12,33.3333333333333,4
"IFRG15",4,0,5,9,44.4444444444444,4
"IFT88",4,0,11,15,26.6666666666667,4
"IGF2BP3",4,3,25,32,12.5,7
"IGFBP6",4,0,2,6,66.6666666666667,4
"IGSF6",4,0,11,15,26.6666666666667,4
"IKZF3",4,0,0,4,100,4
"IL1RL2",4,0,9,13,30.7692307692308,4
"IL2RB",4,0,12,16,25,4
"IL4R",4,0,7,11,36.3636363636364,4
"IMMP2L",4,0,22,26,15.3846153846154,4
"IMMT",4,0,12,16,25,4
"INO80E",4,0,11,15,26.6666666666667,4
"INPP1",4,0,6,10,40,4
"INPP5F",4,0,12,16,25,4
"INPP5K",4,0,8,12,33.3333333333333,4
"INTS4",4,0,12,16,25,4
"INTS8",4,0,13,17,23.5294117647059,4
"IPO13",4,0,2,6,66.6666666666667,4
"IREB2",4,0,14,18,22.2222222222222,4
"IRX5",4,0,10,14,28.5714285714286,4
"ISG20",4,0,4,8,50,4
"ISOC2",4,0,10,14,28.5714285714286,4
"IST1",4,0,9,13,30.7692307692308,4
"ITFG3",4,0,6,10,40,4
"ITGB3BP",4,0,7,11,36.3636363636364,4
"JDP2",4,0,15,19,21.0526315789474,4
"JUN",4,0,20,24,16.6666666666667,4
"KANSL1",4,0,7,11,36.3636363636364,4
"KANSL1-AS1",4,0,7,11,36.3636363636364,4
"KAT7",4,1,4,9,44.4444444444444,5
"KB-1410C5.5",4,0,8,12,33.3333333333333,4
"KCNH2",4,0,3,7,57.1428571428571,4
"KCNN3",4,0,5,9,44.4444444444444,4
"KIAA0020",4,0,9,13,30.7692307692308,4
"KIAA0247",4,0,5,9,44.4444444444444,4
"KIAA1191",4,0,4,8,50,4
"KIAA1199",4,0,13,17,23.5294117647059,4
"KIAA1257",4,0,3,7,57.1428571428571,4
"KIAA1614",4,0,5,9,44.4444444444444,4
"KIAA2013",4,0,6,10,40,4
"KIF14",4,0,8,12,33.3333333333333,4
"KLF9",4,0,7,11,36.3636363636364,4
"KLHDC9",4,0,8,12,33.3333333333333,4
"KLHL2",4,1,16,21,19.047619047619,5
"KRAS",4,0,5,9,44.4444444444444,4
"KRT28",4,0,14,18,22.2222222222222,4
"KRT74",4,0,11,15,26.6666666666667,4
"KRT85",4,0,7,11,36.3636363636364,4
"KRTAP4",4,0,23,27,14.8148148148148,4
"LAMC1",4,0,13,17,23.5294117647059,4
"LAP3",4,0,16,20,20,4
"LAPTM5",4,0,0,4,100,4
"LASP1",4,0,1,5,80,4
"LCA5L",4,0,7,11,36.3636363636364,4
"LCOR",4,0,6,10,40,4
"LDB1",4,0,2,6,66.6666666666667,4
"LDLRAD4",4,0,15,19,21.0526315789474,4
"LIMCH1",4,1,3,8,50,5
"LIMD2",4,0,7,11,36.3636363636364,4
"LIMK1",4,0,7,11,36.3636363636364,4
"LIMK2",4,0,5,9,44.4444444444444,4
"LIMS2",4,0,14,18,22.2222222222222,4
"LINC01125",4,0,9,13,30.7692307692308,4
"LINC01135",4,0,20,24,16.6666666666667,4
"LITAF",4,0,11,15,26.6666666666667,4
"LL09NC01-139C3.1",4,0,2,6,66.6666666666667,4
"LMNA",4,0,8,12,33.3333333333333,4
"LNX2",4,0,12,16,25,4
"LOXL3",4,0,8,12,33.3333333333333,4
"LRFN4",4,0,5,9,44.4444444444444,4
"LRP2BP",4,0,10,14,28.5714285714286,4
"LRRC58",4,0,9,13,30.7692307692308,4
"LRRC8C",4,0,15,19,21.0526315789474,4
"LSM10",4,1,8,13,30.7692307692308,5
"LTA4H",4,0,13,17,23.5294117647059,4
"LTB",4,0,3,7,57.1428571428571,4
"LTBP1",4,0,17,21,19.047619047619,4
"LTBR",4,0,2,6,66.6666666666667,4
"LTC4S",4,0,2,6,66.6666666666667,4
"LUC7L",4,0,6,10,40,4
"LYL1",4,0,1,5,80,4
"LYPLA2",4,0,1,5,80,4
"LYPLAL1",4,0,17,21,19.047619047619,4
"LYVE1",4,0,10,14,28.5714285714286,4
"MAD1L1",4,0,14,18,22.2222222222222,4
"MAN1A2",4,1,4,9,44.4444444444444,5
"MAP4K3",4,0,17,21,19.047619047619,4
"MARK2",4,0,9,13,30.7692307692308,4
"MATR3",4,0,3,7,57.1428571428571,4
"MAU2",4,0,7,11,36.3636363636364,4
"MCM9",4,1,12,17,23.5294117647059,5
"MDH1B",4,0,8,12,33.3333333333333,4
"MDK",4,0,5,9,44.4444444444444,4
"MEAF6",4,0,4,8,50,4
"MED17",4,2,17,23,17.3913043478261,6
"MED19",4,1,7,12,33.3333333333333,5
"MED6",4,0,9,13,30.7692307692308,4
"MEG3",4,0,8,12,33.3333333333333,4
"MEG8",4,0,6,10,40,4
"MEIG1",4,0,9,13,30.7692307692308,4
"METTL10",4,0,6,10,40,4
"METTL3",4,0,3,7,57.1428571428571,4
"MEX3A",4,0,8,12,33.3333333333333,4
"MFSD10",4,0,3,7,57.1428571428571,4
"MFSD9",4,0,10,14,28.5714285714286,4
"MGAT4A",4,0,18,22,18.1818181818182,4
"MGAT4B",4,0,2,6,66.6666666666667,4
"MGC10955",4,0,17,21,19.047619047619,4
"MIIP",4,0,6,10,40,4
"MIR101",4,0,8,12,33.3333333333333,4
"MIR1229",4,0,2,6,66.6666666666667,4
"MIR1271",4,0,4,8,50,4
"MIR1294",4,0,10,14,28.5714285714286,4
"MIR1343",4,0,15,19,21.0526315789474,4
"MIR138",4,0,10,14,28.5714285714286,4
"MIR148A",4,2,11,17,23.5294117647059,6
"MIR186",4,0,15,19,21.0526315789474,4
"MIR190B",4,0,5,9,44.4444444444444,4
"MIR193B",4,1,13,18,22.2222222222222,5
"MIR1976",4,0,6,10,40,4
"MIR199A2",4,0,8,12,33.3333333333333,4
"MIR3180",4,0,6,10,40,4
"MIR324",4,0,9,13,30.7692307692308,4
"MIR3656",4,0,6,10,40,4
"MIR3661",4,0,9,13,30.7692307692308,4
"MIR3671",4,0,7,11,36.3636363636364,4
"MIR370",4,0,3,7,57.1428571428571,4
"MIR3912",4,0,0,4,100,4
"MIR4435-1HG",4,0,5,9,44.4444444444444,4
"MIR4442",4,0,16,20,20,4
"MIR4506",4,0,4,8,50,4
"MIR4727",4,0,2,6,66.6666666666667,4
"MIR5009",4,0,4,8,50,4
"MIR554",4,0,11,15,26.6666666666667,4
"MIR579",4,0,15,19,21.0526315789474,4
"MIR589",4,0,5,9,44.4444444444444,4
"MIR607",4,0,6,10,40,4
"MIR614",4,0,9,13,30.7692307692308,4
"MIR633",4,0,8,12,33.3333333333333,4
"MIR770",4,0,6,10,40,4
"MIR877",4,0,12,16,25,4
"MITF",4,0,9,13,30.7692307692308,4
"MKRN2",4,0,4,8,50,4
"MLH3",4,0,6,10,40,4
"MLST8",4,0,4,8,50,4
"MMEL1",4,0,9,13,30.7692307692308,4
"MMP15",4,0,0,4,100,4
"MMP27",4,0,12,16,25,4
"MMP8",4,0,13,17,23.5294117647059,4
"MOB2",4,0,8,12,33.3333333333333,4
"MPI",4,0,7,11,36.3636363636364,4
"MPP5",4,0,7,11,36.3636363636364,4
"MPV17",4,0,8,12,33.3333333333333,4
"MRFAP1L1",4,0,6,10,40,4
"MRGBP",4,0,3,7,57.1428571428571,4
"MRPL14",4,0,11,15,26.6666666666667,4
"MRPL32",4,0,9,13,30.7692307692308,4
"MRPL33",4,0,6,10,40,4
"MRPL35",4,0,12,16,25,4
"MRPS27",4,1,12,17,23.5294117647059,5
"MRPS33",4,1,12,17,23.5294117647059,5
"MSH4",4,1,12,17,23.5294117647059,5
"MTCH1",4,0,8,12,33.3333333333333,4
"MTCH2",4,0,9,13,30.7692307692308,4
"MTHFD1L",4,0,6,10,40,4
"MTTP",4,0,3,7,57.1428571428571,4
"MYB",4,0,13,17,23.5294117647059,4
"MYH11",4,0,10,14,28.5714285714286,4
"MYLIP",4,0,10,14,28.5714285714286,4
"MYO6",4,0,12,16,25,4
"NAA35",4,1,17,22,18.1818181818182,5
"NAA38",4,1,15,20,20,5
"NAE1",4,0,2,6,66.6666666666667,4
"NAPB",4,1,29,34,11.7647058823529,5
"NAT14",4,0,15,19,21.0526315789474,4
"NBPF18P",4,0,6,10,40,4
"NCR2",4,0,8,12,33.3333333333333,4
"NDUFAF4P1",4,0,15,19,21.0526315789474,4
"NDUFB8",4,0,14,18,22.2222222222222,4
"NEK10",4,1,22,27,14.8148148148148,5
"NEMF",4,0,10,14,28.5714285714286,4
"NES",4,0,6,10,40,4
"NEURL4",4,0,20,24,16.6666666666667,4
"NFYA",4,0,5,9,44.4444444444444,4
"NKIRAS1",4,0,13,17,23.5294117647059,4
"NMRK1",4,0,5,9,44.4444444444444,4
"NOC3L",4,0,19,23,17.3913043478261,4
"NOP14-AS1",4,0,3,7,57.1428571428571,4
"NOS3",4,0,3,7,57.1428571428571,4
"NPAT",4,0,14,18,22.2222222222222,4
"NPIPB15",4,0,9,13,30.7692307692308,4
"NPM1",4,0,0,4,100,4
"NPM2",4,0,2,6,66.6666666666667,4
"NR1D1",4,0,7,11,36.3636363636364,4
"NR2F1",4,3,17,24,16.6666666666667,7
"NR2F1-AS1",4,3,17,24,16.6666666666667,7
"NR4A2",4,0,21,25,16,4
"NRGN",4,0,7,11,36.3636363636364,4
"NRN1L",4,0,7,11,36.3636363636364,4
"NSMCE1",4,0,6,10,40,4
"NSUN2",4,0,23,27,14.8148148148148,4
"NUDT4",4,0,9,13,30.7692307692308,4
"NUP153",4,0,2,6,66.6666666666667,4
"NUP155",4,0,7,11,36.3636363636364,4
"NUP210P3",4,0,6,10,40,4
"NUTF2",4,0,3,7,57.1428571428571,4
"OARD1",4,0,6,10,40,4
"OBFC1",4,0,9,13,30.7692307692308,4
"ODC1",4,0,17,21,19.047619047619,4
"OGDH",4,0,5,9,44.4444444444444,4
"OLA1",4,0,9,13,30.7692307692308,4
"OR10R2",4,1,10,15,26.6666666666667,5
"OR10R3P",4,1,11,16,25,5
"OR2T11",4,0,5,9,44.4444444444444,4
"ORMDL2",4,0,7,11,36.3636363636364,4
"OS9",4,0,8,12,33.3333333333333,4
"OSBPL8",4,0,3,7,57.1428571428571,4
"OSER1",4,0,5,9,44.4444444444444,4
"OSER1-AS1",4,0,5,9,44.4444444444444,4
"OSGEPL1-AS1",4,0,7,11,36.3636363636364,4
"OSGIN1",4,0,8,12,33.3333333333333,4
"OSTF1",4,0,5,9,44.4444444444444,4
"OTUB2",4,0,10,14,28.5714285714286,4
"OVGP1",4,0,2,6,66.6666666666667,4
"P2RX1",4,0,3,7,57.1428571428571,4
"PABPC4",4,0,5,9,44.4444444444444,4
"PACSIN3",4,0,4,8,50,4
"PAG1",4,0,9,13,30.7692307692308,4
"PAK1",4,0,5,9,44.4444444444444,4
"PAPD7",4,0,21,25,16,4
"PARK7",4,0,8,12,33.3333333333333,4
"PATL1",4,1,13,18,22.2222222222222,5
"PAWR",4,0,2,6,66.6666666666667,4
"PAX8-AS1",4,0,6,10,40,4
"PCBP1",4,0,8,12,33.3333333333333,4
"PCDH1",4,1,10,15,26.6666666666667,5
"PCDH12",4,2,9,15,26.6666666666667,6
"PCDHGA1",4,0,1,5,80,4
"PCDHGA8",4,1,4,9,44.4444444444444,5
"PCDHGA9",4,1,4,9,44.4444444444444,5
"PCDHGB4",4,1,6,11,36.3636363636364,5
"PCDHGB6",4,3,7,14,28.5714285714286,7
"PCGF2",4,0,3,7,57.1428571428571,4
"PCID2",4,0,3,7,57.1428571428571,4
"PDHB",4,0,9,13,30.7692307692308,4
"PDLIM5",4,0,13,17,23.5294117647059,4
"PDS5B",4,0,8,12,33.3333333333333,4
"PDZD8",4,0,13,17,23.5294117647059,4
"PEBP4",4,0,6,10,40,4
"PELI1",4,0,8,12,33.3333333333333,4
"PEX2",4,2,8,14,28.5714285714286,6
"PFKFB2",4,0,11,15,26.6666666666667,4
"PFN1P11",4,0,13,17,23.5294117647059,4
"PGM1",4,0,6,10,40,4
"PGP",4,0,3,7,57.1428571428571,4
"PHB",4,0,5,9,44.4444444444444,4
"PHF23",4,0,11,15,26.6666666666667,4
"PHF3",4,0,23,27,14.8148148148148,4
"PHIP",4,0,22,26,15.3846153846154,4
"PHLDA2",4,0,2,6,66.6666666666667,4
"PIAS1",4,0,1,5,80,4
"PIGH",4,0,6,10,40,4
"PIGK",4,0,2,6,66.6666666666667,4
"PIGV",4,0,9,13,30.7692307692308,4
"PIK3R1",4,0,7,11,36.3636363636364,4
"PIM1",4,0,17,21,19.047619047619,4
"PIP4K2A",4,0,6,10,40,4
"PIP4K2B",4,0,0,4,100,4
"PITPNA",4,0,3,7,57.1428571428571,4
"PITRM1",4,0,13,17,23.5294117647059,4
"PITRM1-AS1",4,0,10,14,28.5714285714286,4
"PITX3",4,0,4,8,50,4
"PKD1",4,0,6,10,40,4
"PKD2L2",4,0,5,9,44.4444444444444,4
"PLA2G2E",4,0,1,5,80,4
"PLCH2",4,0,14,18,22.2222222222222,4
"PLCXD2",4,0,27,31,12.9032258064516,4
"PLEKHN1",4,0,5,9,44.4444444444444,4
"PLOD3",4,0,2,6,66.6666666666667,4
"PNRC2",4,0,6,10,40,4
"POLB",4,0,6,10,40,4
"POLG",4,1,2,7,57.1428571428571,5
"POLR1D",4,0,12,16,25,4
"POLR3GL",4,0,15,19,21.0526315789474,4
"POMT2",4,0,13,17,23.5294117647059,4
"POR",4,0,4,8,50,4
"PPCDC",4,0,16,20,20,4
"PPM1A",4,0,2,6,66.6666666666667,4
"PPM1N",4,0,12,16,25,4
"PPP1R12A",4,0,7,11,36.3636363636364,4
"PPP2CA",4,0,9,13,30.7692307692308,4
"PPP2R2A",4,0,14,18,22.2222222222222,4
"PPP2R5C",4,0,18,22,18.1818181818182,4
"PPP3CA",4,0,7,11,36.3636363636364,4
"PRDX3",4,0,8,12,33.3333333333333,4
"PRKACA",4,0,2,6,66.6666666666667,4
"PRKRA",4,0,31,35,11.4285714285714,4
"PRM3",4,0,13,17,23.5294117647059,4
"PRPF19",4,0,7,11,36.3636363636364,4
"PRR14L",4,0,4,8,50,4
"PSMA2",4,0,9,13,30.7692307692308,4
"PSMB3",4,0,1,5,80,4
"PSMC3IP",4,0,15,19,21.0526315789474,4
"PSMD2",4,0,8,12,33.3333333333333,4
"PSMG3",4,0,6,10,40,4
"PSMG3-AS1",4,0,6,10,40,4
"PTCD2",4,1,12,17,23.5294117647059,5
"PTGES3P4",4,0,13,17,23.5294117647059,4
"PTPN14",4,0,13,17,23.5294117647059,4
"PURB",4,0,8,12,33.3333333333333,4
"PUS7",4,0,9,13,30.7692307692308,4
"PXN",4,0,4,8,50,4
"PXN-AS1",4,0,9,13,30.7692307692308,4
"PYGB",4,1,11,16,25,5
"PYGO2",4,0,6,10,40,4
"RAB20",4,0,10,14,28.5714285714286,4
"RAB21",4,1,9,14,28.5714285714286,5
"RAB30",4,0,16,20,20,4
"RAB30-AS1",4,0,14,18,22.2222222222222,4
"RAB32",4,0,2,6,66.6666666666667,4
"RAB34",4,0,6,10,40,4
"RAB37",4,0,2,6,66.6666666666667,4
"RAB40B",4,0,2,6,66.6666666666667,4
"RABGGTA",4,0,15,19,21.0526315789474,4
"RAD17",4,0,13,17,23.5294117647059,4
"RAD51AP1",4,0,4,8,50,4
"RAD52",4,0,9,13,30.7692307692308,4
"RAD9B",4,0,5,9,44.4444444444444,4
"RALGPS1",4,0,4,8,50,4
"RAPGEF1",4,0,6,10,40,4
"RBM14",4,0,0,4,100,4
"RBM14-RBM4",4,0,0,4,100,4
"RBM4",4,0,2,6,66.6666666666667,4
"RBPMS",4,0,17,21,19.047619047619,4
"RBPMS-AS1",4,0,17,21,19.047619047619,4
"RFESD",4,0,9,13,30.7692307692308,4
"RFWD2",4,0,8,12,33.3333333333333,4
"RFX3",4,0,1,5,80,4
"RFX7",4,0,5,9,44.4444444444444,4
"RGS12",4,0,2,6,66.6666666666667,4
"RHBDD1",4,0,24,28,14.2857142857143,4
"RHOB",4,0,16,20,20,4
"RHOBTB2",4,0,9,13,30.7692307692308,4
"RHOD",4,0,1,5,80,4
"RHOH",4,0,7,11,36.3636363636364,4
"RITA1",4,0,14,18,22.2222222222222,4
"RMND5B",4,0,8,12,33.3333333333333,4
"RN7SL153P",4,1,12,17,23.5294117647059,5
"RN7SL3",4,0,10,14,28.5714285714286,4
"RN7SL312P",4,0,8,12,33.3333333333333,4
"RN7SL845P",4,1,14,19,21.0526315789474,5
"RNASE7",4,0,3,7,57.1428571428571,4
"RNF14",4,2,9,15,26.6666666666667,6
"RNF145",4,0,12,16,25,4
"RNF157-AS1",4,0,4,8,50,4
"RNF20",4,0,18,22,18.1818181818182,4
"RNMT",4,0,7,11,36.3636363636364,4
"RNU1-84P",4,0,1,5,80,4
"RNU11-3P",4,0,7,11,36.3636363636364,4
"RNU2-15P",4,0,7,11,36.3636363636364,4
"RNU2-51P",4,0,2,6,66.6666666666667,4
"RNU4",4,0,1,5,80,4
"RNU4-39P",4,0,0,4,100,4
"RNU4-86P",4,0,16,20,20,4
"RNU4-8P",4,0,9,13,30.7692307692308,4
"RNU5B-3P",4,0,4,8,50,4
"RNU5F",4,0,4,8,50,4
"RNU6-1031P",4,0,5,9,44.4444444444444,4
"RNU6-1062P",4,0,12,16,25,4
"RNU6-1111P",4,0,4,8,50,4
"RNU6-1231P",4,0,5,9,44.4444444444444,4
"RNU6-1311P",4,0,6,10,40,4
"RNU6-1322P",4,2,15,21,19.047619047619,6
"RNU6-1329P",4,0,1,5,80,4
"RNU6-163P",4,0,17,21,19.047619047619,4
"RNU6-189P",4,0,12,16,25,4
"RNU6-218P",4,0,6,10,40,4
"RNU6-231P",4,0,7,11,36.3636363636364,4
"RNU6-265P",4,0,7,11,36.3636363636364,4
"RNU6-369P",4,0,12,16,25,4
"RNU6-372P",4,0,4,8,50,4
"RNU6-399P",4,0,3,7,57.1428571428571,4
"RNU6-494P",4,0,4,8,50,4
"RNU6-501P",4,0,4,8,50,4
"RNU6-549P",4,0,7,11,36.3636363636364,4
"RNU6-560P",4,0,12,16,25,4
"RNU6-57P",4,0,5,9,44.4444444444444,4
"RNU6-584P",4,0,7,11,36.3636363636364,4
"RNU6-594P",4,0,8,12,33.3333333333333,4
"RNU6-638P",4,0,16,20,20,4
"RNU6-643P",4,0,8,12,33.3333333333333,4
"RNU6-73P",4,0,11,15,26.6666666666667,4
"RNU6-866P",4,0,1,5,80,4
"RNU6-921P",4,0,14,18,22.2222222222222,4
"RNU6ATAC",4,0,2,6,66.6666666666667,4
"RNU6ATAC33P",4,0,14,18,22.2222222222222,4
"RNU7-111P",4,0,4,8,50,4
"RNU7-124P",4,0,7,11,36.3636363636364,4
"RNU7-46P",4,0,19,23,17.3913043478261,4
"RNU7-50P",4,0,16,20,20,4
"RNU7-63P",4,0,8,12,33.3333333333333,4
"RNU7-77P",4,1,20,25,16,5
"ROM1",4,0,3,7,57.1428571428571,4
"RP1-111C20.4",4,0,11,15,26.6666666666667,4
"RP1-140A9.1",4,0,2,6,66.6666666666667,4
"RP1-20B11.2",4,0,10,14,28.5714285714286,4
"RP1-302G2.5",4,0,14,18,22.2222222222222,4
"RP11-102M11.2",4,0,17,21,19.047619047619,4
"RP11-1042B17.5",4,0,11,15,26.6666666666667,4
"RP11-10N23.4",4,0,9,13,30.7692307692308,4
"RP11-115H15.2",4,0,8,12,33.3333333333333,4
"RP11-116G8.5",4,0,2,6,66.6666666666667,4
"RP11-123M6.2",4,0,6,10,40,4
"RP11-12J10.3",4,0,6,10,40,4
"RP11-131H24.4",4,0,4,8,50,4
"RP11-135J2.4",4,0,17,21,19.047619047619,4
"RP11-144L1.4",4,1,11,16,25,5
"RP11-151H2.1",4,0,16,20,20,4
"RP11-15B17.1",4,0,8,12,33.3333333333333,4
"RP11-166P13.3",4,0,6,10,40,4
"RP11-167P22.3",4,0,3,7,57.1428571428571,4
"RP11-169E6.1",4,0,10,14,28.5714285714286,4
"RP11-174O3.3",4,0,9,13,30.7692307692308,4
"RP11-175P13.2",4,1,18,23,17.3913043478261,5
"RP11-175P13.3",4,2,17,23,17.3913043478261,6
"RP11-188D8.1",4,1,4,9,44.4444444444444,5
"RP11-195C7.1",4,0,8,12,33.3333333333333,4
"RP11-1C1.7",4,0,7,11,36.3636363636364,4
"RP11-202G11.2",4,0,1,5,80,4
"RP11-214N9.1",4,0,8,12,33.3333333333333,4
"RP11-216B9.6",4,0,2,6,66.6666666666667,4
"RP11-216L13.17",4,1,7,12,33.3333333333333,5
"RP11-217B1.2",4,1,2,7,57.1428571428571,5
"RP11-24C3.2",4,0,9,13,30.7692307692308,4
"RP11-254F19.2",4,0,3,7,57.1428571428571,4
"RP11-266L9.1",4,0,11,15,26.6666666666667,4
"RP11-284F21.7",4,0,6,10,40,4
"RP11-293A21.1",4,0,10,14,28.5714285714286,4
"RP11-293M10.6",4,0,15,19,21.0526315789474,4
"RP11-297N6.4",4,1,10,15,26.6666666666667,5
"RP11-299J3.8",4,0,13,17,23.5294117647059,4
"RP11-301O19.1",4,0,12,16,25,4
"RP11-302M6.4",4,0,15,19,21.0526315789474,4
"RP11-304L19.11",4,0,3,7,57.1428571428571,4
"RP11-304L19.12",4,0,3,7,57.1428571428571,4
"RP11-304L19.8",4,0,3,7,57.1428571428571,4
"RP11-307C12.12",4,0,6,10,40,4
"RP11-309L24.2",4,0,2,6,66.6666666666667,4
"RP11-309L24.4",4,0,2,6,66.6666666666667,4
"RP11-309L24.9",4,0,2,6,66.6666666666667,4
"RP11-310H4.1",4,0,16,20,20,4
"RP11-315D16.4",4,0,4,8,50,4
"RP11-320M2.1",4,0,17,21,19.047619047619,4
"RP11-326A19.3",4,0,6,10,40,4
"RP11-335O13.8",4,0,4,8,50,4
"RP11-338C15.5",4,0,6,10,40,4
"RP11-33N16.3",4,0,5,9,44.4444444444444,4
"RP11-346C20.3",4,0,11,15,26.6666666666667,4
"RP11-346C20.4",4,0,11,15,26.6666666666667,4
"RP11-349I1.2",4,0,1,5,80,4
"RP11-359B12.2",4,0,9,13,30.7692307692308,4
"RP11-359D14.2",4,0,4,8,50,4
"RP11-360L9.7",4,0,0,4,100,4
"RP11-36B15.1",4,0,4,8,50,4
"RP11-374P20.4",4,0,1,5,80,4
"RP11-378J18.3",4,1,4,9,44.4444444444444,5
"RP11-37C7.3",4,0,9,13,30.7692307692308,4
"RP11-381K20.2",4,0,5,9,44.4444444444444,4
"RP11-390K5.6",4,0,4,8,50,4
"RP11-392B6.1",4,0,3,7,57.1428571428571,4
"RP11-400L8.2",4,0,1,5,80,4
"RP11-415J8.3",4,0,4,8,50,4
"RP11-421L21.2",4,0,7,11,36.3636363636364,4
"RP11-421L21.3",4,0,10,14,28.5714285714286,4
"RP11-424N24.2",4,0,1,5,80,4
"RP11-463D19.2",4,2,12,18,22.2222222222222,6
"RP11-463P17.3",4,0,17,21,19.047619047619,4
"RP11-465L10.10",4,0,7,11,36.3636363636364,4
"RP11-467D18.2",4,0,4,8,50,4
"RP11-46A10.2",4,0,5,9,44.4444444444444,4
"RP11-46A10.5",4,0,3,7,57.1428571428571,4
"RP11-475O23.2",4,0,6,10,40,4
"RP11-486A14.2",4,0,9,13,30.7692307692308,4
"RP11-500C11.3",4,0,2,6,66.6666666666667,4
"RP11-505P4.6",4,0,11,15,26.6666666666667,4
"RP11-509J21.1",4,0,1,5,80,4
"RP11-51F16.9",4,0,2,6,66.6666666666667,4
"RP11-524O1.4",4,0,6,10,40,4
"RP11-529K1.2",4,0,1,5,80,4
"RP11-52M17.1",4,0,5,9,44.4444444444444,4
"RP11-530C5.1",4,0,2,6,66.6666666666667,4
"RP11-545N8.3",4,0,7,11,36.3636363636364,4
"RP11-550A5.2",4,1,4,9,44.4444444444444,5
"RP11-559N14.5",4,0,4,8,50,4
"RP11-568N6.1",4,0,12,16,25,4
"RP11-571M6.7",4,0,8,12,33.3333333333333,4
"RP11-571M6.8",4,0,8,12,33.3333333333333,4
"RP11-589C21.5",4,0,9,13,30.7692307692308,4
"RP11-58K22.4",4,1,11,16,25,5
"RP11-58K22.5",4,1,11,16,25,5
"RP11-599B13.6",4,0,10,14,28.5714285714286,4
"RP11-599B13.7",4,0,10,14,28.5714285714286,4
"RP11-603J24.17",4,1,13,18,22.2222222222222,5
"RP11-613C6.2",4,0,6,10,40,4
"RP11-61E11.1",4,0,7,11,36.3636363636364,4
"RP11-659E9.2",4,0,13,17,23.5294117647059,4
"RP11-659E9.4",4,0,13,17,23.5294117647059,4
"RP11-662I13.2",4,0,7,11,36.3636363636364,4
"RP11-664D1.1",4,0,6,10,40,4
"RP11-67A1.2",4,0,12,16,25,4
"RP11-689P11.3",4,1,9,14,28.5714285714286,5
"RP11-69E9.1",4,0,5,9,44.4444444444444,4
"RP11-6N17.4",4,0,6,10,40,4
"RP11-727A23.10",4,1,27,32,12.5,5
"RP11-727F15.11",4,0,7,11,36.3636363636364,4
"RP11-727F15.9",4,0,7,11,36.3636363636364,4
"RP11-728F11.4",4,0,8,12,33.3333333333333,4
"RP11-73K9.2",4,0,13,17,23.5294117647059,4
"RP11-73M7.6",4,0,9,13,30.7692307692308,4
"RP11-74C1.2",4,0,11,15,26.6666666666667,4
"RP11-755B10.4",4,0,6,10,40,4
"RP11-761I4.3",4,0,7,11,36.3636363636364,4
"RP11-778D12.2",4,0,3,7,57.1428571428571,4
"RP11-794M8.1",4,0,15,19,21.0526315789474,4
"RP11-796E2.4",4,0,18,22,18.1818181818182,4
"RP11-7F18.2",4,1,8,13,30.7692307692308,5
"RP11-7O11.3",4,0,2,6,66.6666666666667,4
"RP11-816J6.3",4,0,7,11,36.3636363636364,4
"RP11-840I19.3",4,0,8,12,33.3333333333333,4
"RP11-84A14.5",4,0,3,7,57.1428571428571,4
"RP11-84C10.4",4,0,6,10,40,4
"RP11-84G21.1",4,0,6,10,40,4
"RP11-867G23.9",4,0,1,5,80,4
"RP11-881M11.2",4,0,7,11,36.3636363636364,4
"RP11-90L20.2",4,0,4,8,50,4
"RP13-225O21.2",4,0,6,10,40,4
"RP13-235E23.1",4,0,8,12,33.3333333333333,4
"RP3-403L10.3",4,0,3,7,57.1428571428571,4
"RP3-423B22.5",4,0,4,8,50,4
"RP3-467K16.2",4,0,7,11,36.3636363636364,4
"RP4-533D7.4",4,0,2,6,66.6666666666667,4
"RP4-616B8.4",4,0,22,26,15.3846153846154,4
"RP4-665N4.4",4,0,4,8,50,4
"RP4-673M15.1",4,0,8,12,33.3333333333333,4
"RP4-676L2.1",4,0,14,18,22.2222222222222,4
"RP4-800G7.2",4,0,19,23,17.3913043478261,4
"RP5-1007M22.2",4,0,15,19,21.0526315789474,4
"RP5-1057I20.2",4,0,9,13,30.7692307692308,4
"RP5-1077B9.5",4,0,6,10,40,4
"RP5-1096D14.3",4,0,2,6,66.6666666666667,4
"RP5-1103G7.4",4,0,5,9,44.4444444444444,4
"RP5-1120P11.1",4,0,11,15,26.6666666666667,4
"RP5-866L20.2",4,0,4,8,50,4
"RP5-940J5.6",4,0,8,12,33.3333333333333,4
"RPL15",4,0,8,12,33.3333333333333,4
"RPL23",4,0,1,5,80,4
"RPL34P26",4,0,5,9,44.4444444444444,4
"RPL38",4,0,2,6,66.6666666666667,4
"RPL39P",4,0,11,15,26.6666666666667,4
"RPL41",4,1,13,18,22.2222222222222,5
"RPP25",4,0,5,9,44.4444444444444,4
"RPS11P6",4,0,18,22,18.1818181818182,4
"RPS20P35",4,0,1,5,80,4
"RPS25",4,0,6,10,40,4
"RPS8",4,0,5,9,44.4444444444444,4
"RPS9",4,0,9,13,30.7692307692308,4
"RSPH3",4,0,11,15,26.6666666666667,4
"RSPH9",4,0,9,13,30.7692307692308,4
"RTFDC1",4,0,17,21,19.047619047619,4
"RTN2",4,0,12,16,25,4
"RXFP4",4,0,11,15,26.6666666666667,4
"S100A10",4,0,6,10,40,4
"S100A12",4,0,4,8,50,4
"SAMD4A",4,0,18,22,18.1818181818182,4
"SAP18",4,0,22,26,15.3846153846154,4
"SAR1B",4,0,6,10,40,4
"SARNP",4,0,8,12,33.3333333333333,4
"SBF2",4,0,15,19,21.0526315789474,4
"SCAMP5",4,0,8,12,33.3333333333333,4
"SCARB1",4,0,5,9,44.4444444444444,4
"SCARNA11",4,0,8,12,33.3333333333333,4
"SCFD2",4,0,12,16,25,4
"SCNN1A",4,0,2,6,66.6666666666667,4
"SEC23B",4,0,19,23,17.3913043478261,4
"SEC24B",4,0,7,11,36.3636363636364,4
"SEC24B-AS1",4,0,7,11,36.3636363636364,4
"SEC31B",4,0,14,18,22.2222222222222,4
"SELT",4,0,19,23,17.3913043478261,4
"SEMA4A",4,0,8,12,33.3333333333333,4
"SEMA7A",4,0,6,10,40,4
"SEPT1",4,0,6,10,40,4
"SEPT3",4,0,5,9,44.4444444444444,4
"SERP2",4,0,7,11,36.3636363636364,4
"SERPING1",4,0,4,8,50,4
"SFTPC",4,0,1,5,80,4
"SGK223",4,0,14,18,22.2222222222222,4
"SH3BGR",4,0,7,11,36.3636363636364,4
"SH3RF3",4,0,7,11,36.3636363636364,4
"SH3RF3-AS1",4,0,7,11,36.3636363636364,4
"SHISA7",4,0,10,14,28.5714285714286,4
"SIAH2",4,0,14,18,22.2222222222222,4
"SIAH2-AS1",4,0,14,18,22.2222222222222,4
"SIRT4",4,0,4,8,50,4
"SIT1",4,0,3,7,57.1428571428571,4
"SKAP1",4,1,11,16,25,5
"SLAMF6",4,0,11,15,26.6666666666667,4
"SLC12A5",4,0,7,11,36.3636363636364,4
"SLC16A13",4,0,7,11,36.3636363636364,4
"SLC16A14",4,0,7,11,36.3636363636364,4
"SLC16A6",4,0,3,7,57.1428571428571,4
"SLC25A32",4,0,1,5,80,4
"SLC25A39",4,0,4,8,50,4
"SLC26A1",4,0,0,4,100,4
"SLC29A1",4,0,14,18,22.2222222222222,4
"SLC30A3",4,0,12,16,25,4
"SLC33A1",4,0,4,8,50,4
"SLC39A10",4,0,2,6,66.6666666666667,4
"SLC39A2",4,0,6,10,40,4
"SLC39A5",4,0,10,14,28.5714285714286,4
"SLC39A9",4,1,15,20,20,5
"SLC4A3",4,0,6,10,40,4
"SLC5A2",4,0,6,10,40,4
"SLC6A6",4,0,13,17,23.5294117647059,4
"SLC7A11",4,0,9,13,30.7692307692308,4
"SLC9A4",4,0,9,13,30.7692307692308,4
"SLC9B1",4,0,20,24,16.6666666666667,4
"SLMO2",4,0,12,16,25,4
"SMARCA2",4,0,3,7,57.1428571428571,4
"SMC4",4,0,7,11,36.3636363636364,4
"SMCO1",4,0,5,9,44.4444444444444,4
"SMG7",4,0,14,18,22.2222222222222,4
"SMG7-AS1",4,0,14,18,22.2222222222222,4
"SNHG6",4,1,3,8,50,5
"SNORA1.4",4,0,6,10,40,4
"SNORA13",4,1,6,11,36.3636363636364,5
"SNORA14A",4,0,4,8,50,4
"SNORA21",4,0,1,5,80,4
"SNORA21.1",4,0,1,5,80,4
"SNORA26.6",4,0,9,13,30.7692307692308,4
"SNORA29",4,1,21,26,15.3846153846154,5
"SNORA30.1",4,0,5,9,44.4444444444444,4
"SNORA48.3",4,0,13,17,23.5294117647059,4
"SNORA58.2",4,0,8,12,33.3333333333333,4
"SNORA63.12",4,0,7,11,36.3636363636364,4
"SNORA63.8",4,1,8,13,30.7692307692308,5
"SNORA75",4,0,9,13,30.7692307692308,4
"SNORD111B",4,0,8,12,33.3333333333333,4
"SNORD112.1",4,0,8,12,33.3333333333333,4
"SNORD112.12",4,0,5,9,44.4444444444444,4
"SNORD112.30",4,0,19,23,17.3913043478261,4
"SNORD112.36",4,0,4,8,50,4
"SNORD118",4,0,10,14,28.5714285714286,4
"SNORD12C",4,0,3,7,57.1428571428571,4
"SNORD20",4,0,9,13,30.7692307692308,4
"SNORD38A",4,0,5,9,44.4444444444444,4
"SNORD46",4,0,5,9,44.4444444444444,4
"SNORD69",4,0,6,10,40,4
"SNORD78",4,0,8,12,33.3333333333333,4
"SNORD83.1",4,0,13,17,23.5294117647059,4
"SNORD87",4,1,3,8,50,5
"SNORD89",4,0,13,17,23.5294117647059,4
"SNORD91A",4,0,4,8,50,4
"SNORD91B",4,0,4,8,50,4
"SNORD94",4,0,15,19,21.0526315789474,4
"snoU13.1",4,0,17,21,19.047619047619,4
"snoU13.117",4,0,3,7,57.1428571428571,4
"snoU13.123",4,0,12,16,25,4
"snoU13.136",4,0,7,11,36.3636363636364,4
"snoU13.209",4,0,11,15,26.6666666666667,4
"snoU13.24",4,1,13,18,22.2222222222222,5
"snoU13.258",4,0,10,14,28.5714285714286,4
"snoU13.274",4,0,6,10,40,4
"snoU13.312",4,0,7,11,36.3636363636364,4
"snoU13.318",4,0,9,13,30.7692307692308,4
"snoU13.402",4,0,8,12,33.3333333333333,4
"snoU13.408",4,0,4,8,50,4
"snoU13.66",4,0,2,6,66.6666666666667,4
"SNX1",4,0,9,13,30.7692307692308,4
"SNX17",4,0,14,18,22.2222222222222,4
"SP2",4,0,6,10,40,4
"SPAG8",4,0,5,9,44.4444444444444,4
"SPRED3",4,0,5,9,44.4444444444444,4
"SPRY1",4,0,6,10,40,4
"SQSTM1",4,0,2,6,66.6666666666667,4
"SRD5A1",4,0,23,27,14.8148148148148,4
"SRSF3",4,0,4,8,50,4
"SSBP2",4,0,8,12,33.3333333333333,4
"SSC5D",4,0,15,19,21.0526315789474,4
"ST14",4,0,2,6,66.6666666666667,4
"ST3GAL4",4,0,12,16,25,4
"STAG1",4,0,17,21,19.047619047619,4
"STARD5",4,0,7,11,36.3636363636364,4
"STK17A",4,0,13,17,23.5294117647059,4
"STK32B",4,0,6,10,40,4
"STK38L",4,0,6,10,40,4
"STOM",4,0,5,9,44.4444444444444,4
"STX10",4,1,5,10,40,5
"STX16",4,0,7,11,36.3636363636364,4
"STX16-NPEPL1",4,0,7,11,36.3636363636364,4
"STX1B",4,0,15,19,21.0526315789474,4
"STX5",4,0,7,11,36.3636363636364,4
"STXBP3",4,0,2,6,66.6666666666667,4
"STXBP4",4,0,7,11,36.3636363636364,4
"STXBP5",4,0,12,16,25,4
"STXBP5-AS1",4,0,12,16,25,4
"SUGP1",4,0,7,11,36.3636363636364,4
"SUPT16H",4,0,6,10,40,4
"SUSD3",4,0,9,13,30.7692307692308,4
"SYK",4,1,12,17,23.5294117647059,5
"SYNE1",4,0,16,20,20,4
"SYTL1",4,0,0,4,100,4
"TACO1",4,0,2,6,66.6666666666667,4
"TAF1A",4,1,4,9,44.4444444444444,5
"TAF2",4,0,6,10,40,4
"TAF4",4,0,6,10,40,4
"TAF6L",4,0,7,11,36.3636363636364,4
"TAF8",4,0,6,10,40,4
"TAF9",4,0,13,17,23.5294117647059,4
"TANK",4,0,18,22,18.1818181818182,4
"TAS2R40",4,0,13,17,23.5294117647059,4
"TBC1D19",4,0,8,12,33.3333333333333,4
"TBC1D30",4,0,3,7,57.1428571428571,4
"TBC1D4",4,0,1,5,80,4
"TBC1D7",4,0,9,13,30.7692307692308,4
"TBC1D9B",4,0,7,11,36.3636363636364,4
"TBCCD1",4,0,15,19,21.0526315789474,4
"TBK1",4,0,12,16,25,4
"TBPL2",4,1,6,11,36.3636363636364,5
"TCAIM",4,0,1,5,80,4
"TCF12",4,0,7,11,36.3636363636364,4
"TCTN1",4,0,8,12,33.3333333333333,4
"TCTN3",4,0,11,15,26.6666666666667,4
"TDP1",4,0,5,9,44.4444444444444,4
"TECPR1",4,0,8,12,33.3333333333333,4
"TEKT2",4,0,4,8,50,4
"TET3",4,0,19,23,17.3913043478261,4
"TEX30",4,0,9,13,30.7692307692308,4
"TEX9",4,0,6,10,40,4
"TGFB1I1",4,0,6,10,40,4
"THAP1",4,0,5,9,44.4444444444444,4
"THAP11",4,0,3,7,57.1428571428571,4
"THAP6",4,0,15,19,21.0526315789474,4
"THOC7",4,0,13,17,23.5294117647059,4
"THOC7-AS1",4,0,13,17,23.5294117647059,4
"TIMELESS",4,0,7,11,36.3636363636364,4
"TLR1",4,0,5,9,44.4444444444444,4
"TLR6",4,0,5,9,44.4444444444444,4
"TMBIM1",4,0,12,16,25,4
"TMED9",4,0,3,7,57.1428571428571,4
"TMEM107",4,0,10,14,28.5714285714286,4
"TMEM11",4,0,4,8,50,4
"TMEM126A",4,0,8,12,33.3333333333333,4
"TMEM141",4,1,7,12,33.3333333333333,5
"TMEM158",4,0,3,7,57.1428571428571,4
"TMEM176A",4,0,7,11,36.3636363636364,4
"TMEM176B",4,0,7,11,36.3636363636364,4
"TMEM177",4,0,10,14,28.5714285714286,4
"TMEM182",4,0,10,14,28.5714285714286,4
"TMEM192",4,1,16,21,19.047619047619,5
"TMEM245",4,1,22,27,14.8148148148148,5
"TMEM52",4,0,1,5,80,4
"TMEM52B",4,0,4,8,50,4
"TMEM63B",4,0,11,15,26.6666666666667,4
"TMEM67",4,0,8,12,33.3333333333333,4
"TMEM72",4,1,12,17,23.5294117647059,5
"TMEM86B",4,0,10,14,28.5714285714286,4
"TMPRSS13",4,0,8,12,33.3333333333333,4
"TMTC4",4,0,16,20,20,4
"TMX2",4,1,7,12,33.3333333333333,5
"TMX2-CTNND1",4,1,7,12,33.3333333333333,5
"TNNI3",4,0,4,8,50,4
"TNNT1",4,0,7,11,36.3636363636364,4
"TNP2",4,0,13,17,23.5294117647059,4
"TOP2B",4,0,16,20,20,4
"TPCN2",4,0,3,7,57.1428571428571,4
"TPM1",4,0,8,12,33.3333333333333,4
"TPM3",4,0,5,9,44.4444444444444,4
"TPST1",4,0,8,12,33.3333333333333,4
"TRAPPC4",4,0,6,10,40,4
"TRAPPC9",4,0,1,5,80,4
"TREH",4,0,4,8,50,4
"TREML2",4,0,5,9,44.4444444444444,4
"TRIM24",4,0,13,17,23.5294117647059,4
"TRIM54",4,0,8,12,33.3333333333333,4
"TRIM66",4,0,4,8,50,4
"TRMT1",4,0,1,5,80,4
"TRMT10A",4,0,3,7,57.1428571428571,4
"TRMT44",4,1,9,14,28.5714285714286,5
"TSEN54",4,0,2,6,66.6666666666667,4
"TSSC2",4,0,5,9,44.4444444444444,4
"TSSC4",4,0,0,4,100,4
"TSSK4",4,0,21,25,16,4
"TTC4",4,0,3,7,57.1428571428571,4
"TTC7B",4,0,3,7,57.1428571428571,4
"TTYH2",4,0,2,6,66.6666666666667,4
"TUBA1C",4,0,6,10,40,4
"TUBB",4,0,13,17,23.5294117647059,4
"TUSC2",4,0,7,11,36.3636363636364,4
"TWF1",4,1,20,25,16,5
"TXNL4B",4,0,24,28,14.2857142857143,4
"TXNRD3",4,0,6,10,40,4
"U3.43",4,0,3,7,57.1428571428571,4
"U3.7",4,0,11,15,26.6666666666667,4
"UBA3",4,0,5,9,44.4444444444444,4
"UBA5",4,1,20,25,16,5
"UBE2D3",4,0,9,13,30.7692307692308,4
"UBE2E2",4,0,14,18,22.2222222222222,4
"UBE2E3",4,0,14,18,22.2222222222222,4
"UBE2W",4,2,12,18,22.2222222222222,6
"UBL7",4,0,5,9,44.4444444444444,4
"UBL7-AS1",4,0,5,9,44.4444444444444,4
"UBR2",4,0,8,12,33.3333333333333,4
"UBTD2",4,0,7,11,36.3636363636364,4
"UBXN1",4,0,6,10,40,4
"UCHL1",4,2,4,10,40,6
"UCHL1-AS1",4,2,4,10,40,6
"UCN",4,0,8,12,33.3333333333333,4
"UHRF1BP1L",4,1,18,23,17.3913043478261,5
"ULK3",4,0,8,12,33.3333333333333,4
"UMODL1",4,0,6,10,40,4
"UNC50",4,0,13,17,23.5294117647059,4
"USO1",4,0,12,16,25,4
"USP3",4,0,13,17,23.5294117647059,4
"USP3-AS1",4,0,9,13,30.7692307692308,4
"UST",4,0,19,23,17.3913043478261,4
"UTP6",4,0,9,13,30.7692307692308,4
"VAC14",4,0,6,10,40,4
"VAMP2",4,0,10,14,28.5714285714286,4
"VAMP3",4,0,2,6,66.6666666666667,4
"VANGL2",4,0,12,16,25,4
"VCAN-AS1",4,0,10,14,28.5714285714286,4
"VEZF1",4,0,12,16,25,4
"VNN2",4,0,11,15,26.6666666666667,4
"VOPP1",4,0,16,20,20,4
"VPS29",4,0,5,9,44.4444444444444,4
"VRK1",4,0,13,17,23.5294117647059,4
"WARS",4,0,10,14,28.5714285714286,4
"WASF2",4,0,3,7,57.1428571428571,4
"WBSCR28",4,0,7,11,36.3636363636364,4
"WDR27",4,0,14,18,22.2222222222222,4
"WDR33",4,1,9,14,28.5714285714286,5
"WDR45B",4,0,2,6,66.6666666666667,4
"WDR5B",4,0,13,17,23.5294117647059,4
"WDR64",4,0,11,15,26.6666666666667,4
"WISP1",4,0,17,21,19.047619047619,4
"WNK1",4,0,4,8,50,4
"WWTR1",4,0,13,17,23.5294117647059,4
"WWTR1-AS1",4,0,12,16,25,4
"XXbac-BPG252P9.9",4,0,13,17,23.5294117647059,4
"XXYLT1",4,0,13,17,23.5294117647059,4
"XXYLT1-AS1",4,0,12,16,25,4
"Y_RNA.249",4,0,14,18,22.2222222222222,4
"Y_RNA.495",4,0,17,21,19.047619047619,4
"Y_RNA.548",4,0,7,11,36.3636363636364,4
"Y_RNA.592",4,0,7,11,36.3636363636364,4
"Y_RNA.839",4,0,9,13,30.7692307692308,4
"YWHAQ",4,0,4,8,50,4
"Z69890.1",4,0,6,10,40,4
"ZBTB16",4,0,6,10,40,4
"ZBTB20",4,0,21,25,16,4
"ZBTB37",4,0,8,12,33.3333333333333,4
"ZBTB46",4,0,0,4,100,4
"ZC3H6",4,0,9,13,30.7692307692308,4
"ZEB1",4,0,9,13,30.7692307692308,4
"ZEB1-AS1",4,0,9,13,30.7692307692308,4
"ZFAS1",4,0,3,7,57.1428571428571,4
"ZFHX3",4,0,11,15,26.6666666666667,4
"ZFP36L1",4,0,16,20,20,4
"ZKSCAN2",4,0,7,11,36.3636363636364,4
"ZKSCAN7",4,0,5,9,44.4444444444444,4
"ZMYM4",4,0,7,11,36.3636363636364,4
"ZMYND15",4,0,4,8,50,4
"ZMYND8",4,0,11,15,26.6666666666667,4
"ZNF174",4,0,7,11,36.3636363636364,4
"ZNF195",4,0,5,9,44.4444444444444,4
"ZNF235",4,2,28,34,11.7647058823529,6
"ZNF326",4,0,10,14,28.5714285714286,4
"ZNF395",4,0,4,8,50,4
"ZNF444",4,0,6,10,40,4
"ZNF470",4,0,31,35,11.4285714285714,4
"ZNF513",4,0,8,12,33.3333333333333,4
"ZNF518B",4,0,12,16,25,4
"ZNF583",4,2,41,47,8.51063829787234,6
"ZNF585A",4,4,44,52,7.69230769230769,8
"ZNF621",4,0,8,12,33.3333333333333,4
"ZNF628",4,0,10,14,28.5714285714286,4
"ZNF639",4,0,23,27,14.8148148148148,4
"ZNF691",4,0,0,4,100,4
"ZNF692",4,0,7,11,36.3636363636364,4
"ZNF706",4,0,8,12,33.3333333333333,4
"ZNF764",4,0,3,7,57.1428571428571,4
"ZNF805",4,0,17,21,19.047619047619,4
"ZNFX1",4,0,3,7,57.1428571428571,4
"ZNHIT1",4,0,2,6,66.6666666666667,4
"ZPBP2",4,0,0,4,100,4
"ZSCAN32",4,0,7,11,36.3636363636364,4
"ZYX",4,0,14,18,22.2222222222222,4
"ZZZ3",4,1,10,15,26.6666666666667,5
"ABCA7",3,0,0,3,100,3
"ABCC3",3,0,9,12,25,3
"ABCC5-AS1",3,0,2,5,60,3
"ABHD14A",3,1,5,9,33.3333333333333,4
"ABHD14A-ACY1",3,1,5,9,33.3333333333333,4
"ABHD14B",3,1,5,9,33.3333333333333,4
"ABT1",3,1,30,34,8.82352941176471,4
"AC000403.1",3,0,15,18,16.6666666666667,3
"AC004691.5",3,0,8,11,27.2727272727273,3
"AC004893.11",3,0,12,15,20,3
"AC004941.3",3,0,4,7,42.8571428571429,3
"AC005703.2",3,0,5,8,37.5,3
"AC005703.3",3,0,5,8,37.5,3
"AC006042.6",3,0,7,10,30,3
"AC006435.1",3,1,9,13,23.0769230769231,4
"AC006994.2",3,0,12,15,20,3
"AC006994.3",3,0,12,15,20,3
"AC007038.7",3,0,7,10,30,3
"AC007163.6",3,0,9,12,25,3
"AC007271.3",3,0,9,12,25,3
"AC007405.8",3,4,18,25,12,7
"AC007421.1",3,0,7,10,30,3
"AC007773.2",3,0,7,10,30,3
"AC007773.3",3,0,7,10,30,3
"AC008781.7",3,0,4,7,42.8571428571429,3
"AC008937.2",3,0,12,15,20,3
"AC009065.1",3,0,0,3,100,3
"AC009303.1",3,1,5,9,33.3333333333333,4
"AC009336.1",3,1,32,36,8.33333333333333,4
"AC009501.4",3,1,11,15,20,4
"AC009506.1",3,0,8,11,27.2727272727273,3
"AC009961.3",3,0,6,9,33.3333333333333,3
"AC010136.2",3,0,0,3,100,3
"AC010295.1",3,1,9,13,23.0769230769231,4
"AC010468.2",3,0,9,12,25,3
"AC010733.4",3,0,5,8,37.5,3
"AC010761.6",3,0,2,5,60,3
"AC011465.1",3,0,5,8,37.5,3
"AC011558.5",3,0,0,3,100,3
"AC011899.9",3,0,18,21,14.2857142857143,3
"AC012363.4",3,1,15,19,15.7894736842105,4
"AC012456.4",3,0,6,9,33.3333333333333,3
"AC012506.4",3,0,3,6,50,3
"AC012613.2",3,0,3,6,50,3
"AC013264.2",3,0,9,12,25,3
"AC016712.1",3,0,6,9,33.3333333333333,3
"AC016738.3",3,0,6,9,33.3333333333333,3
"AC016738.4",3,0,4,7,42.8571428571429,3
"AC016910.1",3,0,4,7,42.8571428571429,3
"AC018755.2",3,0,12,15,20,3
"AC020922.1",3,0,5,8,37.5,3
"AC022431.2",3,0,21,24,12.5,3
"AC023593.1",3,0,2,5,60,3
"AC024580.1",3,0,4,7,42.8571428571429,3
"AC026956.1",3,1,8,12,25,4
"AC027281.1",3,0,21,24,12.5,3
"AC037459.4",3,0,10,13,23.0769230769231,3
"AC055813.1",3,0,5,8,37.5,3
"AC069287.1",3,0,2,5,60,3
"AC074138.3",3,1,21,25,12,4
"AC074323.1",3,0,2,5,60,3
"AC074338.5",3,0,4,7,42.8571428571429,3
"AC080032.1",3,0,4,7,42.8571428571429,3
"AC091697.1",3,0,8,11,27.2727272727273,3
"AC092675.3",3,0,6,9,33.3333333333333,3
"AC093415.2",3,0,5,8,37.5,3
"AC097461.4",3,0,5,8,37.5,3
"AC100830.4",3,0,8,11,27.2727272727273,3
"AC100830.5",3,0,8,11,27.2727272727273,3
"AC104655.2",3,0,5,8,37.5,3
"AC105053.3",3,0,16,19,15.7894736842105,3
"AC106782.20",3,0,5,8,37.5,3
"AC120194.1",3,0,6,9,33.3333333333333,3
"AC121757.1",3,0,6,9,33.3333333333333,3
"AC130469.2",3,0,1,4,75,3
"AC130689.1",3,0,2,5,60,3
"AC131971.1",3,0,1,4,75,3
"AC133528.2",3,0,4,7,42.8571428571429,3
"AC135048.1",3,0,13,16,18.75,3
"AC135050.5",3,0,7,10,30,3
"AC144652.1",3,0,20,23,13.0434782608696,3
"ACAD11",3,1,20,24,12.5,4
"ACAD9",3,0,1,4,75,3
"ACADM",3,1,14,18,16.6666666666667,4
"ACADS",3,0,5,8,37.5,3
"ACO2",3,0,4,7,42.8571428571429,3
"ACSF3",3,0,1,4,75,3
"ACSL1",3,0,12,15,20,3
"ACSS1",3,0,7,10,30,3
"ACY1",3,1,5,9,33.3333333333333,4
"AD000684.2",3,0,10,13,23.0769230769231,3
"ADAMTS10",3,0,2,5,60,3
"ADAMTS4",3,0,7,10,30,3
"ADCY4",3,0,11,14,21.4285714285714,3
"ADM",3,0,16,19,15.7894736842105,3
"ADORA2A-AS1",3,0,1,4,75,3
"ADORA3",3,0,4,7,42.8571428571429,3
"ADPGK",3,0,7,10,30,3
"ADPGK-AS1",3,0,7,10,30,3
"AF213884.2",3,0,16,19,15.7894736842105,3
"AFAP1L1",3,0,5,8,37.5,3
"AFMID",3,0,0,3,100,3
"AGO2",3,0,7,10,30,3
"AGPAT6",3,0,1,4,75,3
"AHCTF1",3,0,24,27,11.1111111111111,3
"AHCYL1",3,0,7,10,30,3
"AHCYL2",3,0,7,10,30,3
"AHCYP7",3,0,8,11,27.2727272727273,3
"AHSP",3,0,6,9,33.3333333333333,3
"AJUBA",3,0,6,9,33.3333333333333,3
"AK5",3,0,1,4,75,3
"AKAP11",3,0,2,5,60,3
"AKAP8L",3,0,3,6,50,3
"AKIP1",3,0,3,6,50,3
"AL021546.6",3,0,7,10,30,3
"AL022476.2",3,0,3,6,50,3
"AL079342.1",3,0,23,26,11.5384615384615,3
"AL096677.1",3,0,16,19,15.7894736842105,3
"AL117190.1",3,0,6,9,33.3333333333333,3
"AL136987.1",3,0,6,9,33.3333333333333,3
"AL138837.1",3,0,7,10,30,3
"AL139139.1",3,1,2,6,50,4
"AL139333.1",3,0,19,22,13.6363636363636,3
"AL157902.3",3,1,11,15,20,4
"AL354833.1",3,0,4,7,42.8571428571429,3
"AL354833.2",3,0,4,7,42.8571428571429,3
"AL354833.3",3,0,4,7,42.8571428571429,3
"AL359836.1",3,0,3,6,50,3
"AL390776.1",3,0,8,11,27.2727272727273,3
"AL391559.1",3,0,14,17,17.6470588235294,3
"AL513185.1",3,0,1,4,75,3
"AL583832.1",3,0,5,8,37.5,3
"AL645941.1",3,0,4,7,42.8571428571429,3
"ALDH1L2",3,0,9,12,25,3
"ALG11",3,0,19,22,13.6363636363636,3
"ALG8",3,0,6,9,33.3333333333333,3
"ALG9",3,0,10,13,23.0769230769231,3
"ALKBH4",3,0,2,5,60,3
"ALX4",3,0,4,7,42.8571428571429,3
"ALYREF",3,0,8,11,27.2727272727273,3
"AMIGO1",3,0,3,6,50,3
"AMPD3",3,0,16,19,15.7894736842105,3
"ANAPC11",3,0,8,11,27.2727272727273,3
"ANAPC2",3,1,2,6,50,4
"ANKEF1",3,0,10,13,23.0769230769231,3
"ANKLE2",3,0,3,6,50,3
"ANKRA2",3,0,7,10,30,3
"ANKRD16",3,0,4,7,42.8571428571429,3
"ANKRD31",3,0,10,13,23.0769230769231,3
"ANKRD44",3,0,15,18,16.6666666666667,3
"ANKRD49",3,0,11,14,21.4285714285714,3
"ANKRD52",3,0,7,10,30,3
"ANO7P1",3,0,1,4,75,3
"ANXA1",3,0,3,6,50,3
"ANXA4",3,0,7,10,30,3
"AP000442.1",3,0,2,5,60,3
"AP001362.1",3,0,1,4,75,3
"AP001412.1",3,0,6,9,33.3333333333333,3
"AP001442.2",3,0,2,5,60,3
"AP003068.9",3,0,1,4,75,3
"AP003733.1",3,0,7,10,30,3
"AP1G1",3,0,11,14,21.4285714285714,3
"AP1M1",3,0,1,4,75,3
"APBB3",3,0,7,10,30,3
"APC",3,0,14,17,17.6470588235294,3
"APOD",3,0,1,4,75,3
"APOE",3,0,4,7,42.8571428571429,3
"AQR",3,0,18,21,14.2857142857143,3
"ARHGAP21",3,0,7,10,30,3
"ARHGAP31-AS1",3,0,11,14,21.4285714285714,3
"ARHGEF1",3,0,5,8,37.5,3
"ARHGEF10L",3,0,0,3,100,3
"ARID4B",3,0,7,10,30,3
"ARIH1",3,0,16,19,15.7894736842105,3
"ARL3",3,0,3,6,50,3
"ARL6",3,0,11,14,21.4285714285714,3
"ARMC12",3,0,8,11,27.2727272727273,3
"ARTN",3,0,5,8,37.5,3
"ASB13",3,0,7,10,30,3
"ASB15",3,0,13,16,18.75,3
"ASB16",3,0,2,5,60,3
"ASCC3",3,2,12,17,17.6470588235294,5
"ASH1L",3,0,10,13,23.0769230769231,3
"ASIC3",3,0,4,7,42.8571428571429,3
"ASNSD1",3,0,5,8,37.5,3
"ASPG",3,0,4,7,42.8571428571429,3
"ASPH",3,0,11,14,21.4285714285714,3
"ATF7IP",3,0,3,6,50,3
"ATG4C",3,0,11,14,21.4285714285714,3
"ATG4D",3,0,2,5,60,3
"ATP1B3-AS1",3,0,4,7,42.8571428571429,3
"ATP2A3",3,0,4,7,42.8571428571429,3
"ATP2B2",3,0,6,9,33.3333333333333,3
"ATP2B4",3,0,8,11,27.2727272727273,3
"ATP5H",3,0,8,11,27.2727272727273,3
"ATP6V0A4",3,0,1,4,75,3
"ATP6V0B",3,0,1,4,75,3
"ATP7B",3,0,18,21,14.2857142857143,3
"ATP8A1",3,0,3,6,50,3
"ATR",3,0,5,8,37.5,3
"ATRAID",3,0,10,13,23.0769230769231,3
"AURKC",3,0,9,12,25,3
"B4GALT1",3,0,3,6,50,3
"BANF2",3,0,3,6,50,3
"BARHL2",3,0,7,10,30,3
"BAZ2B",3,0,8,11,27.2727272727273,3
"BBIP1",3,0,22,25,12,3
"BBS10",3,0,9,12,25,3
"BBS9",3,0,4,7,42.8571428571429,3
"BCAR3",3,0,10,13,23.0769230769231,3
"BCAT2",3,0,6,9,33.3333333333333,3
"BCL2L2",3,0,5,8,37.5,3
"BCL7C",3,0,5,8,37.5,3
"BDH2",3,0,14,17,17.6470588235294,3
"BHLHE40",3,0,15,18,16.6666666666667,3
"BHLHE40-AS1",3,0,15,18,16.6666666666667,3
"BID",3,0,9,12,25,3
"BIN2",3,0,3,6,50,3
"BLACE",3,1,23,27,11.1111111111111,4
"BLOC1S6",3,1,19,23,13.0434782608696,4
"BMS1",3,0,5,8,37.5,3
"BRD9",3,0,9,12,25,3
"BRE",3,0,6,9,33.3333333333333,3
"BSN-AS2",3,0,4,7,42.8571428571429,3
"BTBD1",3,1,10,14,21.4285714285714,4
"BTF3",3,1,15,19,15.7894736842105,4
"BTN2A2",3,0,8,11,27.2727272727273,3
"BUB3",3,0,12,15,20,3
"BZW1",3,0,9,12,25,3
"C11orf1",3,0,16,19,15.7894736842105,3
"C11orf24",3,0,4,7,42.8571428571429,3
"C11orf54",3,2,7,12,25,5
"C11orf57",3,0,5,8,37.5,3
"C11orf71",3,0,15,18,16.6666666666667,3
"C14orf159",3,0,8,11,27.2727272727273,3
"C14orf180",3,0,10,13,23.0769230769231,3
"C14orf79",3,0,3,6,50,3
"C15orf57",3,0,2,5,60,3
"C15orf61",3,0,4,7,42.8571428571429,3
"C16orf93",3,0,10,13,23.0769230769231,3
"C17orf59",3,0,5,8,37.5,3
"C17orf89",3,0,2,5,60,3
"C17orf98",3,0,0,3,100,3
"C17orf99",3,0,1,4,75,3
"C1orf177",3,0,1,4,75,3
"C1orf195",3,0,4,7,42.8571428571429,3
"C1orf216",3,0,8,11,27.2727272727273,3
"C1QA",3,0,2,5,60,3
"C1QBP",3,0,3,6,50,3
"C1QC",3,0,2,5,60,3
"C1QL4",3,0,3,6,50,3
"C1QTNF9B",3,0,21,24,12.5,3
"C1QTNF9B-AS1",3,0,16,19,15.7894736842105,3
"C20orf24",3,0,2,5,60,3
"C21orf33",3,0,4,7,42.8571428571429,3
"C2orf43",3,0,3,6,50,3
"C2orf48",3,0,10,13,23.0769230769231,3
"C3orf67",3,0,3,6,50,3
"C5orf24",3,0,9,12,25,3
"C6orf100",3,0,30,33,9.09090909090909,3
"C6orf57",3,0,15,18,16.6666666666667,3
"C7orf31",3,0,8,11,27.2727272727273,3
"C8G",3,0,2,5,60,3
"C8orf44",3,1,4,8,37.5,4
"C8orf49",3,0,8,11,27.2727272727273,3
"C8orf58",3,0,2,5,60,3
"C9orf172",3,0,3,6,50,3
"C9orf40",3,0,2,5,60,3
"C9orf78",3,0,7,10,30,3
"CA2",3,0,7,10,30,3
"CACNA1C",3,0,5,8,37.5,3
"CACNA1C-AS3",3,0,4,7,42.8571428571429,3
"CADM3",3,0,4,7,42.8571428571429,3
"CALCB",3,0,15,18,16.6666666666667,3
"CALML5",3,0,2,5,60,3
"CAMK1G",3,0,5,8,37.5,3
"CAMK2N2",3,0,4,7,42.8571428571429,3
"CAPZA1",3,0,9,12,25,3
"CASC4",3,0,9,12,25,3
"CASP8",3,0,10,13,23.0769230769231,3
"CBX1",3,1,8,12,25,4
"CCDC101",3,1,2,6,50,4
"CCDC112",3,0,4,7,42.8571428571429,3
"CCDC116",3,0,3,6,50,3
"CCDC117",3,0,3,6,50,3
"CCDC12",3,1,3,7,42.8571428571429,4
"CCDC13-AS1",3,0,7,10,30,3
"CCDC150",3,0,2,5,60,3
"CCDC183-AS1",3,1,6,10,30,4
"CCDC58",3,0,8,11,27.2727272727273,3
"CCDC6",3,0,13,16,18.75,3
"CCDC64",3,0,3,6,50,3
"CCDC85C",3,0,2,5,60,3
"CCL18",3,0,5,8,37.5,3
"CCL28",3,0,3,6,50,3
"CCNT2",3,0,5,8,37.5,3
"CCNT2-AS1",3,0,5,8,37.5,3
"CCT2",3,1,8,12,25,4
"CCT4",3,0,5,8,37.5,3
"CD101",3,0,9,12,25,3
"CD164L2",3,0,0,3,100,3
"CD1A",3,0,5,8,37.5,3
"CD1B",3,2,10,15,20,5
"CD2",3,0,8,11,27.2727272727273,3
"CD300LB",3,0,3,6,50,3
"CD34",3,0,3,6,50,3
"CD38",3,0,7,10,30,3
"CD3D",3,0,7,10,30,3
"CD3G",3,0,7,10,30,3
"CD53",3,0,8,11,27.2727272727273,3
"CD55",3,0,11,14,21.4285714285714,3
"CDC25B",3,0,3,6,50,3
"CDC37",3,0,2,5,60,3
"CDC42EP3",3,0,8,11,27.2727272727273,3
"CDCP2",3,0,3,6,50,3
"CDH1",3,0,1,4,75,3
"CDHR2",3,0,4,7,42.8571428571429,3
"CDK2",3,0,9,12,25,3
"CDK2AP1",3,0,2,5,60,3
"CDK5",3,0,4,7,42.8571428571429,3
"CDKAL1",3,0,13,16,18.75,3
"CDKL2",3,0,12,15,20,3
"CDKN1A",3,0,8,11,27.2727272727273,3
"CDKN2AIP",3,0,7,10,30,3
"CDS1",3,0,2,5,60,3
"CEACAM21",3,1,3,7,42.8571428571429,4
"CELF1",3,0,3,6,50,3
"CENPB",3,0,3,6,50,3
"CENPM",3,0,1,4,75,3
"CEP135",3,0,3,6,50,3
"CEP250",3,0,1,4,75,3
"CEP290",3,0,8,11,27.2727272727273,3
"CEP55",3,2,7,12,25,5
"CEP72",3,0,5,8,37.5,3
"CES2",3,0,2,5,60,3
"CHAC1",3,0,3,6,50,3
"CHCHD4",3,0,2,5,60,3
"CHEK2",3,0,3,6,50,3
"CHFR",3,0,6,9,33.3333333333333,3
"CHI3L1",3,0,3,6,50,3
"CHN1",3,0,13,16,18.75,3
"CHPT1",3,0,7,10,30,3
"CHTF8",3,1,5,9,33.3333333333333,4
"CIDEB",3,0,10,13,23.0769230769231,3
"CIRH1A",3,1,5,9,33.3333333333333,4
"CKM",3,0,5,8,37.5,3
"CLASP1",3,0,6,9,33.3333333333333,3
"CLEC2B",3,0,5,8,37.5,3
"CLEC7A",3,0,11,14,21.4285714285714,3
"CLK3",3,0,5,8,37.5,3
"CLSTN3",3,0,5,8,37.5,3
"CLUAP1",3,0,1,4,75,3
"CMTM3",3,0,1,4,75,3
"CNFN",3,0,9,12,25,3
"CNN2",3,0,0,3,100,3
"CNOT1",3,0,16,19,15.7894736842105,3
"CNOT2",3,1,4,8,37.5,4
"CNOT6L",3,0,3,6,50,3
"CNTN2",3,0,5,8,37.5,3
"COG5",3,0,14,17,17.6470588235294,3
"COL12A1",3,0,5,8,37.5,3
"COL6A3",3,0,9,12,25,3
"COL9A3",3,0,3,6,50,3
"COMMD1",3,0,5,8,37.5,3
"COMMD3",3,0,15,18,16.6666666666667,3
"COMMD3-BMI1",3,0,15,18,16.6666666666667,3
"COPA",3,0,8,11,27.2727272727273,3
"COPRS",3,0,7,10,30,3
"COPS7B",3,0,0,3,100,3
"COQ2",3,0,5,8,37.5,3
"COQ7",3,1,10,14,21.4285714285714,4
"CORO7",3,0,6,9,33.3333333333333,3
"CORO7-PAM16",3,0,6,9,33.3333333333333,3
"COX6A1",3,0,7,10,30,3
"COX6A1P2",3,0,10,13,23.0769230769231,3
"COX6B2",3,0,7,10,30,3
"CPEB3",3,1,8,12,25,4
"CPNE3",3,0,4,7,42.8571428571429,3
"CPQ",3,0,13,16,18.75,3
"CREB3",3,0,9,12,25,3
"CREBBP",3,0,5,8,37.5,3
"CREG1",3,0,29,32,9.375,3
"CRYBG3",3,0,12,15,20,3
"CSF3",3,0,4,7,42.8571428571429,3
"CSNK1G3",3,0,3,6,50,3
"CSNK2A1",3,0,2,5,60,3
"CSNK2A2",3,0,5,8,37.5,3
"CSRNP1",3,0,7,10,30,3
"CSRNP2",3,0,5,8,37.5,3
"CSRP1",3,0,8,11,27.2727272727273,3
"CSRP2BP",3,0,5,8,37.5,3
"CT62",3,0,10,13,23.0769230769231,3
"CTA-292E10.6",3,0,1,4,75,3
"CTA-363E6.7",3,0,9,12,25,3
"CTB-22K21.2",3,0,9,12,25,3
"CTB-36O1.7",3,0,0,3,100,3
"CTB-4E7.1",3,1,8,12,25,4
"CTB-60E11.9",3,0,5,8,37.5,3
"CTB-79E8.2",3,0,2,5,60,3
"CTBP1",3,0,6,9,33.3333333333333,3
"CTBP1-AS2",3,0,6,9,33.3333333333333,3
"CTC-338M12.1",3,0,4,7,42.8571428571429,3
"CTC-338M12.4",3,0,9,12,25,3
"CTC-338M12.6",3,0,9,12,25,3
"CTC-338M12.7",3,0,8,11,27.2727272727273,3
"CTC-432M15.3",3,0,6,9,33.3333333333333,3
"CTC-512J12.4",3,1,29,33,9.09090909090909,4
"CTC-534A2.2",3,1,18,22,13.6363636363636,4
"CTC1",3,0,2,5,60,3
"CTD-2113L7.1",3,0,14,17,17.6470588235294,3
"CTD-2176I21.2",3,0,8,11,27.2727272727273,3
"CTD-2270F17.1",3,0,7,10,30,3
"CTD-2292M16.7",3,0,8,11,27.2727272727273,3
"CTD-2369P2.4",3,0,7,10,30,3
"CTD-2555A7.1",3,0,1,4,75,3
"CTD-3065J16.9",3,0,5,8,37.5,3
"CTDSPL",3,0,5,8,37.5,3
"CTF1",3,0,5,8,37.5,3
"CTSA",3,0,5,8,37.5,3
"CTSB",3,0,0,3,100,3
"CTSK",3,0,4,7,42.8571428571429,3
"CWC22",3,0,15,18,16.6666666666667,3
"CWC27",3,1,9,13,23.0769230769231,4
"CWF19L1",3,0,18,21,14.2857142857143,3
"CWF19L2",3,0,21,24,12.5,3
"CXCL17",3,0,2,5,60,3
"CXCR5",3,0,6,9,33.3333333333333,3
"CYB561D1",3,0,20,23,13.0434782608696,3
"CYP17A1-AS1",3,0,2,5,60,3
"CYP26A1",3,2,8,13,23.0769230769231,5
"CYP2U1",3,0,5,8,37.5,3
"CYP4A22-AS1",3,0,12,15,20,3
"CYR61",3,0,8,11,27.2727272727273,3
"CYTH1",3,0,5,8,37.5,3
"CYTH4",3,0,4,7,42.8571428571429,3
"DANCR",3,0,16,19,15.7894736842105,3
"DAZAP2",3,0,3,6,50,3
"DCAKD",3,0,4,7,42.8571428571429,3
"DCTD",3,0,14,17,17.6470588235294,3
"DCTN2",3,0,8,11,27.2727272727273,3
"DDIT3",3,0,9,12,25,3
"DEFB136",3,1,14,18,16.6666666666667,4
"DENND4A",3,0,5,8,37.5,3
"DERL1",3,0,5,8,37.5,3
"DGKA",3,0,8,11,27.2727272727273,3
"DGKQ",3,0,0,3,100,3
"DGUOK",3,0,13,16,18.75,3
"DHCR7",3,0,12,15,20,3
"DHX15",3,0,15,18,16.6666666666667,3
"DHX16",3,0,4,7,42.8571428571429,3
"DIRC2",3,0,9,12,25,3
"DLG4",3,0,7,10,30,3
"DLK2",3,0,3,6,50,3
"DLL4",3,0,2,5,60,3
"DLX5",3,0,5,8,37.5,3
"DLX6",3,0,8,11,27.2727272727273,3
"DLX6-AS1",3,0,8,11,27.2727272727273,3
"DLX6-AS2",3,0,8,11,27.2727272727273,3
"DMKN",3,0,12,15,20,3
"DNAJC3",3,0,6,9,33.3333333333333,3
"DNAJC3-AS1",3,0,6,9,33.3333333333333,3
"DNAJC4",3,0,0,3,100,3
"DOCK2",3,0,3,6,50,3
"DOPEY1",3,0,19,22,13.6363636363636,3
"DPY19L3",3,0,7,10,30,3
"DSCR3",3,0,6,9,33.3333333333333,3
"DUS4L",3,0,14,17,17.6470588235294,3
"DUSP16",3,0,8,11,27.2727272727273,3
"DUT",3,0,8,11,27.2727272727273,3
"DYNLL2",3,0,4,7,42.8571428571429,3
"E2F2",3,0,2,5,60,3
"E2F4",3,0,2,5,60,3
"ECHDC1",3,0,14,17,17.6470588235294,3
"ECI1",3,0,0,3,100,3
"ECI2",3,0,4,7,42.8571428571429,3
"EDDM3A",3,0,5,8,37.5,3
"EDDM3B",3,0,7,10,30,3
"EDRF1",3,0,11,14,21.4285714285714,3
"EEF2",3,0,3,6,50,3
"EFCAB2",3,0,5,8,37.5,3
"EFCAB5",3,0,6,9,33.3333333333333,3
"EGFR",3,0,12,15,20,3
"EHBP1L1",3,0,2,5,60,3
"EID1",3,0,4,7,42.8571428571429,3
"EID2B",3,0,5,8,37.5,3
"EIF2AK2",3,0,6,9,33.3333333333333,3
"EIF3M",3,1,16,20,15,4
"EIF4A1P3",3,0,5,8,37.5,3
"EIF4A2",3,0,14,17,17.6470588235294,3
"EIF4G2",3,0,6,9,33.3333333333333,3
"EIF5A",3,0,12,15,20,3
"ELF2",3,0,7,10,30,3
"ELMOD3",3,0,10,13,23.0769230769231,3
"ELN",3,0,6,9,33.3333333333333,3
"ELP4",3,1,28,32,9.375,4
"ENG",3,0,1,4,75,3
"ENKUR",3,0,17,20,15,3
"ENTHD1",3,0,7,10,30,3
"ENTHD2",3,0,2,5,60,3
"ENTPD2",3,0,0,3,100,3
"EOMES",3,0,8,11,27.2727272727273,3
"EPAS1",3,0,9,12,25,3
"EPN2",3,0,8,11,27.2727272727273,3
"ERCC4",3,0,17,20,15,3
"ERI2",3,0,5,8,37.5,3
"ERI3",3,0,8,11,27.2727272727273,3
"ERO1L",3,0,9,12,25,3
"ERP27",3,0,9,12,25,3
"ESF1",3,0,10,13,23.0769230769231,3
"ESR1",3,0,3,6,50,3
"ESR2",3,0,7,10,30,3
"ESRRA",3,0,2,5,60,3
"EXOC3L1",3,0,2,5,60,3
"EXOSC4",3,0,5,8,37.5,3
"EXT1",3,1,22,26,11.5384615384615,4
"FADS3",3,0,3,6,50,3
"FAM124B",3,0,3,6,50,3
"FAM129B",3,0,1,4,75,3
"FAM131B",3,0,16,19,15.7894736842105,3
"FAM135A",3,0,14,17,17.6470588235294,3
"FAM150B",3,0,7,10,30,3
"FAM162A",3,0,8,11,27.2727272727273,3
"FAM187B",3,0,11,14,21.4285714285714,3
"FAM187B2P",3,0,11,14,21.4285714285714,3
"FAM188A",3,0,5,8,37.5,3
"FAM20B",3,0,12,15,20,3
"FAM26D",3,1,16,20,15,4
"FAM26E",3,0,9,12,25,3
"FAM26F",3,2,15,20,15,5
"FAM3C",3,0,11,14,21.4285714285714,3
"FAM46C",3,1,11,15,20,4
"FAM47E",3,0,11,14,21.4285714285714,3
"FAM63A",3,0,2,5,60,3
"FAM73A",3,1,9,13,23.0769230769231,4
"FAM81A",3,0,16,19,15.7894736842105,3
"FAM83A",3,0,1,4,75,3
"FAM89B",3,0,2,5,60,3
"FAM91A1",3,0,10,13,23.0769230769231,3
"FAM96B",3,0,2,5,60,3
"FAM98B",3,0,18,21,14.2857142857143,3
"FAM98C",3,0,4,7,42.8571428571429,3
"FAR2",3,0,5,8,37.5,3
"FARP1",3,0,2,5,60,3
"FBXL15",3,0,5,8,37.5,3
"FBXO15",3,0,6,9,33.3333333333333,3
"FBXO31",3,0,7,10,30,3
"FBXO47",3,0,1,4,75,3
"FBXO5",3,0,7,10,30,3
"FBXW5",3,0,2,5,60,3
"FCN3",3,0,0,3,100,3
"FCRLA",3,1,4,8,37.5,4
"FDXACB1",3,0,16,19,15.7894736842105,3
"FER",3,0,2,5,60,3
"FER1L5",3,0,3,6,50,3
"FES",3,0,9,12,25,3
"FIS1",3,0,0,3,100,3
"FIZ1",3,0,15,18,16.6666666666667,3
"FKBP2",3,0,0,3,100,3
"FKBP5",3,0,8,11,27.2727272727273,3
"FKRP",3,0,3,6,50,3
"FLII",3,0,5,8,37.5,3
"FLNB",3,0,8,11,27.2727272727273,3
"FLNB-AS1",3,0,6,9,33.3333333333333,3
"FLOT2",3,0,3,6,50,3
"FNDC7",3,0,0,3,100,3
"FNIP1",3,0,6,9,33.3333333333333,3
"FOLR3",3,0,8,11,27.2727272727273,3
"FOXM1",3,0,2,5,60,3
"FOXR1",3,0,12,15,20,3
"FPR1",3,0,14,17,17.6470588235294,3
"FPR2",3,0,14,17,17.6470588235294,3
"FTH1",3,0,7,10,30,3
"FTL",3,0,12,15,20,3
"FUT7",3,0,0,3,100,3
"FXR2",3,0,7,10,30,3
"GAD1",3,4,18,25,12,7
"GADD45G",3,0,4,7,42.8571428571429,3
"GALE",3,0,1,4,75,3
"GALNT10",3,1,16,20,15,4
"GALNT2",3,1,0,4,75,4
"GALNT4",3,1,8,12,25,4
"GALNT6",3,0,1,4,75,3
"GAPT",3,0,11,14,21.4285714285714,3
"GATA4",3,1,17,21,14.2857142857143,4
"GBA2",3,0,9,12,25,3
"GBAS",3,0,20,23,13.0434782608696,3
"GBGT1",3,0,1,4,75,3
"GBP4",3,0,8,11,27.2727272727273,3
"GBP6",3,0,7,10,30,3
"GCLM",3,0,3,6,50,3
"GDAP1",3,1,6,10,30,4
"GDF5",3,0,1,4,75,3
"GFOD2",3,0,6,9,33.3333333333333,3
"GGH",3,0,7,10,30,3
"GGNBP1",3,0,9,12,25,3
"GGPS1",3,0,7,10,30,3
"GGT6",3,0,5,8,37.5,3
"GHRH",3,0,2,5,60,3
"GIGYF2",3,0,6,9,33.3333333333333,3
"GIT2",3,0,8,11,27.2727272727273,3
"GLG1",3,0,15,18,16.6666666666667,3
"GLIPR1L1",3,0,6,9,33.3333333333333,3
"GLRX",3,0,12,15,20,3
"GLS2",3,0,4,7,42.8571428571429,3
"GMPR",3,0,3,6,50,3
"GNAQ",3,0,3,6,50,3
"GNB2L1",3,0,9,12,25,3
"GNPDA1",3,0,6,9,33.3333333333333,3
"GNS",3,0,4,7,42.8571428571429,3
"GORASP1",3,0,13,16,18.75,3
"GPATCH2",3,0,5,8,37.5,3
"GPATCH4",3,0,8,11,27.2727272727273,3
"GPC2",3,0,10,13,23.0769230769231,3
"GPCPD1",3,0,8,11,27.2727272727273,3
"GPHN",3,0,6,9,33.3333333333333,3
"GPR124",3,0,6,9,33.3333333333333,3
"GPR137B",3,0,4,7,42.8571428571429,3
"GPR146",3,0,1,4,75,3
"GPR19",3,0,12,15,20,3
"GPR87",3,0,3,6,50,3
"GPT2",3,0,9,12,25,3
"GPX4",3,0,2,5,60,3
"GPX8",3,0,5,8,37.5,3
"GRAP2",3,0,7,10,30,3
"GRK4",3,0,5,8,37.5,3
"GRSF1",3,0,8,11,27.2727272727273,3
"GSG1",3,0,12,15,20,3
"GSN",3,0,7,10,30,3
"GSTM3",3,0,4,7,42.8571428571429,3
"GTPBP2",3,0,6,9,33.3333333333333,3
"GTSF1",3,0,0,3,100,3
"GUCA1A",3,0,6,9,33.3333333333333,3
"GUCY1B3",3,0,4,7,42.8571428571429,3
"GUCY2D",3,0,9,12,25,3
"HAMP",3,0,8,11,27.2727272727273,3
"HAPLN4",3,0,12,15,20,3
"HCG14",3,0,17,20,15,3
"HECTD1",3,0,10,13,23.0769230769231,3
"HENMT1",3,0,3,6,50,3
"HES3",3,0,3,6,50,3
"HES6",3,0,7,10,30,3
"HES7",3,0,4,7,42.8571428571429,3
"HEXA",3,0,3,6,50,3
"HEXA-AS1",3,0,3,6,50,3
"HEY1",3,0,5,8,37.5,3
"HEY2",3,0,20,23,13.0434782608696,3
"HINT1",3,0,8,11,27.2727272727273,3
"HIST1H2AK",3,0,13,16,18.75,3
"HIST1H2BN",3,0,13,16,18.75,3
"HIST1H3I",3,1,22,26,11.5384615384615,4
"HIST2H2AA4",3,0,12,15,20,3
"HIST2H2BC",3,0,12,15,20,3
"HKDC1",3,1,4,8,37.5,4
"HMX2",3,0,12,15,20,3
"HNF1A-AS1",3,0,5,8,37.5,3
"HOMEZ",3,0,5,8,37.5,3
"HOOK1",3,0,5,8,37.5,3
"HOXA3",3,4,15,22,13.6363636363636,7
"HOXA4",3,2,11,16,18.75,5
"HOXA5",3,4,15,22,13.6363636363636,7
"HOXA6",3,4,15,22,13.6363636363636,7
"HOXB5",3,0,4,7,42.8571428571429,3
"HOXB7",3,0,2,5,60,3
"HOXD10",3,1,32,36,8.33333333333333,4
"HOXD11",3,1,33,37,8.10810810810811,4
"HOXD12",3,2,25,30,10,5
"HOXD13",3,1,25,29,10.3448275862069,4
"HP1BP3",3,0,7,10,30,3
"HPS4",3,0,7,10,30,3
"HSCB",3,0,3,6,50,3
"HSD17B8",3,0,3,6,50,3
"HSD3B7",3,0,13,16,18.75,3
"HSP90AB1",3,0,9,12,25,3
"HSPBAP1",3,0,9,12,25,3
"HSPD1",3,0,13,16,18.75,3
"HSPE1P7",3,0,10,13,23.0769230769231,3
"HVCN1",3,0,4,7,42.8571428571429,3
"ICAM1",3,0,7,10,30,3
"IFNGR1",3,0,13,16,18.75,3
"IFNLR1",3,0,8,11,27.2727272727273,3
"IFT74",3,0,23,26,11.5384615384615,3
"IFT80",3,0,2,5,60,3
"IK",3,0,13,16,18.75,3
"IKBKE",3,0,8,11,27.2727272727273,3
"IKZF4",3,0,7,10,30,3
"IL17RD",3,0,2,5,60,3
"IL17REL",3,0,5,8,37.5,3
"IL1R1",3,0,2,5,60,3
"IL1RN",3,0,3,6,50,3
"IL37",3,0,4,7,42.8571428571429,3
"IL8",3,1,19,23,13.0434782608696,4
"ILK",3,0,25,28,10.7142857142857,3
"IMMP1L",3,1,28,32,9.375,4
"INCENP",3,0,8,11,27.2727272727273,3
"ING5",3,0,4,7,42.8571428571429,3
"INSIG1",3,0,20,23,13.0434782608696,3
"IP6K3",3,0,9,12,25,3
"IQCH-AS1",3,0,4,7,42.8571428571429,3
"IQGAP3",3,0,5,8,37.5,3
"IRAK2",3,0,8,11,27.2727272727273,3
"IRF2",3,0,9,12,25,3
"IRGC",3,0,12,15,20,3
"ISCA1P4",3,0,3,6,50,3
"ISLR2",3,0,2,5,60,3
"ITFG2",3,0,5,8,37.5,3
"ITGA2B",3,0,4,7,42.8571428571429,3
"ITGAL",3,0,3,6,50,3
"ITGAX",3,0,2,5,60,3
"ITGB6",3,0,7,10,30,3
"ITM2B",3,0,3,6,50,3
"ITSN2",3,0,7,10,30,3
"KANSL1L",3,0,12,15,20,3
"KANSL3",3,0,3,6,50,3
"KAT6A",3,0,7,10,30,3
"KAT8",3,0,19,22,13.6363636363636,3
"KBTBD2",3,1,5,9,33.3333333333333,4
"KCNC4",3,0,4,7,42.8571428571429,3
"KCNC4-AS1",3,0,4,7,42.8571428571429,3
"KCNJ13",3,0,6,9,33.3333333333333,3
"KCNK17",3,0,8,11,27.2727272727273,3
"KCNK7",3,0,1,4,75,3
"KCNMB1",3,0,7,10,30,3
"KCNQ1DN",3,0,5,8,37.5,3
"KCNQ1OT1",3,0,4,7,42.8571428571429,3
"KCNRG",3,0,5,8,37.5,3
"KCTD12",3,0,15,18,16.6666666666667,3
"KCTD16",3,0,8,11,27.2727272727273,3
"KCTD2",3,0,8,11,27.2727272727273,3
"KCTD21-AS1",3,0,6,9,33.3333333333333,3
"KDM4A-AS1",3,0,5,8,37.5,3
"KIAA0100",3,0,5,8,37.5,3
"KIAA0141",3,1,5,9,33.3333333333333,4
"KIAA0196-AS1",3,0,10,13,23.0769230769231,3
"KIAA0895L",3,0,4,7,42.8571428571429,3
"KIAA0922",3,0,15,18,16.6666666666667,3
"KIAA1586",3,0,13,16,18.75,3
"KIF26B",3,0,9,12,25,3
"KIF27",3,0,13,16,18.75,3
"KIF5A",3,0,8,11,27.2727272727273,3
"KIRREL2",3,0,7,10,30,3
"KLHL24",3,0,11,14,21.4285714285714,3
"KLHL29",3,0,3,6,50,3
"KLHL32",3,3,14,20,15,6
"KLHL41",3,0,2,5,60,3
"KLHL6",3,0,5,8,37.5,3
"KLK11",3,0,8,11,27.2727272727273,3
"KLLN",3,0,9,12,25,3
"KRBA2",3,0,7,10,30,3
"KRT10",3,0,8,11,27.2727272727273,3
"KRT18P22",3,2,15,20,15,5
"KRT2",3,0,13,16,18.75,3
"KRT27",3,0,7,10,30,3
"KRT35",3,0,14,17,17.6470588235294,3
"KRT36",3,0,16,19,15.7894736842105,3
"KRT40",3,0,14,17,17.6470588235294,3
"KRT72",3,0,9,12,25,3
"KRT82",3,0,9,12,25,3
"KRT83",3,0,6,9,33.3333333333333,3
"KRTAP1",3,0,10,13,23.0769230769231,3
"KRTAP3",3,0,13,16,18.75,3
"KRTAP9",3,0,12,15,20,3
"KRTDAP",3,0,10,13,23.0769230769231,3
"KY",3,0,4,7,42.8571428571429,3
"LAMTOR2",3,0,10,13,23.0769230769231,3
"LAP3P2",3,0,8,11,27.2727272727273,3
"LCA5",3,0,13,16,18.75,3
"LCK",3,0,3,6,50,3
"LCMT1",3,0,8,11,27.2727272727273,3
"LETMD1",3,0,7,10,30,3
"LIN28A",3,0,8,11,27.2727272727273,3
"LINC00336",3,0,7,10,30,3
"LINC00337",3,0,3,6,50,3
"LINC00461",3,4,40,47,6.38297872340426,7
"LINC00528",3,0,9,12,25,3
"LINC00686",3,0,3,6,50,3
"LINC00852",3,0,9,12,25,3
"LINC00853",3,0,12,15,20,3
"LINC00888",3,0,8,11,27.2727272727273,3
"LIX1L",3,0,15,18,16.6666666666667,3
"LMAN1L",3,0,5,8,37.5,3
"LMBR1L",3,0,4,7,42.8571428571429,3
"LMOD3",3,0,3,6,50,3
"LNP1",3,0,9,12,25,3
"LOXL2",3,0,1,4,75,3
"LPIN1",3,0,7,10,30,3
"LPXN",3,1,4,8,37.5,4
"LRIF1",3,0,4,7,42.8571428571429,3
"LRMP",3,0,6,9,33.3333333333333,3
"LRRC16A",3,0,5,8,37.5,3
"LRRC27",3,0,2,5,60,3
"LRRC32",3,0,0,3,100,3
"LRRC34",3,0,3,6,50,3
"LRRC6",3,0,11,14,21.4285714285714,3
"LRRIQ4",3,0,3,6,50,3
"LRRN3",3,0,6,9,33.3333333333333,3
"LRRN4CL",3,0,1,4,75,3
"LRWD1",3,0,2,5,60,3
"LSM3",3,0,7,10,30,3
"LSM7",3,0,5,8,37.5,3
"LSR",3,0,10,13,23.0769230769231,3
"LTB4R",3,0,10,13,23.0769230769231,3
"LTB4R2",3,0,10,13,23.0769230769231,3
"LTV1",3,0,10,13,23.0769230769231,3
"LUC7L3",3,0,6,9,33.3333333333333,3
"LY6D",3,0,4,7,42.8571428571429,3
"LY6G6E",3,0,2,5,60,3
"LYPD6",3,0,3,6,50,3
"LYRM7",3,0,8,11,27.2727272727273,3
"MAD2L1BP",3,0,6,9,33.3333333333333,3
"MAFK",3,0,6,9,33.3333333333333,3
"MAMDC4",3,0,3,6,50,3
"MAN1C1",3,0,14,17,17.6470588235294,3
"MAN2A2",3,0,8,11,27.2727272727273,3
"MANBA",3,0,9,12,25,3
"MAP1LC3B",3,0,7,10,30,3
"MAP3K6",3,0,0,3,100,3
"MAPKBP1",3,0,4,7,42.8571428571429,3
"MARCH5",3,1,8,12,25,4
"MARCH7",3,0,6,9,33.3333333333333,3
"MAST1",3,0,3,6,50,3
"MAST4",3,0,9,12,25,3
"MAST4-AS1",3,0,7,10,30,3
"MAX",3,0,2,5,60,3
"MBD6",3,0,9,12,25,3
"MBTD1",3,0,3,6,50,3
"MED4",3,0,1,4,75,3
"MEFV",3,0,4,7,42.8571428571429,3
"MEPCE",3,0,7,10,30,3
"METAP1D",3,0,9,12,25,3
"METTL16",3,1,9,13,23.0769230769231,4
"METTL4",3,0,7,10,30,3
"MEX3B",3,1,8,12,25,4
"MFI2-AS1",3,0,1,4,75,3
"MFSD2B",3,0,3,6,50,3
"MGARP",3,0,5,8,37.5,3
"MICAL3",3,0,11,14,21.4285714285714,3
"MIEF2",3,0,5,8,37.5,3
"MIPEP",3,0,16,19,15.7894736842105,3
"MIR1231",3,0,3,6,50,3
"MIR1256",3,0,5,8,37.5,3
"MIR125A",3,0,12,15,20,3
"MIR1302",3,0,18,21,14.2857142857143,3
"MIR1304",3,2,14,19,15.7894736842105,5
"MIR130B",3,0,1,4,75,3
"MIR1471",3,0,10,13,23.0769230769231,3
"MIR1538",3,0,6,9,33.3333333333333,3
"MIR15B",3,0,6,9,33.3333333333333,3
"MIR193A",3,0,5,8,37.5,3
"MIR194",3,0,4,7,42.8571428571429,3
"MIR196A1",3,0,2,5,60,3
"MIR200A",3,0,3,6,50,3
"MIR200B",3,0,3,6,50,3
"MIR214",3,0,6,9,33.3333333333333,3
"MIR22HG",3,1,7,11,27.2727272727273,4
"MIR23A",3,1,1,5,60,4
"MIR24",3,1,1,5,60,4
"MIR27A",3,1,1,5,60,4
"MIR28",3,1,17,21,14.2857142857143,4
"MIR301B",3,0,1,4,75,3
"MIR302A",3,0,12,15,20,3
"MIR3124",3,0,8,11,27.2727272727273,3
"MIR3185",3,1,18,22,13.6363636363636,4
"MIR3199",3,0,3,6,50,3
"MIR335",3,1,2,6,50,4
"MIR3607",3,1,17,21,14.2857142857143,4
"MIR3610",3,0,7,10,30,3
"MIR365A",3,1,10,14,21.4285714285714,4
"MIR3913",3,1,8,12,25,4
"MIR429",3,0,3,6,50,3
"MIR4449",3,0,16,19,15.7894736842105,3
"MIR4470",3,0,11,14,21.4285714285714,3
"MIR4515",3,1,10,14,21.4285714285714,4
"MIR4638",3,0,8,11,27.2727272727273,3
"MIR4639",3,0,2,5,60,3
"MIR4700",3,0,7,10,30,3
"MIR497HG",3,0,1,4,75,3
"MIR5090",3,0,2,5,60,3
"MIR548P",3,0,4,7,42.8571428571429,3
"MIR616",3,0,9,12,25,3
"MIR647",3,0,1,4,75,3
"MIR760",3,0,7,10,30,3
"MIR762",3,0,5,8,37.5,3
"MIR874",3,0,3,6,50,3
"MIR99B",3,0,12,15,20,3
"MIRLET7E",3,0,12,15,20,3
"MKKS",3,0,17,20,15,3
"MLPH",3,0,8,11,27.2727272727273,3
"MLYCD",3,0,5,8,37.5,3
"MME",3,0,10,13,23.0769230769231,3
"MMP17",3,0,3,6,50,3
"MMP19",3,0,2,5,60,3
"MMP2",3,0,5,8,37.5,3
"MMP20",3,0,15,18,16.6666666666667,3
"MMP7",3,0,16,19,15.7894736842105,3
"MNAT1",3,0,8,11,27.2727272727273,3
"MND1",3,0,13,16,18.75,3
"MNDA",3,0,1,4,75,3
"MNS1",3,0,3,6,50,3
"MOAP1",3,0,2,5,60,3
"MOGAT1",3,3,12,18,16.6666666666667,6
"MPPE1",3,0,7,10,30,3
"MRE11A",3,0,11,14,21.4285714285714,3
"MRPL13",3,1,10,14,21.4285714285714,4
"MRPL28",3,0,9,12,25,3
"MRPL3",3,0,20,23,13.0434782608696,3
"MRPL4",3,0,7,10,30,3
"MRPL47",3,0,19,22,13.6363636363636,3
"MRPL9",3,0,10,13,23.0769230769231,3
"MRPS17",3,0,20,23,13.0434782608696,3
"MRPS28",3,0,7,10,30,3
"MT1X",3,0,1,4,75,3
"MTBP",3,1,10,14,21.4285714285714,4
"MTMR6",3,0,11,14,21.4285714285714,3
"MTND6P4",3,0,0,3,100,3
"MTOR",3,0,4,7,42.8571428571429,3
"MUL1",3,0,3,6,50,3
"MYB-AS1",3,0,9,12,25,3
"MYBL2",3,0,4,7,42.8571428571429,3
"MYBPH",3,0,2,5,60,3
"MYCBP2",3,0,16,19,15.7894736842105,3
"MYCN",3,0,8,11,27.2727272727273,3
"MYCNOS",3,0,8,11,27.2727272727273,3
"MYL12A",3,0,4,7,42.8571428571429,3
"MYO1A",3,0,5,8,37.5,3
"MYO1C",3,0,7,10,30,3
"MYO1F",3,0,1,4,75,3
"MYOF",3,0,3,6,50,3
"MYOM1",3,0,2,5,60,3
"NAA30",3,2,10,15,20,5
"NAA60",3,0,8,11,27.2727272727273,3
"NADK",3,0,0,3,100,3
"NADSYN1",3,0,12,15,20,3
"NAIF1",3,0,2,5,60,3
"NAPEPLD",3,0,8,11,27.2727272727273,3
"NAT9",3,0,1,4,75,3
"NBEAL2",3,1,3,7,42.8571428571429,4
"NCL",3,0,8,11,27.2727272727273,3
"NCOA1",3,0,9,12,25,3
"NCOA3",3,0,4,7,42.8571428571429,3
"NCOA7-AS1",3,0,10,13,23.0769230769231,3
"NCSTN",3,0,8,11,27.2727272727273,3
"NDC80",3,0,7,10,30,3
"NDFIP1",3,0,4,7,42.8571428571429,3
"NDRG1",3,0,6,9,33.3333333333333,3
"NDUFA2",3,0,13,16,18.75,3
"NDUFA4",3,0,9,12,25,3
"NDUFAF4",3,2,21,26,11.5384615384615,5
"NDUFAF5",3,0,10,13,23.0769230769231,3
"NDUFB1P1",3,0,3,6,50,3
"NDUFB5",3,0,19,22,13.6363636363636,3
"NDUFC2",3,0,8,11,27.2727272727273,3
"NDUFC2-KCTD14",3,0,8,11,27.2727272727273,3
"NDUFS2",3,0,7,10,30,3
"NEIL2",3,0,8,11,27.2727272727273,3
"NELFCD",3,0,4,7,42.8571428571429,3
"NEURL2",3,0,5,8,37.5,3
"NFAT5",3,0,6,9,33.3333333333333,3
"NFATC2IP",3,0,6,9,33.3333333333333,3
"NFKB1",3,0,16,19,15.7894736842105,3
"NFKB2",3,0,6,9,33.3333333333333,3
"NFS1",3,0,4,7,42.8571428571429,3
"NIPA2",3,0,22,25,12,3
"NIPBL",3,0,4,7,42.8571428571429,3
"NMB",3,0,14,17,17.6470588235294,3
"NME5",3,0,3,6,50,3
"NMT1",3,0,4,7,42.8571428571429,3
"NOB1",3,0,2,5,60,3
"NOL9",3,0,4,7,42.8571428571429,3
"NOLC1",3,0,3,6,50,3
"NOP14",3,0,5,8,37.5,3
"NPB",3,0,8,11,27.2727272727273,3
"NPDC1",3,0,0,3,100,3
"NPHP3",3,1,20,24,12.5,4
"NPHP3-AS1",3,1,20,24,12.5,4
"NPIPB7",3,0,5,8,37.5,3
"NPPC",3,0,9,12,25,3
"NR3C1",3,0,8,11,27.2727272727273,3
"NRP2",3,0,18,21,14.2857142857143,3
"NRXN2",3,0,8,11,27.2727272727273,3
"NSL1",3,0,7,10,30,3
"NT5C1B",3,1,8,12,25,4
"NTF3",3,0,7,10,30,3
"NUBP1",3,0,15,18,16.6666666666667,3
"NUP98",3,0,13,16,18.75,3
"NXF1",3,0,5,8,37.5,3
"NXT1",3,0,16,19,15.7894736842105,3
"OAZ2",3,0,8,11,27.2727272727273,3
"OAZ3",3,0,10,13,23.0769230769231,3
"ODF2L",3,0,5,8,37.5,3
"ODF3",3,0,2,5,60,3
"OLFML3",3,0,6,9,33.3333333333333,3
"OR10T2",3,1,8,12,25,4
"OR14I1",3,0,4,7,42.8571428571429,3
"OR2T4",3,0,2,5,60,3
"OR2T8",3,0,1,4,75,3
"OR6N2",3,0,2,5,60,3
"OR7E155P",3,0,4,7,42.8571428571429,3
"OR7E37P",3,0,4,7,42.8571428571429,3
"OSBP",3,0,2,5,60,3
"OSBPL7",3,0,2,5,60,3
"OSR1",3,3,21,27,11.1111111111111,6
"OTP",3,1,42,46,6.52173913043478,4
"P2RY13",3,0,3,6,50,3
"PADI1",3,1,4,8,37.5,4
"PAPOLA",3,0,10,13,23.0769230769231,3
"PAQR6",3,0,2,5,60,3
"PARP4",3,0,10,13,23.0769230769231,3
"PAX4",3,0,7,10,30,3
"PAX8",3,0,3,6,50,3
"PAXIP1-AS2",3,2,48,53,5.66037735849057,5
"PCCB",3,0,10,13,23.0769230769231,3
"PCDHGA12",3,0,1,4,75,3
"PCGF1",3,0,4,7,42.8571428571429,3
"PCK2",3,0,9,12,25,3
"PCM1",3,0,15,18,16.6666666666667,3
"PCNXL4",3,0,11,14,21.4285714285714,3
"PCYT2",3,0,8,11,27.2727272727273,3
"PDAP1",3,0,6,9,33.3333333333333,3
"PDCL",3,0,2,5,60,3
"PDE12",3,0,9,12,25,3
"PDE3B",3,0,12,15,20,3
"PDE4A",3,0,2,5,60,3
"PDE6D",3,0,0,3,100,3
"PDE6H",3,0,11,14,21.4285714285714,3
"PDK2",3,0,1,4,75,3
"PDLIM2",3,0,10,13,23.0769230769231,3
"PEF1",3,0,7,10,30,3
"PEMT",3,0,2,5,60,3
"PET117",3,0,5,8,37.5,3
"PEX1",3,0,8,11,27.2727272727273,3
"PEX10",3,0,11,14,21.4285714285714,3
"PEX26",3,0,15,18,16.6666666666667,3
"PFAS",3,0,5,8,37.5,3
"PFKFB3",3,0,7,10,30,3
"PFKM",3,1,8,12,25,4
"PGAP2",3,0,12,15,20,3
"PGM3",3,0,12,15,20,3
"PHACTR2",3,0,3,6,50,3
"PHPT1",3,0,3,6,50,3
"PI4K2B",3,0,18,21,14.2857142857143,3
"PIFO",3,0,6,9,33.3333333333333,3
"PIGL",3,0,4,7,42.8571428571429,3
"PIH1D1",3,0,5,8,37.5,3
"PIH1D2",3,0,5,8,37.5,3
"PIK3IP1",3,0,3,6,50,3
"PIM3",3,0,5,8,37.5,3
"PIP5K1B",3,0,8,11,27.2727272727273,3
"PITPNA-AS1",3,0,5,8,37.5,3
"PITPNB",3,0,3,6,50,3
"PKD1L1",3,1,14,18,16.6666666666667,4
"PLA2G1B",3,0,4,7,42.8571428571429,3
"PLA2G2C",3,0,1,4,75,3
"PLA2G2F",3,0,1,4,75,3
"PLAGL1",3,0,2,5,60,3
"PLBD1",3,0,4,7,42.8571428571429,3
"PLCB3",3,0,0,3,100,3
"PLEKHA6",3,0,8,11,27.2727272727273,3
"PLEKHF2",3,0,19,22,13.6363636363636,3
"PLOD1",3,0,2,5,60,3
"PLOD2",3,0,6,9,33.3333333333333,3
"PLS1",3,0,4,7,42.8571428571429,3
"PLSCR4",3,0,3,6,50,3
"PLSCR5-AS1",3,0,7,10,30,3
"PLXNB2",3,0,10,13,23.0769230769231,3
"PMEL",3,0,9,12,25,3
"PMP22",3,0,5,8,37.5,3
"PMPCA",3,0,6,9,33.3333333333333,3
"PNRC1",3,0,19,22,13.6363636363636,3
"POC1A",3,0,4,7,42.8571428571429,3
"POC1B",3,1,8,12,25,4
"POC1B-GALNT4",3,1,8,12,25,4
"POLR1B",3,0,4,7,42.8571428571429,3
"POLR2E",3,0,2,5,60,3
"POLR2G",3,0,1,4,75,3
"POLR3E",3,0,7,10,30,3
"POLR3G",3,1,27,31,9.67741935483871,4
"POP5",3,0,7,10,30,3
"POU2F1",3,0,12,15,20,3
"PPARG",3,0,10,13,23.0769230769231,3
"PPCS",3,0,4,7,42.8571428571429,3
"PPIL2",3,0,1,4,75,3
"PPM1J",3,0,14,17,17.6470588235294,3
"PPP1R14B",3,0,0,3,100,3
"PPP1R3E",3,0,5,8,37.5,3
"PPP2R5E",3,0,5,8,37.5,3
"PPP3CC",3,0,9,12,25,3
"PPP4R2",3,0,13,16,18.75,3
"PQLC1",3,0,7,10,30,3
"PRAC1",3,1,18,22,13.6363636363636,4
"PRAC2",3,1,18,22,13.6363636363636,4
"PRDM2",3,0,10,13,23.0769230769231,3
"PRDX1",3,0,4,7,42.8571428571429,3
"PRKAA1",3,0,4,7,42.8571428571429,3
"PRKCA",3,0,14,17,17.6470588235294,3
"PRKCB",3,0,5,8,37.5,3
"PRKCE",3,0,9,12,25,3
"PRM2",3,0,14,17,17.6470588235294,3
"PRMT6",3,0,1,4,75,3
"PRPF38B",3,0,4,7,42.8571428571429,3
"PRR5",3,0,2,5,60,3
"PRSS53",3,0,6,9,33.3333333333333,3
"PRSS8",3,0,19,22,13.6363636363636,3
"PRUNE",3,0,1,4,75,3
"PSD",3,0,5,8,37.5,3
"PSMA1",3,0,12,15,20,3
"PSMD1",3,0,3,6,50,3
"PSMD12",3,0,9,12,25,3
"PSPC1",3,0,24,27,11.1111111111111,3
"PTEN",3,0,9,12,25,3
"PTK6",3,0,6,9,33.3333333333333,3
"PTPMT1",3,0,3,6,50,3
"PTPRC",3,1,5,9,33.3333333333333,4
"PTX3",3,0,1,4,75,3
"PVT1",3,0,3,6,50,3
"PXK",3,0,12,15,20,3
"PYDC1",3,0,16,19,15.7894736842105,3
"QSOX1",3,0,4,7,42.8571428571429,3
"R3HDM1",3,0,6,9,33.3333333333333,3
"RAB33B",3,1,4,8,37.5,4
"RAB3IL1",3,0,4,7,42.8571428571429,3
"RAB3IP",3,1,5,9,33.3333333333333,4
"RAB4A",3,0,3,6,50,3
"RAB5B",3,0,9,12,25,3
"RABL6",3,1,6,10,30,4
"RAD21",3,0,7,10,30,3
"RAD21-AS1",3,0,7,10,30,3
"RAD51",3,0,2,5,60,3
"RAD51-AS1",3,0,2,5,60,3
"RAI1-AS1",3,0,1,4,75,3
"RALGDS",3,0,1,4,75,3
"RAPGEF3",3,0,7,10,30,3
"RAPGEF6",3,0,2,5,60,3
"RARG",3,0,5,8,37.5,3
"RASA1",3,0,16,19,15.7894736842105,3
"RASGRP4",3,0,5,8,37.5,3
"RBKS",3,0,6,9,33.3333333333333,3
"RBM17",3,0,5,8,37.5,3
"RBM48",3,1,10,14,21.4285714285714,4
"RBM7",3,0,15,18,16.6666666666667,3
"RBP5",3,0,5,8,37.5,3
"RBPJ",3,0,6,9,33.3333333333333,3
"RCE1",3,0,5,8,37.5,3
"REC8",3,0,12,15,20,3
"REEP5",3,1,6,10,30,4
"REL",3,0,5,8,37.5,3
"RETSAT",3,0,10,13,23.0769230769231,3
"RFK",3,1,3,7,42.8571428571429,4
"RFTN1",3,0,2,5,60,3
"RGCC",3,0,4,7,42.8571428571429,3
"RHNO1",3,0,2,5,60,3
"RHOC",3,0,14,17,17.6470588235294,3
"RHOG",3,0,21,24,12.5,3
"RHOU",3,0,1,4,75,3
"RIN3",3,0,4,7,42.8571428571429,3
"RIPK3",3,0,12,15,20,3
"RIT1",3,0,3,6,50,3
"RMDN1",3,0,4,7,42.8571428571429,3
"RMDN2",3,0,10,13,23.0769230769231,3
"RN7SL104P",3,0,8,11,27.2727272727273,3
"RN7SL111P",3,1,4,8,37.5,4
"RN7SL140P",3,0,8,11,27.2727272727273,3
"RN7SL652P",3,0,3,6,50,3
"RN7SL684P",3,0,4,7,42.8571428571429,3
"RNA5SP143",3,0,4,7,42.8571428571429,3
"RNA5SP21",3,1,9,13,23.0769230769231,4
"RNASE8",3,0,1,4,75,3
"RNASEH2A",3,0,2,5,60,3
"RNF168",3,0,3,6,50,3
"RNF40",3,0,10,13,23.0769230769231,3
"RNPS1",3,0,0,3,100,3
"RNU1-134P",3,0,1,4,75,3
"RNU1-8P",3,0,13,16,18.75,3
"RNU2-14P",3,0,2,5,60,3
"RNU2-33P",3,0,7,10,30,3
"RNU4-24P",3,0,8,11,27.2727272727273,3
"RNU4-36P",3,0,2,5,60,3
"RNU4-42P",3,0,8,11,27.2727272727273,3
"RNU4-46P",3,0,9,12,25,3
"RNU5A-6P",3,0,5,8,37.5,3
"RNU5E-9P",3,0,3,6,50,3
"RNU6",3,0,11,14,21.4285714285714,3
"RNU6-100P",3,0,5,8,37.5,3
"RNU6-1011P",3,0,3,6,50,3
"RNU6-101P",3,0,6,9,33.3333333333333,3
"RNU6-1029P",3,0,14,17,17.6470588235294,3
"RNU6-1077P",3,0,3,6,50,3
"RNU6-1089P",3,0,2,5,60,3
"RNU6-1091P",3,0,8,11,27.2727272727273,3
"RNU6-1120P",3,0,4,7,42.8571428571429,3
"RNU6-1137P",3,0,5,8,37.5,3
"RNU6-1148P",3,0,6,9,33.3333333333333,3
"RNU6-1180P",3,0,5,8,37.5,3
"RNU6-1205P",3,0,3,6,50,3
"RNU6-1215P",3,1,5,9,33.3333333333333,4
"RNU6-1227P",3,0,2,5,60,3
"RNU6-123P",3,0,1,4,75,3
"RNU6-1272P",3,0,0,3,100,3
"RNU6-1305P",3,0,2,5,60,3
"RNU6-1309P",3,0,4,7,42.8571428571429,3
"RNU6-169P",3,0,0,3,100,3
"RNU6-258P",3,0,5,8,37.5,3
"RNU6-291P",3,0,1,4,75,3
"RNU6-292P",3,0,2,5,60,3
"RNU6-336P",3,0,9,12,25,3
"RNU6-360P",3,0,5,8,37.5,3
"RNU6-375P",3,0,5,8,37.5,3
"RNU6-423P",3,0,7,10,30,3
"RNU6-428P",3,0,7,10,30,3
"RNU6-459P",3,0,8,11,27.2727272727273,3
"RNU6-474P",3,0,6,9,33.3333333333333,3
"RNU6-491P",3,0,10,13,23.0769230769231,3
"RNU6-509P",3,0,6,9,33.3333333333333,3
"RNU6-543P",3,0,14,17,17.6470588235294,3
"RNU6-626P",3,1,5,9,33.3333333333333,4
"RNU6-64P",3,0,2,5,60,3
"RNU6-653P",3,1,8,12,25,4
"RNU6-658P",3,0,6,9,33.3333333333333,3
"RNU6-698P",3,1,12,16,18.75,4
"RNU6-701P",3,0,1,4,75,3
"RNU6-70P",3,0,20,23,13.0434782608696,3
"RNU6-731P",3,0,4,7,42.8571428571429,3
"RNU6-773P",3,0,15,18,16.6666666666667,3
"RNU6-789P",3,0,13,16,18.75,3
"RNU6-792P",3,0,4,7,42.8571428571429,3
"RNU6-797P",3,0,4,7,42.8571428571429,3
"RNU6-828P",3,0,9,12,25,3
"RNU6-842P",3,0,13,16,18.75,3
"RNU6-862P",3,0,6,9,33.3333333333333,3
"RNU6-872P",3,0,7,10,30,3
"RNU6-884P",3,0,1,4,75,3
"RNU6-939P",3,0,6,9,33.3333333333333,3
"RNU6-955P",3,0,5,8,37.5,3
"RNU6-961P",3,0,8,11,27.2727272727273,3
"RNU7-110P",3,0,10,13,23.0769230769231,3
"RNU7-122P",3,0,12,15,20,3
"RNU7-128P",3,0,3,6,50,3
"RNU7-171P",3,0,1,4,75,3
"RNU7-198P",3,0,7,10,30,3
"RNU7-20P",3,0,7,10,30,3
"RNU7-5P",3,1,16,20,15,4
"RNY4P10",3,0,3,6,50,3
"ROCK2",3,0,5,8,37.5,3
"ROMO1",3,0,4,7,42.8571428571429,3
"RP1-101K10.6",3,0,7,10,30,3
"RP1-130H16.18",3,0,4,7,42.8571428571429,3
"RP1-139D8.6",3,0,6,9,33.3333333333333,3
"RP1-142L7.5",3,0,5,8,37.5,3
"RP1-170O19.22",3,4,15,22,13.6363636363636,7
"RP1-170O19.23",3,4,15,22,13.6363636363636,7
"RP1-240K6.3",3,0,10,13,23.0769230769231,3
"RP1-253P7.1",3,0,1,4,75,3
"RP1-28H20.3",3,0,3,6,50,3
"RP1-292B18.3",3,0,6,9,33.3333333333333,3
"RP1-93H18.6",3,2,15,20,15,5
"RP11-1000B6.2",3,0,12,15,20,3
"RP11-1007O24.2",3,0,16,19,15.7894736842105,3
"RP11-1007O24.3",3,0,16,19,15.7894736842105,3
"RP11-1012A1.4",3,0,4,7,42.8571428571429,3
"RP11-1020M18.10",3,0,9,12,25,3
"RP11-102C16.3",3,0,14,17,17.6470588235294,3
"RP11-103B5.2",3,0,2,5,60,3
"RP11-106M3.1",3,0,3,6,50,3
"RP11-106M3.2",3,0,3,6,50,3
"RP11-1079K10.1",3,0,5,8,37.5,3
"RP11-1079K10.4",3,0,5,8,37.5,3
"RP11-107F6.3",3,0,4,7,42.8571428571429,3
"RP11-1094M14.7",3,0,7,10,30,3
"RP11-109E24.2",3,0,3,6,50,3
"RP11-10O17.1",3,0,3,6,50,3
"RP11-10O17.3",3,0,3,6,50,3
"RP11-114H23.1",3,0,4,7,42.8571428571429,3
"RP11-114H23.2",3,0,4,7,42.8571428571429,3
"RP11-114H23.3",3,0,4,7,42.8571428571429,3
"RP11-120K18.3",3,0,2,5,60,3
"RP11-123B3.2",3,0,4,7,42.8571428571429,3
"RP11-124D2.7",3,0,5,8,37.5,3
"RP11-124N14.3",3,0,15,18,16.6666666666667,3
"RP11-1299A16.3",3,0,5,8,37.5,3
"RP11-12M5.3",3,0,3,6,50,3
"RP11-131L12.2",3,1,16,20,15,4
"RP11-134G8.7",3,0,8,11,27.2727272727273,3
"RP11-138I18.1",3,0,4,7,42.8571428571429,3
"RP11-141J13.5",3,0,5,8,37.5,3
"RP11-154J22.1",3,0,8,11,27.2727272727273,3
"RP11-155D18.12",3,1,5,9,33.3333333333333,4
"RP11-155D18.14",3,1,5,9,33.3333333333333,4
"RP11-156E8.1",3,0,5,8,37.5,3
"RP11-158I9.5",3,0,6,9,33.3333333333333,3
"RP11-158N24.1",3,0,8,11,27.2727272727273,3
"RP11-159D12.10",3,0,4,7,42.8571428571429,3
"RP11-161H23.5",3,0,3,6,50,3
"RP11-161H23.9",3,0,5,8,37.5,3
"RP11-166B2.8",3,0,6,9,33.3333333333333,3
"RP11-16B13.1",3,0,11,14,21.4285714285714,3
"RP11-173P15.5",3,0,7,10,30,3
"RP11-196G11.1",3,0,6,9,33.3333333333333,3
"RP11-196G11.4",3,0,12,15,20,3
"RP11-197P3.4",3,0,2,5,60,3
"RP11-1C1.5",3,0,3,6,50,3
"RP11-1C8.6",3,0,3,6,50,3
"RP11-203L2.4",3,0,6,9,33.3333333333333,3
"RP11-203M5.7",3,0,7,10,30,3
"RP11-20B24.4",3,0,3,6,50,3
"RP11-20B24.7",3,0,3,6,50,3
"RP11-211G3.3",3,0,9,12,25,3
"RP11-212D19.4",3,0,15,18,16.6666666666667,3
"RP11-219O3.2",3,0,6,9,33.3333333333333,3
"RP11-21L19.1",3,0,2,5,60,3
"RP11-223I10.1",3,0,3,6,50,3
"RP11-229P13.20",3,0,0,3,100,3
"RP11-247C2.2",3,0,2,5,60,3
"RP11-259P20.1",3,1,14,18,16.6666666666667,4
"RP11-273B20.1",3,0,5,8,37.5,3
"RP11-274H2.2",3,0,3,6,50,3
"RP11-274H2.3",3,0,3,6,50,3
"RP11-277B15.3",3,0,12,15,20,3
"RP11-27N21.3",3,0,5,8,37.5,3
"RP11-284F21.10",3,0,13,16,18.75,3
"RP11-284F21.9",3,0,13,16,18.75,3
"RP11-286E11.1",3,0,5,8,37.5,3
"RP11-286H14.8",3,0,7,10,30,3
"RP11-295G20.2",3,0,5,8,37.5,3
"RP11-297A16.2",3,1,22,26,11.5384615384615,4
"RP11-298I3.4",3,0,6,9,33.3333333333333,3
"RP11-298I3.5",3,0,6,9,33.3333333333333,3
"RP11-304M2.5",3,0,2,5,60,3
"RP11-306G20.1",3,0,7,10,30,3
"RP11-310I24.1",3,0,8,11,27.2727272727273,3
"RP11-310P5.1",3,0,5,8,37.5,3
"RP11-315O6.1",3,0,13,16,18.75,3
"RP11-317J10.2",3,0,7,10,30,3
"RP11-320N21.2",3,0,13,16,18.75,3
"RP11-326F20.5",3,0,3,6,50,3
"RP11-326I11.5",3,0,9,12,25,3
"RP11-331K21.1",3,0,3,6,50,3
"RP11-332H18.4",3,0,9,12,25,3
"RP11-332H18.5",3,0,9,12,25,3
"RP11-337A23.3",3,0,23,26,11.5384615384615,3
"RP11-33I11.2",3,0,29,32,9.375,3
"RP11-343H19.2",3,0,1,4,75,3
"RP11-349J5.2",3,0,10,13,23.0769230769231,3
"RP11-351I24.1",3,0,16,19,15.7894736842105,3
"RP11-357H14.17",3,0,2,5,60,3
"RP11-360F5.1",3,0,5,8,37.5,3
"RP11-360F5.3",3,0,5,8,37.5,3
"RP11-360L9.4",3,0,1,4,75,3
"RP11-371E8.4",3,0,2,5,60,3
"RP11-379C10.4",3,0,2,5,60,3
"RP11-37E23.5",3,0,4,7,42.8571428571429,3
"RP11-383C5.4",3,0,11,14,21.4285714285714,3
"RP11-383C5.5",3,0,11,14,21.4285714285714,3
"RP11-383G10.5",3,0,1,4,75,3
"RP11-387H17.6",3,0,4,7,42.8571428571429,3
"RP11-388M20.2",3,0,19,22,13.6363636363636,3
"RP11-395G23.3",3,0,2,5,60,3
"RP11-413M3.4",3,0,1,4,75,3
"RP11-426L16.10",3,0,14,17,17.6470588235294,3
"RP11-426L16.9",3,0,14,17,17.6470588235294,3
"RP11-433M22.1",3,0,4,7,42.8571428571429,3
"RP11-449H11.1",3,0,8,11,27.2727272727273,3
"RP11-452C13.1",3,0,18,21,14.2857142857143,3
"RP11-453E2.2",3,0,2,5,60,3
"RP11-459F6.1",3,0,5,8,37.5,3
"RP11-462G2.2",3,0,14,17,17.6470588235294,3
"RP11-465B22.8",3,0,3,6,50,3
"RP11-465K1.2",3,0,10,13,23.0769230769231,3
"RP11-493P1.2",3,0,6,9,33.3333333333333,3
"RP11-501J20.5",3,1,8,12,25,4
"RP11-503N18.1",3,0,5,8,37.5,3
"RP11-505O17.1",3,0,12,15,20,3
"RP11-519G16.3",3,1,16,20,15,4
"RP11-51J9.4",3,0,7,10,30,3
"RP11-536G4.2",3,1,16,20,15,4
"RP11-537H15.3",3,0,2,5,60,3
"RP11-539E17.5",3,0,1,4,75,3
"RP11-542C16.2",3,0,14,17,17.6470588235294,3
"RP11-544I20.2",3,0,7,10,30,3
"RP11-554J4.1",3,0,7,10,30,3
"RP11-563K23.1",3,0,16,19,15.7894736842105,3
"RP11-573D15.3",3,0,11,14,21.4285714285714,3
"RP11-57A19.2",3,1,6,10,30,4
"RP11-582J16.3",3,0,6,9,33.3333333333333,3
"RP11-582J16.4",3,0,9,12,25,3
"RP11-588G21.2",3,1,5,9,33.3333333333333,4
"RP11-588L15.2",3,0,3,6,50,3
"RP11-589P10.7",3,0,1,4,75,3
"RP11-58A11.2",3,0,4,7,42.8571428571429,3
"RP11-611E13.2",3,1,4,8,37.5,4
"RP11-614O9.1",3,0,10,13,23.0769230769231,3
"RP11-61L14.6",3,0,5,8,37.5,3
"RP11-624M8.1",3,0,20,23,13.0434782608696,3
"RP11-626G11.1",3,1,10,14,21.4285714285714,4
"RP11-626G11.5",3,1,10,14,21.4285714285714,4
"RP11-629N8.3",3,0,4,7,42.8571428571429,3
"RP11-632F7.3",3,0,5,8,37.5,3
"RP11-638I2.2",3,0,8,11,27.2727272727273,3
"RP11-63L7.5",3,0,19,22,13.6363636363636,3
"RP11-641A6.2",3,0,9,12,25,3
"RP11-65I12.1",3,0,2,5,60,3
"RP11-660L16.2",3,0,12,15,20,3
"RP11-666O2.1",3,1,2,6,50,4
"RP11-672A2.3",3,0,0,3,100,3
"RP11-674I16.1",3,0,6,9,33.3333333333333,3
"RP11-67L3.2",3,0,2,5,60,3
"RP11-688G15.3",3,0,2,5,60,3
"RP11-695J4.2",3,0,2,5,60,3
"RP11-697H9.2",3,0,4,7,42.8571428571429,3
"RP11-697H9.4",3,0,4,7,42.8571428571429,3
"RP11-705O1.8",3,0,6,9,33.3333333333333,3
"RP11-706C16.8",3,0,4,7,42.8571428571429,3
"RP11-711G10.1",3,0,11,14,21.4285714285714,3
"RP11-712B9.2",3,2,12,17,17.6470588235294,5
"RP11-717A5.1",3,0,10,13,23.0769230769231,3
"RP11-731C17.1",3,0,8,11,27.2727272727273,3
"RP11-732A19.2",3,0,23,26,11.5384615384615,3
"RP11-732M18.2",3,0,5,8,37.5,3
"RP11-734K2.4",3,1,8,12,25,4
"RP11-73M7.9",3,0,7,10,30,3
"RP11-783K16.13",3,0,0,3,100,3
"RP11-783K16.14",3,0,0,3,100,3
"RP11-783K16.5",3,0,0,3,100,3
"RP11-79P5.9",3,1,15,19,15.7894736842105,4
"RP11-804A23.1",3,0,4,7,42.8571428571429,3
"RP11-817J15.2",3,0,12,15,20,3
"RP11-820I16.4",3,0,7,10,30,3
"RP11-849F2.5",3,0,7,10,30,3
"RP11-849F2.7",3,0,3,6,50,3
"RP11-849N15.1",3,0,5,8,37.5,3
"RP11-85O21.5",3,0,2,5,60,3
"RP11-864I4.3",3,0,2,5,60,3
"RP11-872J21.3",3,0,10,13,23.0769230769231,3
"RP11-87E22.2",3,0,12,15,20,3
"RP11-87F15.2",3,0,12,15,20,3
"RP11-881M11.1",3,0,6,9,33.3333333333333,3
"RP11-893F2.9",3,0,7,10,30,3
"RP11-934B9.3",3,0,12,15,20,3
"RP11-93B14.4",3,0,5,8,37.5,3
"RP11-946L16.1",3,0,5,8,37.5,3
"RP11-94C24.11",3,0,6,9,33.3333333333333,3
"RP11-96K19.5",3,0,4,7,42.8571428571429,3
"RP11-96O20.4",3,1,19,23,13.0434782608696,4
"RP11-973D8.4",3,0,9,12,25,3
"RP11-977G19.11",3,0,7,10,30,3
"RP11-977G19.12",3,0,7,10,30,3
"RP11-98C1.1",3,1,5,9,33.3333333333333,4
"RP11-98D18.16",3,0,10,13,23.0769230769231,3
"RP11-98D18.2",3,0,10,13,23.0769230769231,3
"RP13-270P17.3",3,0,4,7,42.8571428571429,3
"RP3-322G13.7",3,0,16,19,15.7894736842105,3
"RP3-329E20.2",3,0,5,8,37.5,3
"RP3-340N1.2",3,0,1,4,75,3
"RP3-395M20.2",3,0,6,9,33.3333333333333,3
"RP3-395M20.3",3,0,6,9,33.3333333333333,3
"RP3-400B16.4",3,0,4,7,42.8571428571429,3
"RP3-400N23.6",3,0,3,6,50,3
"RP3-414A15.11",3,0,5,8,37.5,3
"RP3-414A15.2",3,0,5,8,37.5,3
"RP3-430A16.1",3,0,7,10,30,3
"RP3-467N11.1",3,2,12,17,17.6470588235294,5
"RP3-496C20.1",3,0,7,10,30,3
"RP3-510L9.1",3,0,7,10,30,3
"RP3-510O8.4",3,0,8,11,27.2727272727273,3
"RP3-512E2.2",3,0,12,15,20,3
"RP4-561L24.3",3,0,7,10,30,3
"RP4-583P15.11",3,0,0,3,100,3
"RP4-607J23.2",3,0,3,6,50,3
"RP4-620F22.2",3,0,9,12,25,3
"RP4-682C21.5",3,1,14,18,16.6666666666667,4
"RP4-683L5.1",3,0,5,8,37.5,3
"RP4-753D10.3",3,0,5,8,37.5,3
"RP4-758J18.10",3,0,2,5,60,3
"RP4-796I17.5",3,0,2,5,60,3
"RP5-1061H20.3",3,0,3,6,50,3
"RP5-1061H20.4",3,0,3,6,50,3
"RP5-1073O3.2",3,0,9,12,25,3
"RP5-1184F4.5",3,0,4,7,42.8571428571429,3
"RP5-821D11.7",3,0,1,4,75,3
"RP5-855F16.1",3,0,9,12,25,3
"RP5-977B1.11",3,0,2,5,60,3
"RP5-991C6.2",3,0,4,7,42.8571428571429,3
"RP5-997D16.2",3,0,6,9,33.3333333333333,3
"RPA1",3,0,2,5,60,3
"RPA3",3,0,12,15,20,3
"RPA3-AS1",3,0,12,15,20,3
"RPL21",3,0,2,5,60,3
"RPL24",3,0,16,19,15.7894736842105,3
"RPL26",3,0,3,6,50,3
"RPL3",3,0,4,7,42.8571428571429,3
"RPL30P11",3,0,3,6,50,3
"RPL31",3,0,4,7,42.8571428571429,3
"RPL9P29",3,0,2,5,60,3
"RPP14",3,0,11,14,21.4285714285714,3
"RPS15AP11",3,0,4,7,42.8571428571429,3
"RPS19",3,0,5,8,37.5,3
"RPS26P52",3,0,17,20,15,3
"RPS29",3,0,5,8,37.5,3
"RPS6KA5",3,0,6,9,33.3333333333333,3
"RPSAP9",3,1,3,7,42.8571428571429,4
"RRM1",3,0,17,20,15,3
"RSAD1",3,0,9,12,25,3
"RSBN1",3,0,9,12,25,3
"RSL1D1",3,0,6,9,33.3333333333333,3
"RTP2",3,0,9,12,25,3
"RTTN",3,0,11,14,21.4285714285714,3
"RWDD2A",3,0,12,15,20,3
"RXRB",3,0,3,6,50,3
"S100A14",3,0,5,8,37.5,3
"S100A16",3,0,5,8,37.5,3
"SAMM50",3,0,2,5,60,3
"SART1",3,0,2,5,60,3
"SBK1",3,1,6,10,30,4
"SBSN",3,0,6,9,33.3333333333333,3
"SCAMP2",3,0,9,12,25,3
"SCAPER",3,0,17,20,15,3
"SCARB2",3,0,11,14,21.4285714285714,3
"SCARNA11.3",3,0,10,13,23.0769230769231,3
"SCARNA18",3,0,9,12,25,3
"SCARNA20.4",3,0,10,13,23.0769230769231,3
"SCARNA21",3,0,8,11,27.2727272727273,3
"SCARNA21.2",3,0,7,10,30,3
"SCARNA6",3,0,4,7,42.8571428571429,3
"SCG5",3,0,13,16,18.75,3
"SCGB1C1",3,0,2,5,60,3
"SCRG1",3,0,5,8,37.5,3
"SDCCAG3",3,0,6,9,33.3333333333333,3
"SDHD",3,0,13,16,18.75,3
"SDR39U1",3,0,9,12,25,3
"SEC11A",3,0,12,15,20,3
"SEC22C",3,0,5,8,37.5,3
"SEC61A1",3,0,6,9,33.3333333333333,3
"SECISBP2L",3,0,13,16,18.75,3
"SELENBP1",3,0,8,11,27.2727272727273,3
"SEMA4B",3,0,2,5,60,3
"SENP1",3,1,8,12,25,4
"SENP3",3,0,2,5,60,3
"SENP7",3,0,7,10,30,3
"SEPHS2",3,0,5,8,37.5,3
"SEPSECS",3,0,18,21,14.2857142857143,3
"SEPT9",3,0,1,4,75,3
"SERPINB13",3,0,1,4,75,3
"SERPINH1",3,0,1,4,75,3
"SESN3",3,0,10,13,23.0769230769231,3
"SESTD1",3,0,15,18,16.6666666666667,3
"SFXN2",3,0,3,6,50,3
"SFXN5",3,0,11,14,21.4285714285714,3
"SGOL1",3,0,18,21,14.2857142857143,3
"SH3BGRL3",3,0,3,6,50,3
"SH3BP5L",3,0,8,11,27.2727272727273,3
"SHBG",3,0,7,10,30,3
"SHC4",3,0,5,8,37.5,3
"SHCBP1L",3,0,12,15,20,3
"SHOC2",3,0,22,25,12,3
"SHPRH",3,0,9,12,25,3
"SIAH1",3,0,12,15,20,3
"SIX1",3,0,10,13,23.0769230769231,3
"SIX4",3,0,9,12,25,3
"SKIL",3,0,6,9,33.3333333333333,3
"SLA",3,0,18,21,14.2857142857143,3
"SLC18A1",3,0,11,14,21.4285714285714,3
"SLC18A2",3,1,8,12,25,4
"SLC1A2",3,0,5,8,37.5,3
"SLC1A4",3,0,0,3,100,3
"SLC25A12",3,0,9,12,25,3
"SLC25A25",3,0,2,5,60,3
"SLC25A42",3,0,6,9,33.3333333333333,3
"SLC26A2",3,0,8,11,27.2727272727273,3
"SLC26A8",3,0,3,6,50,3
"SLC35A4",3,0,7,10,30,3
"SLC35G2",3,0,8,11,27.2727272727273,3
"SLC36A2",3,0,2,5,60,3
"SLC38A6",3,1,19,23,13.0434782608696,4
"SLC39A11",3,0,2,5,60,3
"SLC39A13",3,0,10,13,23.0769230769231,3
"SLC39A7",3,0,3,6,50,3
"SLC48A1",3,0,7,10,30,3
"SLC4A8",3,0,1,4,75,3
"SLC5A6",3,0,10,13,23.0769230769231,3
"SLCO3A1",3,0,3,6,50,3
"SLFN13",3,0,7,10,30,3
"SLX4IP",3,0,17,20,15,3
"SMCR5",3,0,1,4,75,3
"SMEK2",3,0,7,10,30,3
"SMIM12",3,0,6,9,33.3333333333333,3
"SMPDL3A",3,1,11,15,20,4
"SMU1",3,0,2,5,60,3
"SMYD4",3,0,2,5,60,3
"SNAP25-AS1",3,0,10,13,23.0769230769231,3
"SNAPIN",3,0,8,11,27.2727272727273,3
"SNN",3,0,6,9,33.3333333333333,3
"SNORA18",3,2,14,19,15.7894736842105,5
"SNORA25.5",3,1,6,10,30,4
"SNORA26",3,0,16,19,15.7894736842105,3
"SNORA26.1",3,0,7,10,30,3
"SNORA27",3,0,2,5,60,3
"SNORA4.3",3,0,17,20,15,3
"SNORA4.4",3,0,8,11,27.2727272727273,3
"SNORA40",3,2,14,19,15.7894736842105,5
"SNORA48.11",3,0,2,5,60,3
"SNORA48.5",3,0,8,11,27.2727272727273,3
"SNORA63.1",3,0,8,11,27.2727272727273,3
"SNORA63.7",3,0,8,11,27.2727272727273,3
"SNORA65",3,0,3,6,50,3
"SNORA67.6",3,0,5,8,37.5,3
"SNORA7.3",3,0,5,8,37.5,3
"SNORA7.4",3,0,14,17,17.6470588235294,3
"SNORA70.15",3,0,4,7,42.8571428571429,3
"SNORA70.21",3,0,3,6,50,3
"SNORA70.8",3,0,4,7,42.8571428571429,3
"SNORA74.4",3,0,3,6,50,3
"SNORA8",3,2,14,19,15.7894736842105,5
"SNORA8.1",3,0,7,10,30,3
"SNORA81.3",3,0,8,11,27.2727272727273,3
"SNORD102",3,0,2,5,60,3
"SNORD112.16",3,0,7,10,30,3
"SNORD112.48",3,0,2,5,60,3
"SNORD113",3,0,3,6,50,3
"SNORD117",3,0,2,5,60,3
"SNORD124",3,0,4,7,42.8571428571429,3
"SNORD18.1",3,0,3,6,50,3
"SNORD2",3,0,13,16,18.75,3
"SNORD37",3,0,2,5,60,3
"SNORD38B",3,0,4,7,42.8571428571429,3
"SNORD5",3,2,14,19,15.7894736842105,5
"SNORD51",3,0,4,7,42.8571428571429,3
"SNORD54",3,1,7,11,27.2727272727273,4
"SNORD77.1",3,0,3,6,50,3
"SNORD77.4",3,0,11,14,21.4285714285714,3
"SNORD82",3,0,7,10,30,3
"SNORD97",3,0,6,9,33.3333333333333,3
"snoU109.3",3,0,7,10,30,3
"snoU13.151",3,0,4,7,42.8571428571429,3
"snoU13.162",3,0,7,10,30,3
"snoU13.187",3,0,8,11,27.2727272727273,3
"snoU13.19",3,1,19,23,13.0434782608696,4
"snoU13.217",3,0,6,9,33.3333333333333,3
"snoU13.237",3,0,13,16,18.75,3
"snoU13.242",3,0,12,15,20,3
"snoU13.245",3,0,4,7,42.8571428571429,3
"snoU13.252",3,0,1,4,75,3
"snoU13.268",3,0,6,9,33.3333333333333,3
"snoU13.273",3,0,5,8,37.5,3
"snoU13.28",3,0,10,13,23.0769230769231,3
"snoU13.301",3,0,4,7,42.8571428571429,3
"snoU13.314",3,0,4,7,42.8571428571429,3
"snoU13.315",3,0,4,7,42.8571428571429,3
"snoU13.399",3,0,11,14,21.4285714285714,3
"snoU13.418",3,0,3,6,50,3
"snoU13.85",3,0,2,5,60,3
"snR65.1",3,0,2,5,60,3
"SNRPF",3,1,16,20,15,4
"SNX11",3,1,8,12,25,4
"SNX16",3,0,2,5,60,3
"SNX19",3,0,13,16,18.75,3
"SNX6",3,0,10,13,23.0769230769231,3
"SORBS1",3,0,14,17,17.6470588235294,3
"SORBS3",3,0,10,13,23.0769230769231,3
"SORCS2",3,0,7,10,30,3
"SPACA6P",3,0,12,15,20,3
"SPACA6P-AS",3,0,12,15,20,3
"SPATA17",3,0,5,8,37.5,3
"SPATA3",3,0,5,8,37.5,3
"SPATA3-AS1",3,0,5,8,37.5,3
"SPATS1",3,0,7,10,30,3
"SPCS3",3,0,12,15,20,3
"SPINK14",3,0,9,12,25,3
"SPOCK2",3,0,7,10,30,3
"SPOP",3,0,5,8,37.5,3
"SPPL2B",3,0,5,8,37.5,3
"SPRYD7",3,0,1,4,75,3
"SREBF2",3,0,1,4,75,3
"SREK1IP1",3,1,9,13,23.0769230769231,4
"SRGN",3,0,2,5,60,3
"SRPK2",3,1,14,18,16.6666666666667,4
"SRRD",3,0,7,10,30,3
"SRSF1",3,0,9,12,25,3
"SRSF4",3,0,8,11,27.2727272727273,3
"SS18L2",3,0,5,8,37.5,3
"SSH2",3,0,6,9,33.3333333333333,3
"SSNA1",3,1,2,6,50,4
"SSPN",3,0,3,6,50,3
"SSSCA1",3,0,2,5,60,3
"SST",3,1,10,14,21.4285714285714,4
"ST3GAL3",3,0,5,8,37.5,3
"ST5",3,0,3,6,50,3
"ST6GAL1",3,0,5,8,37.5,3
"ST6GALNAC3",3,1,1,5,60,4
"ST7L",3,0,10,13,23.0769230769231,3
"STARD3NL",3,0,4,7,42.8571428571429,3
"STAT4",3,0,4,7,42.8571428571429,3
"STAU2",3,1,9,13,23.0769230769231,4
"STK32C",3,0,2,5,60,3
"STK38",3,0,5,8,37.5,3
"STK40",3,1,3,7,42.8571428571429,4
"STON2",3,0,8,11,27.2727272727273,3
"STPG2",3,0,5,8,37.5,3
"STRADA",3,0,4,7,42.8571428571429,3
"STRN4",3,0,4,7,42.8571428571429,3
"STX2",3,0,4,7,42.8571428571429,3
"STX4",3,0,12,15,20,3
"SUCNR1",3,0,12,15,20,3
"SUDS3",3,1,16,20,15,4
"SUOX",3,0,9,12,25,3
"SUV420H2",3,0,5,8,37.5,3
"SVIL",3,0,14,17,17.6470588235294,3
"SVOPL",3,0,4,7,42.8571428571429,3
"SYNC",3,0,6,9,33.3333333333333,3
"SYNE2",3,0,5,8,37.5,3
"SYNJ2",3,0,3,6,50,3
"SYT8",3,1,3,7,42.8571428571429,4
"TAF10",3,0,23,26,11.5384615384615,3
"TALDO1",3,0,1,4,75,3
"TAOK3",3,1,9,13,23.0769230769231,4
"TAPT1",3,0,1,4,75,3
"TAPT1-AS1",3,0,1,4,75,3
"TAS2R60",3,0,12,15,20,3
"TATDN3",3,0,7,10,30,3
"TBC1D1",3,0,5,8,37.5,3
"TBC1D10A",3,0,4,7,42.8571428571429,3
"TBC1D2",3,0,8,11,27.2727272727273,3
"TBC1D31",3,0,5,8,37.5,3
"TBL1XR1-AS1",3,0,8,11,27.2727272727273,3
"TBRG1",3,0,14,17,17.6470588235294,3
"TBX2",3,0,9,12,25,3
"TCERG1",3,0,7,10,30,3
"TCP10L2",3,0,3,6,50,3
"TCP11",3,0,3,6,50,3
"TDGF1P7",3,0,5,8,37.5,3
"TES",3,0,6,9,33.3333333333333,3
"TESC",3,0,2,5,60,3
"TET2",3,0,13,16,18.75,3
"TEX12",3,0,9,12,25,3
"TEX2",3,0,4,7,42.8571428571429,3
"TFP1",3,0,13,16,18.75,3
"TGFBI",3,0,7,10,30,3
"THADA",3,0,5,8,37.5,3
"THBD",3,0,10,13,23.0769230769231,3
"THNSL1",3,0,17,20,15,3
"THNSL2",3,0,15,18,16.6666666666667,3
"THOC1",3,0,6,9,33.3333333333333,3
"TIMM21",3,0,6,9,33.3333333333333,3
"TK1",3,0,0,3,100,3
"TLE4",3,1,5,9,33.3333333333333,4
"TLN1",3,0,9,12,25,3
"TLX2",3,0,2,5,60,3
"TM6SF2",3,0,13,16,18.75,3
"TM7SF2",3,0,1,4,75,3
"TMBIM4",3,0,4,7,42.8571428571429,3
"TMED3",3,0,4,7,42.8571428571429,3
"TMED4",3,0,10,13,23.0769230769231,3
"TMEM104",3,0,1,4,75,3
"TMEM105",3,0,3,6,50,3
"TMEM106C",3,0,9,12,25,3
"TMEM109",3,0,6,9,33.3333333333333,3
"TMEM123",3,0,13,16,18.75,3
"TMEM150A",3,0,9,12,25,3
"TMEM168",3,0,4,7,42.8571428571429,3
"TMEM170B",3,0,13,16,18.75,3
"TMEM180",3,0,4,7,42.8571428571429,3
"TMEM19",3,1,2,6,50,4
"TMEM213",3,0,1,4,75,3
"TMEM251",3,0,2,5,60,3
"TMEM43",3,0,4,7,42.8571428571429,3
"TMEM65",3,0,6,9,33.3333333333333,3
"TMEM78",3,0,8,11,27.2727272727273,3
"TMEM92",3,0,8,11,27.2727272727273,3
"TMEM99",3,0,8,11,27.2727272727273,3
"TMTC1",3,0,8,11,27.2727272727273,3
"TMTC3",3,0,8,11,27.2727272727273,3
"TNFSF18",3,0,8,11,27.2727272727273,3
"TNIK",3,0,7,10,30,3
"TNNI2",3,1,3,7,42.8571428571429,4
"TNRC6B",3,0,7,10,30,3
"TNS1",3,0,2,5,60,3
"TOMM70A",3,0,9,12,25,3
"TOPBP1",3,0,13,16,18.75,3
"TOX2",3,0,1,4,75,3
"TP53RK",3,0,3,6,50,3
"TPRN",3,1,3,7,42.8571428571429,4
"TPST2",3,0,6,9,33.3333333333333,3
"TRA2B",3,0,18,21,14.2857142857143,3
"TRABD",3,0,0,3,100,3
"TRAF4",3,0,2,5,60,3
"TRAK1",3,0,12,15,20,3
"TRANK1",3,0,5,8,37.5,3
"TRAPPC13",3,1,18,22,13.6363636363636,4
"TRAPPC3L",3,1,17,21,14.2857142857143,4
"TRDMT1",3,0,14,17,17.6470588235294,3
"TRH",3,0,7,10,30,3
"TRIM23",3,1,18,22,13.6363636363636,4
"TRIM41",3,0,8,11,27.2727272727273,3
"TRIM62",3,0,5,8,37.5,3
"TRIM69",3,0,6,9,33.3333333333333,3
"TRIM7",3,0,9,12,25,3
"TRIP13",3,0,9,12,25,3
"TRMT5",3,1,19,23,13.0434782608696,4
"TROAP",3,0,5,8,37.5,3
"TROVE2",3,0,7,10,30,3
"TSNAX",3,0,5,8,37.5,3
"TSNAX-DISC1",3,0,5,8,37.5,3
"TSPAN16",3,0,6,9,33.3333333333333,3
"TSPAN17",3,0,3,6,50,3
"TSPAN5",3,0,5,8,37.5,3
"TSPYL5",3,0,3,6,50,3
"TTC21A",3,0,13,16,18.75,3
"TTC22",3,0,2,5,60,3
"TTC27",3,0,19,22,13.6363636363636,3
"TTC28-AS1",3,0,3,6,50,3
"TTC33",3,0,7,10,30,3
"TTC5",3,0,8,11,27.2727272727273,3
"TULP3",3,0,2,5,60,3
"TXK",3,0,7,10,30,3
"TXN2",3,0,2,5,60,3
"TXNDC11",3,0,8,11,27.2727272727273,3
"TYK2",3,0,4,7,42.8571428571429,3
"U3.12",3,0,4,7,42.8571428571429,3
"U3.24",3,0,2,5,60,3
"U3.27",3,0,3,6,50,3
"U3.48",3,0,1,4,75,3
"U3.51",3,0,14,17,17.6470588235294,3
"U3.56",3,0,2,5,60,3
"U6.59",3,0,8,11,27.2727272727273,3
"UACA",3,0,5,8,37.5,3
"UBE2D3P3",3,0,4,7,42.8571428571429,3
"UBE2H",3,0,3,6,50,3
"UBE3D",3,0,19,22,13.6363636363636,3
"UBE4A",3,0,6,9,33.3333333333333,3
"UBQLN4",3,0,10,13,23.0769230769231,3
"UCHL5",3,0,7,10,30,3
"UPB1",3,0,2,5,60,3
"UPK2",3,0,13,16,18.75,3
"USB1",3,0,1,4,75,3
"USF2",3,0,10,13,23.0769230769231,3
"USP20",3,0,6,9,33.3333333333333,3
"USP6NL",3,0,4,7,42.8571428571429,3
"USP8",3,0,8,11,27.2727272727273,3
"UTP15",3,0,7,10,30,3
"UTP18",3,0,3,6,50,3
"UTP3",3,0,13,16,18.75,3
"VDR",3,0,4,7,42.8571428571429,3
"VEGFB",3,0,0,3,100,3
"VEPH1",3,0,3,6,50,3
"VIM",3,0,17,20,15,3
"VIM-AS1",3,0,15,18,16.6666666666667,3
"VIT",3,0,0,3,100,3
"VKORC1",3,0,6,9,33.3333333333333,3
"VPS13D",3,1,9,13,23.0769230769231,4
"VPS51",3,0,2,5,60,3
"VSIG10L",3,0,7,10,30,3
"VWA1",3,0,2,5,60,3
"WBP1L",3,0,0,3,100,3
"WDFY4",3,0,3,6,50,3
"WDR25",3,0,9,12,25,3
"WDR61",3,0,10,13,23.0769230769231,3
"WDR73",3,0,14,17,17.6470588235294,3
"WDR81",3,1,7,11,27.2727272727273,4
"WIBG",3,0,7,10,30,3
"XBP1",3,0,1,4,75,3
"XIRP1",3,0,8,11,27.2727272727273,3
"XPC",3,0,7,10,30,3
"XPO6",3,1,6,10,30,4
"XPOT",3,0,11,14,21.4285714285714,3
"XRCC2",3,0,3,6,50,3
"XXbac-B476C20.11",3,0,15,18,16.6666666666667,3
"XXbac-B476C20.9",3,0,15,18,16.6666666666667,3
"XXbac-BPG32J3.20",3,0,2,5,60,3
"Y_RNA.124",3,1,6,10,30,4
"Y_RNA.362",3,0,3,6,50,3
"Y_RNA.371",3,0,5,8,37.5,3
"Y_RNA.420",3,0,8,11,27.2727272727273,3
"Y_RNA.45",3,0,3,6,50,3
"Y_RNA.665",3,0,12,15,20,3
"Y_RNA.673",3,0,3,6,50,3
"Y_RNA.734",3,0,8,11,27.2727272727273,3
"YBX1",3,0,6,9,33.3333333333333,3
"YIPF5",3,0,8,11,27.2727272727273,3
"YKT6",3,0,8,11,27.2727272727273,3
"YWHAE",3,1,2,6,50,4
"Z84488.1",3,2,15,20,15,5
"ZAP70",3,0,6,9,33.3333333333333,3
"ZBTB1",3,0,10,13,23.0769230769231,3
"ZBTB11",3,0,13,16,18.75,3
"ZBTB11-AS1",3,0,13,16,18.75,3
"ZBTB21",3,0,3,6,50,3
"ZBTB25",3,0,10,13,23.0769230769231,3
"ZBTB39",3,0,11,14,21.4285714285714,3
"ZBTB8OS",3,0,5,8,37.5,3
"ZC3H18",3,0,4,7,42.8571428571429,3
"ZC3H8",3,0,8,11,27.2727272727273,3
"ZFAND5",3,0,6,9,33.3333333333333,3
"ZFP90",3,0,2,5,60,3
"ZFP91",3,1,4,8,37.5,4
"ZFP91-CNTF",3,1,4,8,37.5,4
"ZKSCAN8",3,1,20,24,12.5,4
"ZMAT2",3,0,12,15,20,3
"ZMAT3",3,0,8,11,27.2727272727273,3
"ZMIZ1",3,0,6,9,33.3333333333333,3
"ZMIZ1-AS1",3,0,6,9,33.3333333333333,3
"ZMYND12",3,0,4,7,42.8571428571429,3
"ZNF202",3,0,4,7,42.8571428571429,3
"ZNF227",3,2,42,47,6.38297872340426,5
"ZNF229",3,1,29,33,9.09090909090909,4
"ZNF295-AS1",3,0,3,6,50,3
"ZNF319",3,0,1,4,75,3
"ZNF362",3,0,11,14,21.4285714285714,3
"ZNF366",3,0,12,15,20,3
"ZNF445",3,0,0,3,100,3
"ZNF451",3,0,16,19,15.7894736842105,3
"ZNF488",3,0,10,13,23.0769230769231,3
"ZNF524",3,0,15,18,16.6666666666667,3
"ZNF527",3,1,29,33,9.09090909090909,4
"ZNF567",3,1,21,25,12,4
"ZNF572",3,0,11,14,21.4285714285714,3
"ZNF597",3,0,8,11,27.2727272727273,3
"ZNF609",3,0,3,6,50,3
"ZNF620",3,0,10,13,23.0769230769231,3
"ZNF638",3,0,2,5,60,3
"ZNF667",3,0,10,13,23.0769230769231,3
"ZNF667-AS1",3,0,10,13,23.0769230769231,3
"ZNF669",3,0,10,13,23.0769230769231,3
"ZNF683",3,0,7,10,30,3
"ZNF703",3,1,11,15,20,4
"ZNF710",3,0,5,8,37.5,3
"ZNF746",3,0,14,17,17.6470588235294,3
"ZNF777",3,0,6,9,33.3333333333333,3
"ZNF830",3,0,3,6,50,3
"ZNF839",3,0,4,7,42.8571428571429,3
"ZNRF3",3,0,4,7,42.8571428571429,3
"ZSCAN16",3,0,17,20,15,3
"ZSCAN2",3,0,7,10,30,3
"ZSCAN25",3,0,10,13,23.0769230769231,3
"A2ML1",2,0,4,6,33.3333333333333,2
"A2ML1-AS1",2,0,3,5,40,2
"A2ML1-AS2",2,0,4,6,33.3333333333333,2
"AAGAB",2,0,7,9,22.2222222222222,2
"AANAT",2,0,4,6,33.3333333333333,2
"AATK",2,0,1,3,66.6666666666667,2
"ABAT",2,0,5,7,28.5714285714286,2
"ABCA4",2,0,0,2,100,2
"ABCB6",2,0,5,7,28.5714285714286,2
"ABCB9",2,0,5,7,28.5714285714286,2
"ABCC1",2,0,8,10,20,2
"ABCC11",2,0,2,4,50,2
"ABCC5",2,0,4,6,33.3333333333333,2
"ABCC8",2,0,3,5,40,2
"ABCG1",2,0,1,3,66.6666666666667,2
"ABHD10",2,0,12,14,14.2857142857143,2
"ABHD13",2,0,9,11,18.1818181818182,2
"ABI1",2,0,3,5,40,2
"AC002066.1",2,0,9,11,18.1818181818182,2
"AC002076.10",2,0,6,8,25,2
"AC002511.2",2,0,9,11,18.1818181818182,2
"AC003002.4",2,1,17,20,10,3
"AC003002.6",2,0,14,16,12.5,2
"AC003102.3",2,0,2,4,50,2
"AC003958.2",2,0,10,12,16.6666666666667,2
"AC004076.7",2,0,14,16,12.5,2
"AC004076.9",2,0,19,21,9.52380952380952,2
"AC004160.4",2,0,0,2,100,2
"AC004540.4",2,2,17,21,9.52380952380952,4
"AC004549.6",2,0,9,11,18.1818181818182,2
"AC004771.1",2,0,4,6,33.3333333333333,2
"AC004837.4",2,0,2,4,50,2
"AC004917.1",2,0,8,10,20,2
"AC004988.1",2,0,2,4,50,2
"AC005027.3",2,0,2,4,50,2
"AC005041.17",2,0,1,3,66.6666666666667,2
"AC005042.4",2,0,4,6,33.3333333333333,2
"AC005076.5",2,1,12,15,13.3333333333333,3
"AC005215.1",2,0,5,7,28.5714285714286,2
"AC005253.2",2,0,1,3,66.6666666666667,2
"AC005253.4",2,0,1,3,66.6666666666667,2
"AC005363.9",2,0,3,5,40,2
"AC005540.3",2,0,7,9,22.2222222222222,2
"AC005609.1",2,2,11,15,13.3333333333333,4
"AC005776.1",2,0,0,2,100,2
"AC005785.2",2,0,1,3,66.6666666666667,2
"AC006011.4",2,0,2,4,50,2
"AC006070.12",2,0,9,11,18.1818181818182,2
"AC006126.4",2,0,1,3,66.6666666666667,2
"AC006160.5",2,0,6,8,25,2
"AC007099.2",2,0,12,14,14.2857142857143,2
"AC007182.6",2,0,6,8,25,2
"AC007216.1",2,0,9,11,18.1818181818182,2
"AC007285.6",2,0,3,5,40,2
"AC007362.3",2,0,14,16,12.5,2
"AC007383.4",2,0,2,4,50,2
"AC007391.2",2,0,5,7,28.5714285714286,2
"AC007620.3",2,0,4,6,33.3333333333333,2
"AC008060.7",2,1,12,15,13.3333333333333,3
"AC008277.1",2,0,4,6,33.3333333333333,2
"AC008394.1",2,0,4,6,33.3333333333333,2
"AC008592.4",2,0,9,11,18.1818181818182,2
"AC008625.1",2,0,7,9,22.2222222222222,2
"AC008937.3",2,0,12,14,14.2857142857143,2
"AC008949.1",2,0,7,9,22.2222222222222,2
"AC009005.2",2,0,1,3,66.6666666666667,2
"AC009061.1",2,0,1,3,66.6666666666667,2
"AC009065.2",2,0,0,2,100,2
"AC009065.3",2,0,2,4,50,2
"AC009970.1",2,0,4,6,33.3333333333333,2
"AC010376.1",2,0,2,4,50,2
"AC010441.1",2,0,6,8,25,2
"AC010524.2",2,0,2,4,50,2
"AC010547.9",2,0,7,9,22.2222222222222,2
"AC010746.3",2,0,13,15,13.3333333333333,2
"AC010884.1",2,0,6,8,25,2
"AC011239.1",2,0,2,4,50,2
"AC011290.4",2,0,3,5,40,2
"AC011500.1",2,0,4,6,33.3333333333333,2
"AC012150.1",2,0,3,5,40,2
"AC012358.7",2,0,6,8,25,2
"AC012358.8",2,0,3,5,40,2
"AC012360.1",2,0,4,6,33.3333333333333,2
"AC012462.1",2,0,14,16,12.5,2
"AC013283.1",2,0,12,14,14.2857142857143,2
"AC015936.3",2,0,6,8,25,2
"AC016907.3",2,0,10,12,16.6666666666667,2
"AC017076.5",2,0,4,6,33.3333333333333,2
"AC017083.1",2,0,3,5,40,2
"AC017083.3",2,0,4,6,33.3333333333333,2
"AC017116.11",2,0,10,12,16.6666666666667,2
"AC018450.1",2,0,7,9,22.2222222222222,2
"AC018690.1",2,0,7,9,22.2222222222222,2
"AC019048.1",2,0,7,9,22.2222222222222,2
"AC020907.1",2,0,0,2,100,2
"AC020910.2",2,0,3,5,40,2
"AC027228.1",2,0,5,7,28.5714285714286,2
"AC040160.1",2,0,1,3,66.6666666666667,2
"AC053503.11",2,0,6,8,25,2
"AC067968.3",2,0,29,31,6.45161290322581,2
"AC068282.3",2,0,6,8,25,2
"AC068831.3",2,0,6,8,25,2
"AC068946.1",2,0,5,7,28.5714285714286,2
"AC069363.1",2,0,3,5,40,2
"AC073072.5",2,0,10,12,16.6666666666667,2
"AC073115.6",2,0,5,7,28.5714285714286,2
"AC073130.3",2,0,10,12,16.6666666666667,2
"AC073283.4",2,0,1,3,66.6666666666667,2
"AC073342.12",2,0,10,12,16.6666666666667,2
"AC073508.1",2,0,1,3,66.6666666666667,2
"AC073957.15",2,0,2,4,50,2
"AC074091.13",2,0,5,7,28.5714285714286,2
"AC074389.6",2,1,5,8,25,3
"AC074389.7",2,1,5,8,25,3
"AC078855.1",2,0,6,8,25,2
"AC078917.1",2,0,1,3,66.6666666666667,2
"AC079779.4",2,0,6,8,25,2
"AC079790.2",2,0,4,6,33.3333333333333,2
"AC090587.4",2,0,14,16,12.5,2
"AC090587.5",2,0,14,16,12.5,2
"AC090939.1",2,0,3,5,40,2
"AC091814.3",2,0,6,8,25,2
"AC092159.2",2,0,7,9,22.2222222222222,2
"AC092384.1",2,0,5,7,28.5714285714286,2
"AC093162.1",2,0,8,10,20,2
"AC093495.4",2,0,0,2,100,2
"AC093690.1",2,0,1,3,66.6666666666667,2
"AC093732.1",2,0,3,5,40,2
"AC093818.1",2,0,9,11,18.1818181818182,2
"AC096664.3",2,0,6,8,25,2
"AC096677.1",2,0,2,4,50,2
"AC097662.2",2,0,11,13,15.3846153846154,2
"AC098680.1",2,0,5,7,28.5714285714286,2
"AC098820.2",2,0,4,6,33.3333333333333,2
"AC098820.3",2,0,12,14,14.2857142857143,2
"AC099339.1",2,0,1,3,66.6666666666667,2
"AC099535.1",2,1,10,13,15.3846153846154,3
"AC099539.1",2,0,0,2,100,2
"AC099545.1",2,0,3,5,40,2
"AC099669.1",2,0,2,4,50,2
"AC102953.6",2,1,2,5,40,3
"AC103563.8",2,0,7,9,22.2222222222222,2
"AC104134.2",2,0,26,28,7.14285714285714,2
"AC104623.2",2,0,7,9,22.2222222222222,2
"AC104802.1",2,0,1,3,66.6666666666667,2
"AC105053.4",2,0,4,6,33.3333333333333,2
"AC106732.1",2,0,6,8,25,2
"AC106873.4",2,0,5,7,28.5714285714286,2
"AC106876.2",2,0,2,4,50,2
"AC107021.1",2,0,2,4,50,2
"AC108448.3",2,0,0,2,100,2
"AC109309.4",2,0,4,6,33.3333333333333,2
"AC110298.1",2,1,2,5,40,3
"AC110619.2",2,0,1,3,66.6666666666667,2
"AC114491.1",2,0,0,2,100,2
"AC132192.1",2,0,2,4,50,2
"AC135178.7",2,0,2,4,50,2
"AC138430.4",2,0,4,6,33.3333333333333,2
"AC144450.1",2,0,4,6,33.3333333333333,2
"AC144522.1",2,0,3,5,40,2
"ACAP2",2,0,9,11,18.1818181818182,2
"ACIN1",2,0,12,14,14.2857142857143,2
"ACMSD",2,0,5,7,28.5714285714286,2
"ACOX3",2,0,4,6,33.3333333333333,2
"ACP1",2,0,5,7,28.5714285714286,2
"ACSF2",2,0,4,6,33.3333333333333,2
"ACSM3",2,0,2,4,50,2
"ACTA2-AS1",2,0,5,7,28.5714285714286,2
"ACTL9",2,0,1,3,66.6666666666667,2
"ACTN4",2,0,3,5,40,2
"ACVR1",2,0,6,8,25,2
"ACVR1B",2,0,1,3,66.6666666666667,2
"AD000090.2",2,0,5,7,28.5714285714286,2
"ADAR",2,0,7,9,22.2222222222222,2
"ADARB1",2,0,4,6,33.3333333333333,2
"ADARB2",2,0,0,2,100,2
"ADD3",2,0,9,11,18.1818181818182,2
"ADGB",2,0,2,4,50,2
"ADIPOR2",2,0,2,4,50,2
"ADIRF",2,0,7,9,22.2222222222222,2
"ADIRF-AS1",2,0,9,11,18.1818181818182,2
"ADORA2A",2,0,4,6,33.3333333333333,2
"ADRA1B",2,0,9,11,18.1818181818182,2
"ADRB2",2,0,11,13,15.3846153846154,2
"ADRBK1",2,0,4,6,33.3333333333333,2
"AF129075.5",2,0,7,9,22.2222222222222,2
"AF213884.3",2,0,9,11,18.1818181818182,2
"AF216667.1",2,0,3,5,40,2
"AF230666.2",2,0,6,8,25,2
"AGA",2,0,5,7,28.5714285714286,2
"AGTPBP1",2,1,10,13,15.3846153846154,3
"AHSA1",2,0,10,12,16.6666666666667,2
"AHSG",2,0,9,11,18.1818181818182,2
"AJAP1",2,0,2,4,50,2
"AK4",2,0,5,7,28.5714285714286,2
"AK7",2,0,6,8,25,2
"AKAP3",2,0,2,4,50,2
"AKAP8",2,0,1,3,66.6666666666667,2
"AKIRIN2",2,0,9,11,18.1818181818182,2
"AKR1C3",2,0,9,11,18.1818181818182,2
"AKR1D1",2,0,9,11,18.1818181818182,2
"AKR7A2",2,0,5,7,28.5714285714286,2
"AL021394.1",2,0,2,4,50,2
"AL021917.1",2,0,8,10,20,2
"AL022237.3",2,0,2,4,50,2
"AL049829.1",2,0,0,2,100,2
"AL078585.1",2,0,9,11,18.1818181818182,2
"AL109767.1",2,0,5,7,28.5714285714286,2
"AL136531.1",2,0,2,4,50,2
"AL137118.1",2,0,2,4,50,2
"AL139099.1",2,0,5,7,28.5714285714286,2
"AL161668.5",2,0,1,3,66.6666666666667,2
"AL162430.1",2,0,4,6,33.3333333333333,2
"AL162430.2",2,0,4,6,33.3333333333333,2
"AL359853.1",2,0,0,2,100,2
"AL391839.1",2,0,3,5,40,2
"AL445204.1",2,0,3,5,40,2
"AL450992.2",2,0,18,20,10,2
"AL589765.1",2,0,7,9,22.2222222222222,2
"AL590403.1",2,0,5,7,28.5714285714286,2
"AL591704.7",2,0,1,3,66.6666666666667,2
"AL645859.1",2,0,8,10,20,2
"AL662800.1",2,0,1,3,66.6666666666667,2
"AL773604.8",2,0,3,5,40,2
"ALDH16A1",2,0,3,5,40,2
"ALDH5A1",2,0,7,9,22.2222222222222,2
"ALKBH1",2,0,9,11,18.1818181818182,2
"ALOX15",2,0,3,5,40,2
"AMDHD1",2,1,5,8,25,3
"AMH",2,0,1,3,66.6666666666667,2
"AMIGO2",2,0,4,6,33.3333333333333,2
"AMOTL2",2,0,4,6,33.3333333333333,2
"AMPD2",2,0,10,12,16.6666666666667,2
"AMT",2,1,1,4,50,3
"ANAPC16",2,0,13,15,13.3333333333333,2
"ANGPT1",2,0,6,8,25,2
"ANGPTL6",2,0,1,3,66.6666666666667,2
"ANKFY1",2,0,0,2,100,2
"ANKRD13D",2,0,2,4,50,2
"ANKRD17",2,0,11,13,15.3846153846154,2
"ANKRD42",2,0,10,12,16.6666666666667,2
"ANP32B",2,0,5,7,28.5714285714286,2
"ANTXR1",2,0,4,6,33.3333333333333,2
"AOX1",2,0,5,7,28.5714285714286,2
"AP000320.6",2,0,2,4,50,2
"AP000354.2",2,0,0,2,100,2
"AP000354.4",2,0,0,2,100,2
"AP000355.2",2,0,1,3,66.6666666666667,2
"AP000679.2",2,0,1,3,66.6666666666667,2
"AP000769.1",2,0,3,5,40,2
"AP001092.4",2,0,2,4,50,2
"AP001579.1",2,0,4,6,33.3333333333333,2
"AP001610.5",2,0,6,8,25,2
"AP001619.2",2,0,4,6,33.3333333333333,2
"AP001619.3",2,0,4,6,33.3333333333333,2
"AP002833.1",2,0,2,4,50,2
"AP002956.1",2,0,3,5,40,2
"AP003419.11",2,0,1,3,66.6666666666667,2
"AP003774.1",2,0,0,2,100,2
"AP2M1",2,0,3,5,40,2
"AP2S1",2,0,4,6,33.3333333333333,2
"AP4E1",2,0,7,9,22.2222222222222,2
"APBA2",2,0,12,14,14.2857142857143,2
"APBB1",2,0,24,26,7.69230769230769,2
"APBB1IP",2,0,4,6,33.3333333333333,2
"APBB2",2,0,8,10,20,2
"APH1A",2,0,5,7,28.5714285714286,2
"APOBEC4",2,0,16,18,11.1111111111111,2
"APOH",2,0,4,6,33.3333333333333,2
"APPL1",2,0,3,5,40,2
"APRT",2,0,5,7,28.5714285714286,2
"APTX",2,0,11,13,15.3846153846154,2
"ARCN1",2,0,5,7,28.5714285714286,2
"ARF1",2,0,3,5,40,2
"ARF6",2,0,10,12,16.6666666666667,2
"ARFIP2",2,0,31,33,6.06060606060606,2
"ARHGAP18",2,0,10,12,16.6666666666667,2
"ARHGAP20",2,0,3,5,40,2
"ARHGAP23",2,0,2,4,50,2
"ARHGEF15",2,0,2,4,50,2
"ARHGEF2",2,0,2,4,50,2
"ARHGEF3",2,0,5,7,28.5714285714286,2
"ARHGEF39",2,0,2,4,50,2
"ARHGEF40",2,0,2,4,50,2
"ARID3B",2,0,4,6,33.3333333333333,2
"ARMC2",2,0,6,8,25,2
"ARMC8",2,0,9,11,18.1818181818182,2
"ARMC9",2,0,1,3,66.6666666666667,2
"ARNTL",2,0,5,7,28.5714285714286,2
"ARPC5",2,0,10,12,16.6666666666667,2
"ARPP19",2,0,2,4,50,2
"ARRB1",2,0,2,4,50,2
"ARSA",2,0,8,10,20,2
"ARSI",2,0,1,3,66.6666666666667,2
"ASAP3",2,0,2,4,50,2
"ASB16-AS1",2,0,1,3,66.6666666666667,2
"ASB4",2,0,7,9,22.2222222222222,2
"ASB6",2,0,5,7,28.5714285714286,2
"ASB7",2,0,9,11,18.1818181818182,2
"ASB8",2,1,5,8,25,3
"ASCC1",2,0,13,15,13.3333333333333,2
"ASGR1",2,0,3,5,40,2
"ASH2L",2,0,13,15,13.3333333333333,2
"ASIC1",2,0,2,4,50,2
"ASIC2",2,1,0,3,66.6666666666667,3
"ASIC4",2,0,6,8,25,2
"ASPSCR1",2,0,3,5,40,2
"ASRGL1",2,0,6,8,25,2
"ASTE1",2,0,7,9,22.2222222222222,2
"ASUN",2,0,2,4,50,2
"ATAD1",2,0,4,6,33.3333333333333,2
"ATAT1",2,0,1,3,66.6666666666667,2
"ATF3",2,0,6,8,25,2
"ATG7",2,1,5,8,25,3
"ATHL1",2,0,3,5,40,2
"ATL1",2,0,5,7,28.5714285714286,2
"ATL3",2,0,1,3,66.6666666666667,2
"ATOH8",2,0,8,10,20,2
"ATP10A",2,0,10,12,16.6666666666667,2
"ATP11B",2,0,13,15,13.3333333333333,2
"ATP1B1",2,0,2,4,50,2
"ATP2A1",2,0,2,4,50,2
"ATP2B1",2,0,9,11,18.1818181818182,2
"ATP5A1P3",2,0,7,9,22.2222222222222,2
"ATP5L",2,0,6,8,25,2
"ATP6V0D1",2,0,2,4,50,2
"ATP6V0E1",2,0,2,4,50,2
"ATP6V1C1",2,0,2,4,50,2
"ATP8B4",2,0,0,2,100,2
"ATXN2L",2,0,2,4,50,2
"ATXN7L3",2,0,1,3,66.6666666666667,2
"AURKB",2,0,3,5,40,2
"AUTS2",2,0,4,6,33.3333333333333,2
"B3GNT2",2,1,4,7,28.5714285714286,3
"B3GNT5",2,0,5,7,28.5714285714286,2
"B4GALT4-AS1",2,0,2,4,50,2
"BAALC",2,0,3,5,40,2
"BANF1",2,0,2,4,50,2
"BAZ1B",2,0,8,10,20,2
"BBS5",2,0,4,6,33.3333333333333,2
"BBX",2,0,10,12,16.6666666666667,2
"BCAM",2,0,2,4,50,2
"BCAP29",2,0,6,8,25,2
"BCAR1",2,0,5,7,28.5714285714286,2
"BCDIN3D-AS1",2,0,2,4,50,2
"BCL11B",2,0,5,7,28.5714285714286,2
"BCL2",2,0,4,6,33.3333333333333,2
"BCL2A1",2,0,7,9,22.2222222222222,2
"BCL2L1",2,0,3,5,40,2
"BCL9L",2,0,8,10,20,2
"BCRP1",2,0,0,2,100,2
"BCS1L",2,1,10,13,15.3846153846154,3
"BDP1",2,0,9,11,18.1818181818182,2
"BEST4",2,0,0,2,100,2
"BET1",2,1,10,13,15.3846153846154,3
"BHLHE41",2,0,2,4,50,2
"BICD1",2,0,4,6,33.3333333333333,2
"BIN1",2,0,0,2,100,2
"BLOC1S1",2,0,2,4,50,2
"BLOC1S2",2,0,14,16,12.5,2
"BNIP1",2,0,7,9,22.2222222222222,2
"BOLA1",2,0,9,11,18.1818181818182,2
"BORA",2,0,3,5,40,2
"BRD4",2,0,0,2,100,2
"BRIP1",2,0,2,4,50,2
"BRPF3",2,0,2,4,50,2
"BRWD1-IT2",2,0,5,7,28.5714285714286,2
"BSG",2,0,1,3,66.6666666666667,2
"BST1",2,0,7,9,22.2222222222222,2
"BTBD10",2,0,4,6,33.3333333333333,2
"BTBD9-AS1",2,0,11,13,15.3846153846154,2
"BTF3L4",2,0,5,7,28.5714285714286,2
"BTLA",2,0,7,9,22.2222222222222,2
"BTN3A2",2,0,8,10,20,2
"BX322557.10",2,0,2,4,50,2
"BYSL",2,0,7,9,22.2222222222222,2
"BZRAP1",2,0,0,2,100,2
"BZRAP1-AS1",2,0,0,2,100,2
"C10orf111",2,0,10,12,16.6666666666667,2
"C10orf32",2,0,2,4,50,2
"C10orf32-ASMT",2,0,2,4,50,2
"C10orf55",2,0,3,5,40,2
"C10orf76",2,0,3,5,40,2
"C10orf88",2,0,14,16,12.5,2
"C11orf21",2,0,0,2,100,2
"C11orf52",2,0,19,21,9.52380952380952,2
"C11orf80",2,0,1,3,66.6666666666667,2
"C11orf82",2,0,17,19,10.5263157894737,2
"C12orf43",2,0,2,4,50,2
"C12orf49",2,0,2,4,50,2
"C12orf66",2,0,9,11,18.1818181818182,2
"C14orf164",2,0,4,6,33.3333333333333,2
"C14orf182",2,0,8,10,20,2
"C15orf27",2,0,1,3,66.6666666666667,2
"C15orf53",2,0,5,7,28.5714285714286,2
"C16orf70",2,0,2,4,50,2
"C16orf90",2,0,1,3,66.6666666666667,2
"C17orf64",2,0,5,7,28.5714285714286,2
"C17orf85",2,0,2,4,50,2
"C18orf21",2,1,5,8,25,3
"C18orf54",2,0,6,8,25,2
"C19orf24",2,0,0,2,100,2
"C19orf25",2,0,0,2,100,2
"C19orf53",2,0,0,2,100,2
"C19orf54",2,1,9,12,16.6666666666667,3
"C1orf100",2,0,1,3,66.6666666666667,2
"C1orf112",2,0,8,10,20,2
"C1orf116",2,0,2,4,50,2
"C1orf186",2,0,1,3,66.6666666666667,2
"C1orf189",2,0,5,7,28.5714285714286,2
"C1orf192",2,0,0,2,100,2
"C1orf27",2,0,11,13,15.3846153846154,2
"C1orf50",2,0,0,2,100,2
"C1orf51",2,0,4,6,33.3333333333333,2
"C1orf53",2,0,8,10,20,2
"C1orf54",2,0,5,7,28.5714285714286,2
"C1orf64",2,0,3,5,40,2
"C1QB",2,1,1,4,50,3
"C1QTNF2",2,0,9,11,18.1818181818182,2
"C1R",2,0,8,10,20,2
"C20orf166",2,0,4,6,33.3333333333333,2
"C20orf166-AS1",2,0,4,6,33.3333333333333,2
"C20orf197",2,0,6,8,25,2
"C2CD4D",2,0,18,20,10,2
"C2orf68",2,0,8,10,20,2
"C2orf81",2,0,5,7,28.5714285714286,2
"C3orf62",2,0,1,3,66.6666666666667,2
"C3orf72",2,0,17,19,10.5263157894737,2
"C3orf83",2,0,2,4,50,2
"C4orf21",2,0,7,9,22.2222222222222,2
"C4orf3",2,0,9,11,18.1818181818182,2
"C5orf47",2,1,12,15,13.3333333333333,3
"C5orf58",2,0,3,5,40,2
"C6orf1",2,0,2,4,50,2
"C6orf165",2,0,8,10,20,2
"C6ORF165",2,0,8,10,20,2
"C6orf222",2,0,0,2,100,2
"C6orf52",2,0,16,18,11.1111111111111,2
"C7orf34",2,0,8,10,20,2
"C7orf43",2,0,10,12,16.6666666666667,2
"C8orf12",2,1,14,17,11.7647058823529,3
"C8orf31",2,0,3,5,40,2
"C8orf56",2,0,3,5,40,2
"C9orf114",2,0,0,2,100,2
"C9orf117",2,0,0,2,100,2
"C9orf3",2,1,6,9,22.2222222222222,3
"C9orf41",2,0,5,7,28.5714285714286,2
"C9orf62",2,3,5,10,20,5
"C9orf64",2,0,10,12,16.6666666666667,2
"C9orf89",2,0,7,9,22.2222222222222,2
"C9orf96",2,0,1,3,66.6666666666667,2
"CA1",2,0,3,5,40,2
"CACNA1C-AS1",2,0,0,2,100,2
"CACNA1C-AS4",2,0,3,5,40,2
"CACNB1",2,0,6,8,25,2
"CACNB4",2,0,4,6,33.3333333333333,2
"CALB2",2,0,10,12,16.6666666666667,2
"CALML4",2,0,1,3,66.6666666666667,2
"CAMK2B",2,0,4,6,33.3333333333333,2
"CAMK2D",2,0,7,9,22.2222222222222,2
"CAMKMT",2,0,13,15,13.3333333333333,2
"CAMTA2",2,0,6,8,25,2
"CANX",2,0,0,2,100,2
"CAPZA2",2,0,7,9,22.2222222222222,2
"CARNS1",2,0,3,5,40,2
"CARS",2,0,6,8,25,2
"CARS-AS1",2,0,4,6,33.3333333333333,2
"CASC5",2,0,1,3,66.6666666666667,2
"CASKIN1",2,0,2,4,50,2
"CASP2",2,0,10,12,16.6666666666667,2
"CASP9",2,0,0,2,100,2
"CASQ2",2,0,0,2,100,2
"CAT",2,0,7,9,22.2222222222222,2
"CATSPERB",2,0,3,5,40,2
"CAV2",2,0,14,16,12.5,2
"CBFB",2,0,0,2,100,2
"CBX3P2",2,0,3,5,40,2
"CBX3P4",2,0,5,7,28.5714285714286,2
"CBX4",2,0,19,21,9.52380952380952,2
"CBX7",2,0,2,4,50,2
"CBY3",2,0,1,3,66.6666666666667,2
"CCDC102B",2,0,4,6,33.3333333333333,2
"CCDC107",2,0,2,4,50,2
"CCDC11",2,0,3,5,40,2
"CCDC138",2,0,3,5,40,2
"CCDC154",2,0,4,6,33.3333333333333,2
"CCDC155",2,0,2,4,50,2
"CCDC168",2,0,6,8,25,2
"CCDC181",2,0,1,3,66.6666666666667,2
"CCDC25",2,0,7,9,22.2222222222222,2
"CCDC28B",2,0,4,6,33.3333333333333,2
"CCDC3",2,0,1,3,66.6666666666667,2
"CCDC34",2,0,10,12,16.6666666666667,2
"CCDC38",2,0,4,6,33.3333333333333,2
"CCDC42B",2,0,4,6,33.3333333333333,2
"CCDC51",2,0,8,10,20,2
"CCDC62",2,0,3,5,40,2
"CCDC71L",2,0,8,10,20,2
"CCDC84",2,0,8,10,20,2
"CCDC88A",2,0,5,7,28.5714285714286,2
"CCDC91",2,0,9,11,18.1818181818182,2
"CCDC96",2,0,7,9,22.2222222222222,2
"CCKAR",2,0,5,7,28.5714285714286,2
"CCL1",2,0,1,3,66.6666666666667,2
"CCNE1",2,0,4,6,33.3333333333333,2
"CCNE2",2,0,4,6,33.3333333333333,2
"CCNF",2,0,2,4,50,2
"CCNI",2,0,5,7,28.5714285714286,2
"CCNYL1",2,0,6,8,25,2
"CCR1",2,0,7,9,22.2222222222222,2
"CCR5",2,0,4,6,33.3333333333333,2
"CCRL2",2,0,2,4,50,2
"CCT3",2,0,11,13,15.3846153846154,2
"CCT8",2,0,7,9,22.2222222222222,2
"CD109",2,0,19,21,9.52380952380952,2
"CD164",2,0,5,7,28.5714285714286,2
"CD200R1",2,2,14,18,11.1111111111111,4
"CD22",2,0,3,5,40,2
"CD274",2,0,0,2,100,2
"CD28",2,0,4,6,33.3333333333333,2
"CD3E",2,0,7,9,22.2222222222222,2
"CD72",2,0,2,4,50,2
"CD79B",2,0,6,8,25,2
"CD81",2,0,2,4,50,2
"CD83",2,0,11,13,15.3846153846154,2
"CD93",2,0,7,9,22.2222222222222,2
"CDC20",2,0,3,5,40,2
"CDC20B",2,0,4,6,33.3333333333333,2
"CDC25C",2,0,5,7,28.5714285714286,2
"CDC26",2,0,7,9,22.2222222222222,2
"CDC40",2,0,2,4,50,2
"CDC45",2,0,5,7,28.5714285714286,2
"CDC7",2,0,6,8,25,2
"CDC73",2,0,3,5,40,2
"CDCA4",2,0,3,5,40,2
"CDCA5",2,0,2,4,50,2
"CDH23",2,0,9,11,18.1818181818182,2
"CDH24",2,0,5,7,28.5714285714286,2
"CDK13",2,0,13,15,13.3333333333333,2
"CDK18",2,0,3,5,40,2
"CDK20",2,0,4,6,33.3333333333333,2
"CDKN2AIPNL",2,0,2,4,50,2
"CDON",2,0,9,11,18.1818181818182,2
"CDT1",2,0,5,7,28.5714285714286,2
"CELF6",2,0,4,6,33.3333333333333,2
"CELSR2",2,0,2,4,50,2
"CENPBD1P1",2,0,1,3,66.6666666666667,2
"CENPC",2,0,13,15,13.3333333333333,2
"CENPQ",2,0,21,23,8.69565217391304,2
"CENPU",2,0,9,11,18.1818181818182,2
"CEP57L1P1",2,0,4,6,33.3333333333333,2
"CEP76",2,0,11,13,15.3846153846154,2
"CEP85",2,0,2,4,50,2
"CEP85L",2,1,8,11,18.1818181818182,3
"CERS2",2,0,1,3,66.6666666666667,2
"CERS5",2,0,2,4,50,2
"CES5A",2,0,7,9,22.2222222222222,2
"CFL1",2,0,3,5,40,2
"CFLAR-AS1",2,0,14,16,12.5,2
"CGNL1",2,0,1,3,66.6666666666667,2
"CH25H",2,0,15,17,11.7647058823529,2
"CHAD",2,0,4,6,33.3333333333333,2
"CHD6",2,0,0,2,100,2
"CHD9",2,0,3,5,40,2
"CHL1",2,1,4,7,28.5714285714286,3
"CHL1-AS2",2,1,4,7,28.5714285714286,3
"CHMP3",2,0,9,11,18.1818181818182,2
"CHMP6",2,0,1,3,66.6666666666667,2
"CHPF",2,1,12,15,13.3333333333333,3
"CHRM3",2,0,10,12,16.6666666666667,2
"CHRNA9",2,0,5,7,28.5714285714286,2
"CHRNB1",2,0,3,5,40,2
"CHST13",2,0,8,10,20,2
"CIR1",2,0,5,7,28.5714285714286,2
"CIRBP-AS1",2,0,0,2,100,2
"CKAP4",2,0,14,16,12.5,2
"CLASP2",2,0,5,7,28.5714285714286,2
"CLCF1",2,0,4,6,33.3333333333333,2
"CLCN3",2,1,13,16,12.5,3
"CLCN7",2,0,4,6,33.3333333333333,2
"CLDN19",2,0,2,4,50,2
"CLEC10A",2,0,2,4,50,2
"CLEC12A",2,0,6,8,25,2
"CLEC9A",2,0,8,10,20,2
"CLHC1",2,0,6,8,25,2
"CLK4",2,0,4,6,33.3333333333333,2
"CLN6",2,0,1,3,66.6666666666667,2
"CLPB",2,0,5,7,28.5714285714286,2
"CLSTN1",2,0,0,2,100,2
"CLTA",2,0,1,3,66.6666666666667,2
"CLTB",2,0,5,7,28.5714285714286,2
"CLYBL-AS2",2,0,9,11,18.1818181818182,2
"CMC1",2,1,8,11,18.1818181818182,3
"CMPK1",2,0,4,6,33.3333333333333,2
"CMSS1",2,0,13,15,13.3333333333333,2
"CNKSR3",2,0,1,3,66.6666666666667,2
"CNN3",2,0,5,7,28.5714285714286,2
"CNOT4",2,0,3,5,40,2
"CNST",2,0,3,5,40,2
"CNTD1",2,0,8,10,20,2
"CNTF",2,1,6,9,22.2222222222222,3
"COA1",2,0,14,16,12.5,2
"COA3",2,0,8,10,20,2
"COA6",2,0,2,4,50,2
"COL11A2",2,0,0,2,100,2
"COL1A2",2,0,0,2,100,2
"COL28A1",2,0,9,11,18.1818181818182,2
"COLCA1",2,0,3,5,40,2
"COLCA2",2,0,3,5,40,2
"COMMD9",2,0,6,8,25,2
"COPB1",2,0,11,13,15.3846153846154,2
"COPS3",2,0,3,5,40,2
"COPS6",2,0,9,11,18.1818181818182,2
"COPZ2",2,1,9,12,16.6666666666667,3
"COX18",2,0,19,21,9.52380952380952,2
"COX20",2,0,8,10,20,2
"COX5A",2,0,6,8,25,2
"CPA3",2,0,1,3,66.6666666666667,2
"CPEB4",2,1,11,14,14.2857142857143,3
"CPNE9",2,1,8,11,18.1818181818182,3
"CPSF4L",2,0,3,5,40,2
"CPXM2",2,1,3,6,33.3333333333333,3
"CR1",2,0,7,9,22.2222222222222,2
"CREB3L1",2,0,0,2,100,2
"CREB3L2",2,0,9,11,18.1818181818182,2
"CRISP3",2,0,5,7,28.5714285714286,2
"CRTAC1",2,0,4,6,33.3333333333333,2
"CRTAP",2,0,4,6,33.3333333333333,2
"CRY1",2,0,6,8,25,2
"CRYAB",2,0,19,21,9.52380952380952,2
"CRYGN",2,1,8,11,18.1818181818182,3
"CSF1",2,0,5,7,28.5714285714286,2
"CSF1R",2,0,4,6,33.3333333333333,2
"CSF3R",2,0,3,5,40,2
"CST6",2,0,2,4,50,2
"CTA-250D10.23",2,0,0,2,100,2
"CTB-174O21.2",2,0,3,5,40,2
"CTB-175E5.7",2,0,1,3,66.6666666666667,2
"CTB-25B13.6",2,0,0,2,100,2
"CTB-47B11.3",2,0,7,9,22.2222222222222,2
"CTB-50E14.4",2,0,3,5,40,2
"CTB-51J22.1",2,0,5,7,28.5714285714286,2
"CTB-5E10.3",2,0,0,2,100,2
"CTB-60E11.4",2,0,4,6,33.3333333333333,2
"CTBS",2,0,13,15,13.3333333333333,2
"CTC-209H22.3",2,0,7,9,22.2222222222222,2
"CTC-241N9.1",2,0,0,2,100,2
"CTC-308K20.1",2,0,9,11,18.1818181818182,2
"CTC-308K20.2",2,0,9,11,18.1818181818182,2
"CTC-308K20.4",2,0,2,4,50,2
"CTC-428G20.1",2,0,4,6,33.3333333333333,2
"CTC-428G20.6",2,0,4,6,33.3333333333333,2
"CTC-467M3.1",2,4,33,39,5.12820512820513,6
"CTC-467M3.2",2,3,30,35,5.71428571428571,5
"CTC-467M3.3",2,3,30,35,5.71428571428571,5
"CTC-492K19.4",2,1,2,5,40,3
"CTC-503K11.2",2,0,5,7,28.5714285714286,2
"CTC-506B8.1",2,0,5,7,28.5714285714286,2
"CTC-518P12.6",2,0,0,2,100,2
"CTC-524C5.5",2,0,0,2,100,2
"CTC-563A5.2",2,0,3,5,40,2
"CTC-575I10.1",2,0,4,6,33.3333333333333,2
"CTC-756D1.2",2,0,6,8,25,2
"CTD-2006C1.2",2,1,13,16,12.5,3
"CTD-2017C7.2",2,0,13,15,13.3333333333333,2
"CTD-2024I7.13",2,2,19,23,8.69565217391304,4
"CTD-2031P19.3",2,0,10,12,16.6666666666667,2
"CTD-2033C11.1",2,0,7,9,22.2222222222222,2
"CTD-2108O9.4",2,0,6,8,25,2
"CTD-2165H16.4",2,0,9,11,18.1818181818182,2
"CTD-2193P3.2",2,1,4,7,28.5714285714286,3
"CTD-2200A16.1",2,0,6,8,25,2
"CTD-2201I18.1",2,1,6,9,22.2222222222222,3
"CTD-2213F21.3",2,0,7,9,22.2222222222222,2
"CTD-2215E18.1",2,0,2,4,50,2
"CTD-2215E18.2",2,0,6,8,25,2
"CTD-2260A17.3",2,0,2,4,50,2
"CTD-2284J15.1",2,0,7,9,22.2222222222222,2
"CTD-2292P10.2",2,0,2,4,50,2
"CTD-2292P10.4",2,0,2,4,50,2
"CTD-2320G14.2",2,1,6,9,22.2222222222222,3
"CTD-2337A12.1",2,1,14,17,11.7647058823529,3
"CTD-2353F22.1",2,0,4,6,33.3333333333333,2
"CTD-2366F13.1",2,0,4,6,33.3333333333333,2
"CTD-2368P22.1",2,0,9,11,18.1818181818182,2
"CTD-2377D24.4",2,0,7,9,22.2222222222222,2
"CTD-2521M24.10",2,0,6,8,25,2
"CTD-2527I21.9",2,0,3,5,40,2
"CTD-2528L19.3",2,1,0,3,66.6666666666667,3
"CTD-2531D15.4",2,0,6,8,25,2
"CTD-2531D15.5",2,0,6,8,25,2
"CTD-2538C1.2",2,0,0,2,100,2
"CTD-2540B15.13",2,0,0,2,100,2
"CTD-2540B15.6",2,0,0,2,100,2
"CTD-2555K7.2",2,0,7,9,22.2222222222222,2
"CTD-2589M5.4",2,0,0,2,100,2
"CTD-2651B20.6",2,1,7,10,20,3
"CTD-2651B20.7",2,1,7,10,20,3
"CTD-2659N19.10",2,0,1,3,66.6666666666667,2
"CTD-2659N19.9",2,0,1,3,66.6666666666667,2
"CTD-3064H18.1",2,0,10,12,16.6666666666667,2
"CTD-3073N11.5",2,0,7,9,22.2222222222222,2
"CTD-3195I5.3",2,0,4,6,33.3333333333333,2
"CTD-3195I5.4",2,0,4,6,33.3333333333333,2
"CTSH",2,0,0,2,100,2
"CUBN",2,0,8,10,20,2
"CUX2",2,0,7,9,22.2222222222222,2
"CXCR2",2,0,3,5,40,2
"CXXC11",2,0,6,8,25,2
"CYB561",2,0,8,10,20,2
"CYB5B",2,0,5,7,28.5714285714286,2
"CYCS",2,0,7,9,22.2222222222222,2
"CYP1A1",2,0,1,3,66.6666666666667,2
"CYP26B1",2,0,2,4,50,2
"CYP2R1",2,0,9,11,18.1818181818182,2
"CYS1",2,0,6,8,25,2
"CYTIP",2,1,14,17,11.7647058823529,3
"DAB1",2,1,8,11,18.1818181818182,3
"DAG1",2,0,1,3,66.6666666666667,2
"DAPK1",2,0,1,3,66.6666666666667,2
"DAPK2",2,0,8,10,20,2
"DAPP1",2,0,3,5,40,2
"DAW1",2,0,11,13,15.3846153846154,2
"DAZAP1",2,0,1,3,66.6666666666667,2
"DBF4",2,1,14,17,11.7647058823529,3
"DCAF12",2,0,0,2,100,2
"DCHS1",2,0,21,23,8.69565217391304,2
"DCUN1D3",2,0,5,7,28.5714285714286,2
"DCUN1D4",2,0,9,11,18.1818181818182,2
"DDC",2,0,8,10,20,2
"DDX27",2,0,5,7,28.5714285714286,2
"DDX28",2,0,5,7,28.5714285714286,2
"DEF6",2,0,0,2,100,2
"DEFB123",2,0,2,4,50,2
"DEFB134",2,0,12,14,14.2857142857143,2
"DENND1B",2,0,2,4,50,2
"DENND5A",2,0,8,10,20,2
"DEPTOR",2,0,7,9,22.2222222222222,2
"DERL2",2,0,0,2,100,2
"DFFA",2,0,4,6,33.3333333333333,2
"DGAT2",2,0,3,5,40,2
"DHODH",2,0,7,9,22.2222222222222,2
"DHTKD1",2,0,3,5,40,2
"DHX29",2,0,11,13,15.3846153846154,2
"DHX33",2,0,0,2,100,2
"DHX36",2,0,5,7,28.5714285714286,2
"DIS3L",2,0,8,10,20,2
"DIXDC1",2,0,14,16,12.5,2
"DKFZP434O1614",2,0,9,11,18.1818181818182,2
"DKFZP667F0711",2,0,6,8,25,2
"DLAT",2,0,2,4,50,2
"DLEU7",2,0,5,7,28.5714285714286,2
"DMTF1",2,1,12,15,13.3333333333333,3
"DMTN",2,0,1,3,66.6666666666667,2
"DMXL2",2,0,2,4,50,2
"DNAH1",2,0,1,3,66.6666666666667,2
"DNAJA1",2,0,11,13,15.3846153846154,2
"DNAJA3",2,0,3,5,40,2
"DNAJB7",2,0,0,2,100,2
"DNAJC14",2,0,0,2,100,2
"DNAJC16",2,0,0,2,100,2
"DNAJC18",2,0,1,3,66.6666666666667,2
"DNAJC22",2,0,3,5,40,2
"DNASE1L3",2,0,2,4,50,2
"DNASE2B",2,1,17,20,10,3
"DNM2",2,0,0,2,100,2
"DNMBP",2,0,6,8,25,2
"DNTT",2,0,2,4,50,2
"DNTTIP2",2,0,5,7,28.5714285714286,2
"DOCK5",2,0,9,11,18.1818181818182,2
"DOLK",2,0,1,3,66.6666666666667,2
"DPH6",2,0,22,24,8.33333333333333,2
"DPH6-AS1",2,0,22,24,8.33333333333333,2
"DRD3",2,0,3,5,40,2
"DRG1",2,0,2,4,50,2
"DRGX",2,0,5,7,28.5714285714286,2
"DSCC1",2,0,6,8,25,2
"DUPD1",2,0,2,4,50,2
"DUSP10",2,0,10,12,16.6666666666667,2
"DUSP12",2,1,6,9,22.2222222222222,3
"DUSP13",2,0,0,2,100,2
"DUSP26",2,0,2,4,50,2
"DUSP27",2,0,13,15,13.3333333333333,2
"DYNC1H1",2,0,10,12,16.6666666666667,2
"DYNLRB1",2,0,0,2,100,2
"DYRK3",2,0,5,7,28.5714285714286,2
"EAF2",2,0,11,13,15.3846153846154,2
"EAPP",2,0,16,18,11.1111111111111,2
"ECHDC3",2,0,2,4,50,2
"ECM1",2,0,6,8,25,2
"ECSCR",2,0,4,6,33.3333333333333,2
"ECT2",2,0,8,10,20,2
"EDN1",2,0,11,13,15.3846153846154,2
"EEF1A1P33",2,0,4,6,33.3333333333333,2
"EEF1E1",2,0,6,8,25,2
"EEF1E1-BLOC1S5",2,0,6,8,25,2
"EFCAB10",2,0,1,3,66.6666666666667,2
"EFCAB7",2,0,5,7,28.5714285714286,2
"EFCAB9",2,0,5,7,28.5714285714286,2
"EFHB",2,0,6,8,25,2
"EFNB3",2,0,4,6,33.3333333333333,2
"EGFLAM-AS1",2,0,6,8,25,2
"EGFR-AS1",2,0,7,9,22.2222222222222,2
"EGR3",2,0,1,3,66.6666666666667,2
"EI24P2",2,0,1,3,66.6666666666667,2
"EID2",2,0,4,6,33.3333333333333,2
"EIF1AD",2,0,2,4,50,2
"EIF2D",2,0,6,8,25,2
"EIF3G",2,0,4,6,33.3333333333333,2
"EIF3H",2,0,1,3,66.6666666666667,2
"EIF4EBP1",2,0,4,6,33.3333333333333,2
"EIF4EBP3",2,0,6,8,25,2
"EIF5AP2",2,0,1,3,66.6666666666667,2
"ELAC1",2,0,2,4,50,2
"ELAVL1",2,1,4,7,28.5714285714286,3
"ELF1",2,0,4,6,33.3333333333333,2
"ELF3",2,0,0,2,100,2
"ELFN1",2,1,5,8,25,3
"ELK3",2,0,6,8,25,2
"ELL2",2,0,14,16,12.5,2
"ELMO2",2,0,10,12,16.6666666666667,2
"ELMOD2",2,0,6,8,25,2
"ELOVL1",2,0,3,5,40,2
"ELOVL7",2,0,2,4,50,2
"ELP6",2,0,1,3,66.6666666666667,2
"EMC2",2,0,7,9,22.2222222222222,2
"EMC4",2,0,5,7,28.5714285714286,2
"EMC9",2,0,10,12,16.6666666666667,2
"EME1",2,0,0,2,100,2
"EML2",2,0,5,7,28.5714285714286,2
"EMR3",2,0,1,3,66.6666666666667,2
"EMX1",2,0,11,13,15.3846153846154,2
"ENTPD4",2,0,6,8,25,2
"EPCAM",2,0,1,3,66.6666666666667,2
"EPHB1",2,0,7,9,22.2222222222222,2
"EPM2A",2,0,1,3,66.6666666666667,2
"EPS15",2,0,8,10,20,2
"EPS8L1",2,0,9,11,18.1818181818182,2
"ERAP1",2,0,2,4,50,2
"ERBB2IP",2,0,7,9,22.2222222222222,2
"ERCC6L2",2,0,10,12,16.6666666666667,2
"ERCC8",2,1,10,13,15.3846153846154,3
"ERGIC1",2,0,3,5,40,2
"ERLIN1",2,0,11,13,15.3846153846154,2
"ERMN",2,0,9,11,18.1818181818182,2
"ESCO2",2,0,7,9,22.2222222222222,2
"ETNK2",2,0,8,10,20,2
"EVA1B",2,1,4,7,28.5714285714286,3
"EXD3",2,0,3,5,40,2
"EXO1",2,0,1,3,66.6666666666667,2
"EXOC3L2",2,0,2,4,50,2
"EXOC6",2,0,2,4,50,2
"EXOSC10",2,0,2,4,50,2
"EXOSC2",2,0,6,8,25,2
"EXT2",2,0,3,5,40,2
"EXTL2",2,0,11,13,15.3846153846154,2
"EYA3",2,0,4,6,33.3333333333333,2
"F13A1",2,0,2,4,50,2
"FABP2",2,0,12,14,14.2857142857143,2
"FADS6",2,0,1,3,66.6666666666667,2
"FAM105B",2,0,9,11,18.1818181818182,2
"FAM107B",2,0,9,11,18.1818181818182,2
"FAM114A1",2,0,2,4,50,2
"FAM120A",2,0,4,6,33.3333333333333,2
"FAM120AOS",2,0,4,6,33.3333333333333,2
"FAM122A",2,0,7,9,22.2222222222222,2
"FAM132B",2,0,9,11,18.1818181818182,2
"FAM13B",2,0,5,7,28.5714285714286,2
"FAM160B2",2,0,1,3,66.6666666666667,2
"FAM167B",2,0,3,5,40,2
"FAM168A",2,0,6,8,25,2
"FAM171A2",2,0,4,6,33.3333333333333,2
"FAM172A",2,0,7,9,22.2222222222222,2
"FAM177A1",2,0,17,19,10.5263157894737,2
"FAM179A",2,0,14,16,12.5,2
"FAM192A",2,0,6,8,25,2
"FAM19A4",2,0,8,10,20,2
"FAM19A5",2,0,2,4,50,2
"FAM210B",2,0,7,9,22.2222222222222,2
"FAM211A",2,0,1,3,66.6666666666667,2
"FAM213A",2,0,3,5,40,2
"FAM217B",2,0,2,4,50,2
"FAM221B",2,0,1,3,66.6666666666667,2
"FAM222A-AS1",2,0,12,14,14.2857142857143,2
"FAM228B",2,0,5,7,28.5714285714286,2
"FAM35A",2,0,12,14,14.2857142857143,2
"FAM53C",2,0,5,7,28.5714285714286,2
"FAM57A",2,0,5,7,28.5714285714286,2
"FAM83A-AS1",2,0,1,3,66.6666666666667,2
"FAM92A1",2,0,6,8,25,2
"FAM96AP2",2,0,4,6,33.3333333333333,2
"FAM98A",2,0,5,7,28.5714285714286,2
"FANCG",2,0,3,5,40,2
"FARSB",2,2,15,19,10.5263157894737,4
"FAT2",2,0,3,5,40,2
"FBF1",2,0,3,5,40,2
"FBXL8",2,0,6,8,25,2
"FBXO32",2,0,1,3,66.6666666666667,2
"FBXO34",2,1,11,14,14.2857142857143,3
"FBXO43",2,0,4,6,33.3333333333333,2
"FCGR2A",2,0,4,6,33.3333333333333,2
"FCRL1",2,0,4,6,33.3333333333333,2
"FCRL2",2,0,5,7,28.5714285714286,2
"FDXR",2,0,1,3,66.6666666666667,2
"FERMT3",2,0,3,5,40,2
"FFAR2",2,0,7,9,22.2222222222222,2
"FGD4",2,0,4,6,33.3333333333333,2
"FGF12",2,0,2,4,50,2
"FGFR1",2,0,24,26,7.69230769230769,2
"FGFR1OP2",2,0,2,4,50,2
"FGFRL1",2,0,0,2,100,2
"FHDC1",2,0,1,3,66.6666666666667,2
"FHOD1",2,0,1,3,66.6666666666667,2
"FIBCD1",2,0,2,4,50,2
"FILIP1",2,0,14,16,12.5,2
"FKBP4",2,0,6,8,25,2
"FLAD1",2,0,3,5,40,2
"FLJ45079",2,0,1,3,66.6666666666667,2
"FLVCR2",2,0,7,9,22.2222222222222,2
"FMN1",2,0,12,14,14.2857142857143,2
"FN1",2,0,14,16,12.5,2
"FNDC1",2,0,3,5,40,2
"FNDC3A",2,0,2,4,50,2
"FNDC9",2,0,8,10,20,2
"FOXC2",2,0,19,21,9.52380952380952,2
"FOXF1",2,0,5,7,28.5714285714286,2
"FOXF2",2,0,14,16,12.5,2
"FOXL2",2,0,17,19,10.5263157894737,2
"FOXO1",2,1,6,9,22.2222222222222,3
"FOXRED2",2,0,2,4,50,2
"FRMD8",2,0,2,4,50,2
"FSCN2",2,0,7,9,22.2222222222222,2
"FST",2,0,15,17,11.7647058823529,2
"FUCA2",2,0,1,3,66.6666666666667,2
"FUNDC2P4",2,0,2,4,50,2
"FUT8",2,0,5,7,28.5714285714286,2
"FXN",2,0,2,4,50,2
"FXYD3",2,0,5,7,28.5714285714286,2
"FXYD6",2,0,6,8,25,2
"FXYD6-FXYD2",2,0,6,8,25,2
"FZD5",2,0,7,9,22.2222222222222,2
"FZD6",2,0,7,9,22.2222222222222,2
"FZD7",2,0,5,7,28.5714285714286,2
"G6PC2",2,0,6,8,25,2
"GAL3ST4",2,0,10,12,16.6666666666667,2
"GALNS",2,0,5,7,28.5714285714286,2
"GALNT7",2,1,7,10,20,3
"GAMT",2,0,0,2,100,2
"GAN",2,0,15,17,11.7647058823529,2
"GATA2",2,0,5,7,28.5714285714286,2
"GATC",2,0,4,6,33.3333333333333,2
"GBP7",2,0,7,9,22.2222222222222,2
"GCLC",2,0,2,4,50,2
"GCNT6",2,0,3,5,40,2
"GCSHP3",2,0,2,4,50,2
"GDF10",2,0,16,18,11.1111111111111,2
"GDPGP1",2,0,7,9,22.2222222222222,2
"GEMIN6",2,0,10,12,16.6666666666667,2
"GFAP",2,0,6,8,25,2
"GFRA2",2,0,1,3,66.6666666666667,2
"GIGYF1",2,0,1,3,66.6666666666667,2
"GJA5",2,0,11,13,15.3846153846154,2
"GLB1",2,0,6,8,25,2
"GLB1L",2,0,8,10,20,2
"GLE1",2,0,0,2,100,2
"GLS",2,0,7,9,22.2222222222222,2
"GLT1D1",2,0,4,6,33.3333333333333,2
"GLTP",2,0,1,3,66.6666666666667,2
"GLUD1",2,0,12,14,14.2857142857143,2
"GMPPA",2,0,7,9,22.2222222222222,2
"GMPSP1",2,0,7,9,22.2222222222222,2
"GNAS",2,0,10,12,16.6666666666667,2
"GNAS-AS1",2,0,9,11,18.1818181818182,2
"GNB2",2,0,1,3,66.6666666666667,2
"GNG2",2,0,1,3,66.6666666666667,2
"GNG4",2,0,5,7,28.5714285714286,2
"GNG5",2,0,13,15,13.3333333333333,2
"GNPDA2",2,0,5,7,28.5714285714286,2
"GOLGA7",2,0,4,6,33.3333333333333,2
"GPA33",2,0,15,17,11.7647058823529,2
"GPATCH3",2,0,4,6,33.3333333333333,2
"GPBAR1",2,0,9,11,18.1818181818182,2
"GPD1L",2,0,1,3,66.6666666666667,2
"GPLD1",2,0,7,9,22.2222222222222,2
"GPN2",2,0,3,5,40,2
"GPR132",2,0,5,7,28.5714285714286,2
"GPR133",2,0,2,4,50,2
"GPR182",2,1,7,10,20,3
"GPR31",2,0,2,4,50,2
"GPR32",2,1,16,19,10.5263157894737,3
"GPR45",2,0,4,6,33.3333333333333,2
"GPR56",2,0,2,4,50,2
"GPRIN3",2,0,6,8,25,2
"GRASP",2,0,1,3,66.6666666666667,2
"GRM4",2,0,7,9,22.2222222222222,2
"GRM6",2,0,6,8,25,2
"GRTP1",2,0,4,6,33.3333333333333,2
"GRTP1-AS1",2,0,2,4,50,2
"GS1-279B7.2",2,0,9,11,18.1818181818182,2
"GSAP",2,0,13,15,13.3333333333333,2
"GSG2",2,0,4,6,33.3333333333333,2
"GSPT1",2,0,9,11,18.1818181818182,2
"GSTCD",2,0,15,17,11.7647058823529,2
"GSX2",2,1,3,6,33.3333333333333,3
"GTDC1",2,0,1,3,66.6666666666667,2
"GTF2E1",2,0,6,8,25,2
"GTF2H4",2,0,5,7,28.5714285714286,2
"GTF3A",2,0,10,12,16.6666666666667,2
"GTF3C1",2,0,7,9,22.2222222222222,2
"GTF3C3",2,0,5,7,28.5714285714286,2
"GTF3C5",2,0,1,3,66.6666666666667,2
"GTSF1L",2,0,0,2,100,2
"GUCA2B",2,0,3,5,40,2
"GUCY1A3",2,0,3,5,40,2
"GYG1P3",2,0,14,16,12.5,2
"GYPC",2,0,2,4,50,2
"GYS2",2,0,0,2,100,2
"HADH",2,0,8,10,20,2
"HAUS8",2,0,1,3,66.6666666666667,2
"HBCBP",2,1,7,10,20,3
"HCG15",2,1,11,14,14.2857142857143,3
"HCG16",2,1,11,14,14.2857142857143,3
"HCLS1",2,0,6,8,25,2
"HDAC5",2,0,1,3,66.6666666666667,2
"HDDC2",2,0,15,17,11.7647058823529,2
"HECA",2,0,6,8,25,2
"HEG1",2,0,11,13,15.3846153846154,2
"HERC4",2,0,17,19,10.5263157894737,2
"HESX1",2,0,3,5,40,2
"HEXDC",2,0,2,4,50,2
"HIGD2A",2,0,5,7,28.5714285714286,2
"HILS1",2,0,1,3,66.6666666666667,2
"HINFP",2,0,5,7,28.5714285714286,2
"HIST1H1A",2,1,19,22,9.09090909090909,3
"HIST1H1D",2,0,10,12,16.6666666666667,2
"HIST1H2AI",2,2,26,30,6.66666666666667,4
"HIST1H2APS2",2,0,0,2,100,2
"HIST1H2BL",2,2,26,30,6.66666666666667,4
"HIST1H3A",2,1,19,22,9.09090909090909,3
"HIST1H4A",2,1,19,22,9.09090909090909,3
"HIST1H4PS1",2,2,26,30,6.66666666666667,4
"HIST2H2AB",2,0,9,11,18.1818181818182,2
"HIST2H2AC",2,0,9,11,18.1818181818182,2
"HIST3H2A",2,0,8,10,20,2
"HIST3H2BB",2,0,8,10,20,2
"HIVEP3",2,0,0,2,100,2
"HK2",2,0,9,11,18.1818181818182,2
"HLA-DQB1",2,0,5,7,28.5714285714286,2
"HLA-DQB1-AS1",2,0,5,7,28.5714285714286,2
"HMG20A",2,0,3,5,40,2
"HMGA1",2,0,2,4,50,2
"HMGB3P22",2,0,0,2,100,2
"HMGN2",2,0,2,4,50,2
"HMGN3",2,0,4,6,33.3333333333333,2
"HMGN3-AS1",2,0,4,6,33.3333333333333,2
"HMGN4",2,1,16,19,10.5263157894737,3
"HMGXB3",2,0,9,11,18.1818181818182,2
"HN1L",2,0,6,8,25,2
"HNRNPA3P7",2,0,7,9,22.2222222222222,2
"HNRNPCP4",2,0,7,9,22.2222222222222,2
"HNRNPFP1",2,0,0,2,100,2
"HNRNPH3",2,0,13,15,13.3333333333333,2
"HNRNPR",2,0,3,5,40,2
"HNRNPUL1",2,0,1,3,66.6666666666667,2
"HNRNPUL2",2,0,1,3,66.6666666666667,2
"HNRNPUL2-BSCL2",2,0,1,3,66.6666666666667,2
"HOOK2",2,0,1,3,66.6666666666667,2
"HOOK3",2,0,3,5,40,2
"HOPX",2,0,1,3,66.6666666666667,2
"HORMAD1",2,0,4,6,33.3333333333333,2
"HOXA10",2,2,12,16,12.5,4
"HOXA11",2,2,20,24,8.33333333333333,4
"HOXA11-AS",2,2,20,24,8.33333333333333,4
"HOXB-AS1",2,0,1,3,66.6666666666667,2
"HOXB-AS2",2,0,0,2,100,2
"HOXB2",2,0,1,3,66.6666666666667,2
"HOXC4",2,4,15,21,9.52380952380952,6
"HOXC5",2,4,12,18,11.1111111111111,6
"HOXD-AS2",2,0,23,25,8,2
"HOXD3",2,0,25,27,7.40740740740741,2
"HPN",2,0,3,5,40,2
"HPN-AS1",2,0,0,2,100,2
"HPS3",2,0,11,13,15.3846153846154,2
"HPS6",2,0,3,5,40,2
"HPSE",2,0,3,5,40,2
"HS3ST1",2,0,8,10,20,2
"HSBP1L1",2,0,3,5,40,2
"HSD11B2",2,0,1,3,66.6666666666667,2
"HSF4",2,0,6,8,25,2
"HSP90AA1",2,0,3,5,40,2
"HSP90B1",2,0,8,10,20,2
"HSPB11",2,0,2,4,50,2
"HSPB2",2,0,7,9,22.2222222222222,2
"HSPB2-C11orf52",2,0,7,9,22.2222222222222,2
"HSPB3",2,0,4,6,33.3333333333333,2
"HSPE1",2,0,13,15,13.3333333333333,2
"HSPE1-MOB4",2,0,13,15,13.3333333333333,2
"HTR2B",2,0,3,5,40,2
"HTRA3",2,0,8,10,20,2
"IARS2",2,0,2,4,50,2
"IBTK",2,0,16,18,11.1111111111111,2
"ICAM5",2,0,1,3,66.6666666666667,2
"ICT1",2,0,4,6,33.3333333333333,2
"ID1",2,0,4,6,33.3333333333333,2
"IFI27L2",2,0,4,6,33.3333333333333,2
"IFIT1",2,0,3,5,40,2
"IFIT1B",2,0,3,5,40,2
"IFIT5",2,0,5,7,28.5714285714286,2
"IFNAR2",2,0,12,14,14.2857142857143,2
"IFT43",2,0,2,4,50,2
"IFT46",2,0,5,7,28.5714285714286,2
"IFT57",2,0,15,17,11.7647058823529,2
"IGF2",2,0,3,5,40,2
"IGF2-AS",2,0,3,5,40,2
"IGFBP3",2,0,13,15,13.3333333333333,2
"IGSF10",2,0,6,8,25,2
"IGSF9",2,0,6,8,25,2
"IHH",2,0,7,9,22.2222222222222,2
"IL10RA",2,0,3,5,40,2
"IL17D",2,0,7,9,22.2222222222222,2
"IL23A",2,0,8,10,20,2
"IL3",2,0,2,4,50,2
"IL32",2,0,1,3,66.6666666666667,2
"IL6",2,0,10,12,16.6666666666667,2
"IL6ST",2,0,10,12,16.6666666666667,2
"ILDR2",2,0,2,4,50,2
"INA",2,0,4,6,33.3333333333333,2
"INCA1",2,0,4,6,33.3333333333333,2
"ING2",2,0,5,7,28.5714285714286,2
"INHBA",2,0,4,6,33.3333333333333,2
"INHBA-AS1",2,0,3,5,40,2
"INO80B",2,0,3,5,40,2
"INPP4A",2,0,13,15,13.3333333333333,2
"INPP4B",2,0,10,12,16.6666666666667,2
"INSIG2",2,1,2,5,40,3
"INSRR",2,0,12,14,14.2857142857143,2
"INTS1",2,1,3,6,33.3333333333333,3
"INTS12",2,0,15,17,11.7647058823529,2
"INTS5",2,0,2,4,50,2
"IQCB1",2,0,11,13,15.3846153846154,2
"IQCD",2,0,10,12,16.6666666666667,2
"IQCH",2,0,8,10,20,2
"IQGAP2",2,0,4,6,33.3333333333333,2
"IQUB",2,1,8,11,18.1818181818182,3
"IRF6",2,0,6,8,25,2
"IRG1",2,0,4,6,33.3333333333333,2
"IRGQ",2,0,14,16,12.5,2
"ISPD",2,0,1,3,66.6666666666667,2
"ITGA7",2,0,2,4,50,2
"ITGA9",2,0,6,8,25,2
"ITGAE",2,0,4,6,33.3333333333333,2
"ITGB3",2,0,4,6,33.3333333333333,2
"ITIH1",2,0,4,6,33.3333333333333,2
"ITLN1",2,0,8,10,20,2
"ITLN2",2,0,7,9,22.2222222222222,2
"IVNS1ABP",2,0,9,11,18.1818181818182,2
"IWS1",2,1,8,11,18.1818181818182,3
"IZUMO1",2,0,2,4,50,2
"JAZF1",2,1,15,18,11.1111111111111,3
"JAZF1-AS1",2,1,15,18,11.1111111111111,3
"JUNB",2,0,1,3,66.6666666666667,2
"KATNAL2",2,0,1,3,66.6666666666667,2
"KB-1208A12.3",2,0,5,7,28.5714285714286,2
"KB-1448A5.1",2,1,12,15,13.3333333333333,3
"KB-1471A8.1",2,0,7,9,22.2222222222222,2
"KB-1507C5.3",2,0,0,2,100,2
"KB-1608C10.2",2,0,6,8,25,2
"KB-1615E4.2",2,0,5,7,28.5714285714286,2
"KB-1615E4.3",2,0,6,8,25,2
"KB-1639H6.2",2,0,2,4,50,2
"KB-1639H6.4",2,0,8,10,20,2
"KB-1836B5.4",2,0,13,15,13.3333333333333,2
"KCNA3",2,0,3,5,40,2
"KCNB1",2,0,1,3,66.6666666666667,2
"KCNE2",2,0,2,4,50,2
"KCNE3",2,0,1,3,66.6666666666667,2
"KCNF1",2,0,7,9,22.2222222222222,2
"KCNH3",2,0,4,6,33.3333333333333,2
"KCNK4",2,0,1,3,66.6666666666667,2
"KCNK5",2,0,4,6,33.3333333333333,2
"KCNK9",2,0,7,9,22.2222222222222,2
"KCNMA1",2,0,28,30,6.66666666666667,2
"KCNN4",2,0,5,7,28.5714285714286,2
"KCTD19",2,0,1,3,66.6666666666667,2
"KCTD20",2,0,5,7,28.5714285714286,2
"KCTD3",2,0,13,15,13.3333333333333,2
"KCTD6",2,0,3,5,40,2
"KDM3A",2,0,12,14,14.2857142857143,2
"KEL",2,0,9,11,18.1818181818182,2
"KIAA0195",2,0,3,5,40,2
"KIAA0408",2,0,8,10,20,2
"KIAA0556",2,0,7,9,22.2222222222222,2
"KIAA1009",2,0,9,11,18.1818181818182,2
"KIAA1024",2,0,1,3,66.6666666666667,2
"KIAA1429",2,1,12,15,13.3333333333333,3
"KIAA1432",2,0,3,5,40,2
"KIAA1598",2,0,13,15,13.3333333333333,2
"KIF1C",2,0,4,6,33.3333333333333,2
"KIF21B",2,0,11,13,15.3846153846154,2
"KIF2C",2,0,2,4,50,2
"KIF9-AS1",2,1,1,4,50,3
"KIR2DL3",2,0,5,7,28.5714285714286,2
"KIR3DX1",2,0,5,7,28.5714285714286,2
"KIRREL3",2,0,7,9,22.2222222222222,2
"KIRREL3-AS3",2,0,7,9,22.2222222222222,2
"KLF11",2,0,7,9,22.2222222222222,2
"KLF15",2,0,1,3,66.6666666666667,2
"KLHDC8A",2,0,5,7,28.5714285714286,2
"KLHL20",2,0,4,6,33.3333333333333,2
"KLHL3",2,0,3,5,40,2
"KLHL35",2,0,2,4,50,2
"KMT2B",2,0,8,10,20,2
"KPNA4",2,0,6,8,25,2
"KRT14",2,0,15,17,11.7647058823529,2
"KRT15",2,0,15,17,11.7647058823529,2
"KRT19",2,0,15,17,11.7647058823529,2
"KRT222",2,0,1,3,66.6666666666667,2
"KRT26",2,0,8,10,20,2
"KRT31",2,0,15,17,11.7647058823529,2
"KRT32",2,0,11,13,15.3846153846154,2
"KRT33A",2,0,12,14,14.2857142857143,2
"KRT33B",2,0,17,19,10.5263157894737,2
"KRT37",2,0,16,18,11.1111111111111,2
"KRT38",2,0,12,14,14.2857142857143,2
"KRT4",2,0,10,12,16.6666666666667,2
"KRT78",2,0,12,14,14.2857142857143,2
"KRT8P12",2,0,6,8,25,2
"KRT9",2,0,13,15,13.3333333333333,2
"KRTAP17",2,0,12,14,14.2857142857143,2
"KRTAP2",2,0,14,16,12.5,2
"KRTAP29",2,0,11,13,15.3846153846154,2
"KTN1",2,0,8,10,20,2
"KTN1-AS1",2,0,8,10,20,2
"KXD1",2,0,1,3,66.6666666666667,2
"KYNU",2,0,3,5,40,2
"L34079.2",2,0,14,16,12.5,2
"LA16c-390E6.4",2,0,4,6,33.3333333333333,2
"LA16c-390E6.5",2,0,4,6,33.3333333333333,2
"LAMC3",2,0,1,3,66.6666666666667,2
"LAMP1",2,0,2,4,50,2
"LAMTOR3",2,0,1,3,66.6666666666667,2
"LAMTOR4",2,0,10,12,16.6666666666667,2
"LARP7",2,0,13,15,13.3333333333333,2
"LARS2",2,0,1,3,66.6666666666667,2
"LATS1",2,0,4,6,33.3333333333333,2
"LAYN",2,0,2,4,50,2
"LBX2",2,0,1,3,66.6666666666667,2
"LBX2-AS1",2,0,1,3,66.6666666666667,2
"LDLRAP1",2,0,9,11,18.1818181818182,2
"LEAP2",2,0,4,6,33.3333333333333,2
"LEMD1-AS1",2,0,2,4,50,2
"LEPROTL1",2,0,9,11,18.1818181818182,2
"LGALS3BP",2,0,1,3,66.6666666666667,2
"LGALS8",2,0,8,10,20,2
"LGALS8-AS1",2,0,7,9,22.2222222222222,2
"LGI2",2,0,8,10,20,2
"LGI3",2,0,1,3,66.6666666666667,2
"LHX4",2,0,1,3,66.6666666666667,2
"LHX9",2,0,8,10,20,2
"LIG4",2,0,9,11,18.1818181818182,2
"LIMD1",2,0,0,2,100,2
"LIMD1-AS1",2,0,1,3,66.6666666666667,2
"LINC00476",2,0,10,12,16.6666666666667,2
"LINC00521",2,0,2,4,50,2
"LINC00529",2,0,14,16,12.5,2
"LINC00535",2,0,6,8,25,2
"LINC00544",2,0,2,4,50,2
"LINC00582",2,0,6,8,25,2
"LINC00609",2,3,5,10,20,5
"LINC00620",2,0,2,4,50,2
"LINC00936",2,0,9,11,18.1818181818182,2
"LINS",2,0,9,11,18.1818181818182,2
"LIPA",2,0,5,7,28.5714285714286,2
"LIPE",2,0,3,5,40,2
"LIPE-AS1",2,0,3,5,40,2
"LL22NC01-81G9.3",2,0,6,8,25,2
"LL22NC03-86G7.1",2,0,4,6,33.3333333333333,2
"LLNLR-246C6.1",2,0,0,2,100,2
"LMBRD1",2,0,1,3,66.6666666666667,2
"LMF2",2,0,7,9,22.2222222222222,2
"LONP2",2,0,2,4,50,2
"LPAR6",2,0,0,2,100,2
"LPCAT2",2,0,2,4,50,2
"LPIN3",2,0,5,7,28.5714285714286,2
"LPP-AS1",2,0,7,9,22.2222222222222,2
"LRFN3",2,0,6,8,25,2
"LRP3",2,0,0,2,100,2
"LRPAP1",2,0,1,3,66.6666666666667,2
"LRR1",2,0,5,7,28.5714285714286,2
"LRRC20",2,0,4,6,33.3333333333333,2
"LRRC29",2,0,1,3,66.6666666666667,2
"LRRC36",2,0,1,3,66.6666666666667,2
"LRRC40",2,1,18,21,9.52380952380952,3
"LRRC42",2,0,2,4,50,2
"LRRC59",2,0,1,3,66.6666666666667,2
"LRRC71",2,0,12,14,14.2857142857143,2
"LRRC8A",2,0,0,2,100,2
"LRRC8B",2,0,3,5,40,2
"LRRFIP2",2,0,5,7,28.5714285714286,2
"LSM6",2,0,15,17,11.7647058823529,2
"LTBP2",2,0,4,6,33.3333333333333,2
"LTN1",2,0,11,13,15.3846153846154,2
"LYNX1",2,0,1,3,66.6666666666667,2
"LYRM1",2,0,5,7,28.5714285714286,2
"LYRM2",2,0,12,14,14.2857142857143,2
"LZTFL1",2,0,2,4,50,2
"MAATS1",2,0,7,9,22.2222222222222,2
"MAEA",2,0,5,7,28.5714285714286,2
"MAFF",2,0,0,2,100,2
"MAG",2,0,0,2,100,2
"MAL",2,0,7,9,22.2222222222222,2
"MAN1B1",2,0,1,3,66.6666666666667,2
"MAN2A1",2,0,9,11,18.1818181818182,2
"MAN2C1",2,1,7,10,20,3
"MANBAL",2,0,2,4,50,2
"MAP1LC3A",2,0,0,2,100,2
"MAP3K2",2,0,6,8,25,2
"MAP3K7",2,0,27,29,6.89655172413793,2
"MAP4K2",2,0,3,5,40,2
"MAP4K5",2,0,5,7,28.5714285714286,2
"MAPKAPK2",2,0,8,10,20,2
"MARCH4",2,0,2,4,50,2
"MARCKS",2,0,18,20,10,2
"MARK4",2,0,2,4,50,2
"MASP1",2,0,10,12,16.6666666666667,2
"MBD5",2,0,11,13,15.3846153846154,2
"MBIP",2,1,19,22,9.09090909090909,3
"MBLAC2",2,1,23,26,7.69230769230769,3
"MCF2L2",2,0,10,12,16.6666666666667,2
"MCFD2",2,0,1,3,66.6666666666667,2
"MCM2",2,0,2,4,50,2
"MCM8",2,0,7,9,22.2222222222222,2
"MCMBP",2,0,9,11,18.1818181818182,2
"MCRS1",2,0,4,6,33.3333333333333,2
"MCU",2,0,3,5,40,2
"MCUR1",2,0,0,2,100,2
"MDH1",2,0,2,4,50,2
"MDM1",2,0,6,8,25,2
"ME1",2,0,4,6,33.3333333333333,2
"ME3",2,0,3,5,40,2
"MED12L",2,0,6,8,25,2
"MED20",2,0,7,9,22.2222222222222,2
"MED21",2,0,4,6,33.3333333333333,2
"MED22",2,0,2,4,50,2
"MED28",2,0,6,8,25,2
"MED29",2,0,9,11,18.1818181818182,2
"MEF2A",2,0,4,6,33.3333333333333,2
"MEGF8",2,0,10,12,16.6666666666667,2
"MEMO1",2,0,4,6,33.3333333333333,2
"MEN1",2,0,3,5,40,2
"METTL17",2,0,10,12,16.6666666666667,2
"METTL18",2,0,8,10,20,2
"METTL21C",2,0,4,6,33.3333333333333,2
"MEX3C",2,1,9,12,16.6666666666667,3
"MFF",2,0,11,13,15.3846153846154,2
"MFN1",2,0,6,8,25,2
"MFSD11",2,0,0,2,100,2
"MGST3",2,0,14,16,12.5,2
"MIA3",2,0,1,3,66.6666666666667,2
"MICALCL",2,0,7,9,22.2222222222222,2
"MICU1",2,0,3,5,40,2
"MIP",2,0,0,2,100,2
"MIR1",2,0,4,6,33.3333333333333,2
"MIR106B",2,0,9,11,18.1818181818182,2
"MIR1197",2,0,1,3,66.6666666666667,2
"MIR1203",2,1,10,13,15.3846153846154,3
"MIR1207",2,0,5,7,28.5714285714286,2
"MIR1238",2,0,0,2,100,2
"MIR1250",2,0,1,3,66.6666666666667,2
"MIR1275",2,0,5,7,28.5714285714286,2
"MIR1278",2,0,2,4,50,2
"MIR1303",2,0,9,11,18.1818181818182,2
"MIR1307",2,0,2,4,50,2
"MIR133B",2,0,2,4,50,2
"MIR133BHG",2,0,2,4,50,2
"MIR137HG",2,0,3,5,40,2
"MIR142",2,0,0,2,100,2
"MIR145",2,0,4,6,33.3333333333333,2
"MIR149",2,0,1,3,66.6666666666667,2
"MIR152",2,1,9,12,16.6666666666667,3
"MIR155HG",2,0,8,10,20,2
"MIR181C",2,1,5,8,25,3
"MIR181D",2,1,5,8,25,3
"MIR192",2,0,2,4,50,2
"MIR199A1",2,0,1,3,66.6666666666667,2
"MIR203",2,0,4,6,33.3333333333333,2
"MIR2276",2,0,8,10,20,2
"MIR2277",2,0,10,12,16.6666666666667,2
"MIR2355",2,0,12,14,14.2857142857143,2
"MIR25",2,0,9,11,18.1818181818182,2
"MIR3132",2,1,12,15,13.3333333333333,3
"MIR3146",2,1,7,10,20,3
"MIR3184",2,0,4,6,33.3333333333333,2
"MIR3193",2,0,4,6,33.3333333333333,2
"MIR320A",2,0,3,5,40,2
"MIR323A",2,0,1,3,66.6666666666667,2
"MIR326",2,0,3,5,40,2
"MIR330",2,0,4,6,33.3333333333333,2
"MIR3609",2,0,10,12,16.6666666666667,2
"MIR3652",2,0,8,10,20,2
"MIR378I",2,0,0,2,100,2
"MIR380",2,0,1,3,66.6666666666667,2
"MIR3928",2,0,0,2,100,2
"MIR422A",2,0,0,2,100,2
"MIR423",2,0,4,6,33.3333333333333,2
"MIR4271",2,0,1,3,66.6666666666667,2
"MIR4432",2,0,1,3,66.6666666666667,2
"MIR4448",2,0,8,10,20,2
"MIR4469",2,0,3,5,40,2
"MIR449A",2,0,4,6,33.3333333333333,2
"MIR449B",2,0,4,6,33.3333333333333,2
"MIR449C",2,0,4,6,33.3333333333333,2
"MIR4512",2,0,3,5,40,2
"MIR4658",2,0,10,12,16.6666666666667,2
"MIR4667",2,0,2,4,50,2
"MIR4687",2,0,14,16,12.5,2
"MIR4736",2,0,0,2,100,2
"MIR4999",2,0,3,5,40,2
"MIR548AA2",2,0,0,2,100,2
"MIR548Q",2,0,8,10,20,2
"MIR548T",2,0,5,7,28.5714285714286,2
"MIR555",2,0,6,8,25,2
"MIR558",2,0,8,10,20,2
"MIR559",2,0,0,2,100,2
"MIR5684",2,0,1,3,66.6666666666667,2
"MIR569",2,0,0,2,100,2
"MIR574",2,0,2,4,50,2
"MIR575",2,0,4,6,33.3333333333333,2
"MIR583",2,0,4,6,33.3333333333333,2
"MIR600HG",2,0,5,7,28.5714285714286,2
"MIR615",2,4,12,18,11.1111111111111,6
"MIR636",2,0,0,2,100,2
"MIR638",2,0,0,2,100,2
"MIR9",2,0,13,15,13.3333333333333,2
"MIR93",2,0,9,11,18.1818181818182,2
"MIR940",2,0,2,4,50,2
"MIR941",2,0,0,2,100,2
"MIS12",2,0,0,2,100,2
"MIS18A",2,0,2,4,50,2
"MIS18A-AS1",2,0,2,4,50,2
"MLN",2,0,10,12,16.6666666666667,2
"MMP25",2,0,2,4,50,2
"MMRN2",2,0,9,11,18.1818181818182,2
"MNT",2,0,3,5,40,2
"MOB1B",2,0,10,12,16.6666666666667,2
"MOCS2",2,0,4,6,33.3333333333333,2
"MORC2",2,0,4,6,33.3333333333333,2
"MOSPD3",2,0,1,3,66.6666666666667,2
"MPHOSPH8",2,0,10,12,16.6666666666667,2
"MPP6",2,0,6,8,25,2
"MPZ",2,0,2,4,50,2
"MRGPRF",2,0,2,4,50,2
"MRI1",2,0,0,2,100,2
"MRPL15",2,0,10,12,16.6666666666667,2
"MRPL17",2,0,14,16,12.5,2
"MRPL27",2,0,0,2,100,2
"MRPL2P1",2,0,3,5,40,2
"MRPL38",2,0,8,10,20,2
"MRPL55",2,0,4,6,33.3333333333333,2
"MRPS15",2,0,3,5,40,2
"MRPS18B",2,0,1,3,66.6666666666667,2
"MRPS21",2,0,4,6,33.3333333333333,2
"MRPS5",2,0,12,14,14.2857142857143,2
"MRPS9",2,0,6,8,25,2
"MRRF",2,0,5,7,28.5714285714286,2
"MS4A1",2,0,2,4,50,2
"MS4A12",2,0,6,8,25,2
"MSANTD2",2,0,4,6,33.3333333333333,2
"MSMP",2,0,4,6,33.3333333333333,2
"MSTN",2,0,3,5,40,2
"MTIF2",2,0,1,3,66.6666666666667,2
"MTRNR2L8",2,0,3,5,40,2
"MTSS1L",2,0,4,6,33.3333333333333,2
"MTURN",2,0,0,2,100,2
"MTUS2",2,0,1,3,66.6666666666667,2
"MUS81",2,0,3,5,40,2
"MUT",2,0,21,23,8.69565217391304,2
"MVB12B",2,0,3,5,40,2
"MX1",2,0,7,9,22.2222222222222,2
"MYEOV2",2,0,8,10,20,2
"MYL2",2,0,5,7,28.5714285714286,2
"MYL3",2,1,1,4,50,3
"MYLK-AS1",2,0,3,5,40,2
"MYLK2",2,0,5,7,28.5714285714286,2
"MYLK4",2,0,10,12,16.6666666666667,2
"MYO10",2,0,9,11,18.1818181818182,2
"MYO18A",2,0,6,8,25,2
"MYO1H",2,0,2,4,50,2
"MYO9B",2,0,1,3,66.6666666666667,2
"MYOD1",2,0,3,5,40,2
"MYPN",2,0,12,14,14.2857142857143,2
"MYSM1",2,0,8,10,20,2
"MYT1",2,0,3,5,40,2
"MZF1",2,0,1,3,66.6666666666667,2
"MZT1",2,0,3,5,40,2
"N4BP2",2,0,2,4,50,2
"N6AMT1",2,0,8,10,20,2
"NAA16",2,0,1,3,66.6666666666667,2
"NAA25",2,0,4,6,33.3333333333333,2
"NAA40",2,0,3,5,40,2
"NAB2",2,0,10,12,16.6666666666667,2
"NACA",2,0,7,9,22.2222222222222,2
"NACAD",2,0,1,3,66.6666666666667,2
"NANOS3",2,1,5,8,25,3
"NANP",2,0,6,8,25,2
"NAPA",2,0,2,4,50,2
"NAPG",2,0,6,8,25,2
"NARS2",2,0,1,3,66.6666666666667,2
"NAT16",2,0,0,2,100,2
"NAV1",2,0,2,4,50,2
"NBAS",2,0,2,4,50,2
"NCAPH2",2,0,7,9,22.2222222222222,2
"NCF2",2,0,5,7,28.5714285714286,2
"NCKAP1L",2,0,0,2,100,2
"NCKAP5L",2,0,2,4,50,2
"NCMAP",2,0,5,7,28.5714285714286,2
"NCOA7",2,0,4,6,33.3333333333333,2
"NCR3LG1",2,0,7,9,22.2222222222222,2
"NDEL1",2,0,9,11,18.1818181818182,2
"NDNL2",2,1,12,15,13.3333333333333,3
"NDRG2",2,0,2,4,50,2
"NDUFA9",2,0,2,4,50,2
"NDUFAF6",2,0,4,6,33.3333333333333,2
"NDUFB4",2,0,7,9,22.2222222222222,2
"NDUFB9",2,0,7,9,22.2222222222222,2
"NDUFV2",2,0,8,10,20,2
"NEDD1",2,0,4,6,33.3333333333333,2
"NEDD4L",2,0,2,4,50,2
"NEK1",2,1,13,16,12.5,3
"NEK11",2,0,7,9,22.2222222222222,2
"NELL2",2,0,3,5,40,2
"NEO1",2,0,3,5,40,2
"NETO2",2,0,5,7,28.5714285714286,2
"NEUROD2",2,0,2,4,50,2
"NF1",2,0,5,7,28.5714285714286,2
"NF2",2,0,3,5,40,2
"NFAM1",2,0,11,13,15.3846153846154,2
"NFE2L1",2,1,9,12,16.6666666666667,3
"NFKBIE",2,0,11,13,15.3846153846154,2
"NFX1",2,0,4,6,33.3333333333333,2
"NGEF",2,0,1,3,66.6666666666667,2
"NICN1-AS1",2,1,1,4,50,3
"NIFK-AS1",2,0,1,3,66.6666666666667,2
"NKAPL",2,0,10,12,16.6666666666667,2
"NLN",2,1,15,18,11.1111111111111,3
"NLRP1",2,0,1,3,66.6666666666667,2
"NLRP13",2,0,6,8,25,2
"NLRP6",2,0,3,5,40,2
"NLRX1",2,0,3,5,40,2
"NMI",2,0,2,4,50,2
"NOP16",2,0,5,7,28.5714285714286,2
"NOP58",2,0,9,11,18.1818181818182,2
"NOS2",2,0,7,9,22.2222222222222,2
"NOX5",2,0,2,4,50,2
"NOXA1",2,0,3,5,40,2
"NPAS1",2,0,0,2,100,2
"NPAS4",2,0,1,3,66.6666666666667,2
"NPHS1",2,0,6,8,25,2
"NPM1P52",2,0,2,4,50,2
"NR1D2",2,0,8,10,20,2
"NR4A1",2,0,1,3,66.6666666666667,2
"NR4A3",2,0,10,12,16.6666666666667,2
"NRCAM",2,0,8,10,20,2
"NREP-AS1",2,0,2,4,50,2
"NRG4",2,0,1,3,66.6666666666667,2
"NRM",2,0,3,5,40,2
"NRN1",2,1,14,17,11.7647058823529,3
"NRP1",2,0,7,9,22.2222222222222,2
"NRSN2",2,0,4,6,33.3333333333333,2
"NSG2",2,0,6,8,25,2
"NSMAF",2,0,3,5,40,2
"NSRP1",2,0,4,6,33.3333333333333,2
"NT5C1B-RDH14",2,0,5,7,28.5714285714286,2
"NT5C2",2,0,2,4,50,2
"NT5DC1",2,2,7,11,18.1818181818182,4
"NT5DC2",2,0,2,4,50,2
"NT5E",2,0,1,3,66.6666666666667,2
"NTRK1",2,0,12,14,14.2857142857143,2
"NTRK3",2,0,3,5,40,2
"NUBPL",2,0,7,9,22.2222222222222,2
"NUCB1",2,0,6,8,25,2
"NUDC",2,0,4,6,33.3333333333333,2
"NUDT19",2,0,0,2,100,2
"NUP188",2,0,1,3,66.6666666666667,2
"NUPL2",2,0,7,9,22.2222222222222,2
"NXNL1",2,0,6,8,25,2
"NXPH1",2,2,5,9,22.2222222222222,4
"NXPH4",2,0,4,6,33.3333333333333,2
"OBSL1",2,1,12,15,13.3333333333333,3
"ODF1",2,0,2,4,50,2
"OGFOD2",2,0,5,7,28.5714285714286,2
"OGFOD3",2,0,4,6,33.3333333333333,2
"OGFRL1",2,0,11,13,15.3846153846154,2
"OLR1",2,0,3,5,40,2
"OMA1",2,1,8,11,18.1818181818182,3
"OPTN",2,0,1,3,66.6666666666667,2
"OR10K1",2,0,1,3,66.6666666666667,2
"OR10K2",2,0,1,3,66.6666666666667,2
"OR10X1",2,0,1,3,66.6666666666667,2
"OR1K1",2,0,2,4,50,2
"OR2AJ1",2,0,2,4,50,2
"OR2S2",2,0,0,2,100,2
"OR2V2",2,0,9,11,18.1818181818182,2
"OR52A4",2,0,2,4,50,2
"OR5A2",2,0,10,12,16.6666666666667,2
"OR6B2",2,0,15,17,11.7647058823529,2
"OR6B3",2,0,13,15,13.3333333333333,2
"OR6P1",2,0,2,4,50,2
"OR6Y1",2,0,2,4,50,2
"OR7E14P",2,0,1,3,66.6666666666667,2
"OR7G3",2,0,3,5,40,2
"OR8B4",2,0,3,5,40,2
"OR9Q1",2,0,0,2,100,2
"ORAI2",2,0,1,3,66.6666666666667,2
"ORC3",2,0,7,9,22.2222222222222,2
"ORC4",2,0,11,13,15.3846153846154,2
"ORC5",2,1,7,10,20,3
"OTOL1",2,0,1,3,66.6666666666667,2
"OTUD1",2,0,4,6,33.3333333333333,2
"OTUD7B",2,0,6,8,25,2
"OTX1",2,1,6,9,22.2222222222222,3
"OVOL2",2,0,4,6,33.3333333333333,2
"OXA1L",2,0,7,9,22.2222222222222,2
"OXNAD1",2,0,4,6,33.3333333333333,2
"P2RY11",2,0,3,5,40,2
"P2RY12",2,0,3,5,40,2
"PABPN1",2,0,0,2,100,2
"PACRGL",2,1,13,16,12.5,3
"PACSIN2",2,0,5,7,28.5714285714286,2
"PAF1",2,0,9,11,18.1818181818182,2
"PAIP2",2,0,1,3,66.6666666666667,2
"PAK1IP1",2,0,16,18,11.1111111111111,2
"PALLD",2,0,5,7,28.5714285714286,2
"PAM",2,0,7,9,22.2222222222222,2
"PAN2",2,0,8,10,20,2
"PANK4",2,0,6,8,25,2
"PANX1",2,0,1,3,66.6666666666667,2
"PAPOLG",2,0,4,6,33.3333333333333,2
"PAQR8",2,0,7,9,22.2222222222222,2
"PARL",2,0,8,10,20,2
"PARP1",2,0,6,8,25,2
"PARP14",2,0,8,10,20,2
"PARP2",2,0,6,8,25,2
"PARVA",2,0,6,8,25,2
"PAX5",2,0,11,13,15.3846153846154,2
"PAXIP1",2,0,28,30,6.66666666666667,2
"PAXIP1-AS1",2,0,28,30,6.66666666666667,2
"PBLD",2,0,13,15,13.3333333333333,2
"PBXIP1",2,0,4,6,33.3333333333333,2
"PCCA",2,0,5,7,28.5714285714286,2
"PCCA-AS1",2,0,8,10,20,2
"PCDHA1",2,1,10,13,15.3846153846154,3
"PCDHA10",2,2,11,15,13.3333333333333,4
"PCDHA14",2,2,11,15,13.3333333333333,4
"PCDHA2",2,3,17,22,9.09090909090909,5
"PCDHA3",2,2,15,19,10.5263157894737,4
"PCDHA4",2,1,13,16,12.5,3
"PCDHA5",2,2,13,17,11.7647058823529,4
"PCDHA6",2,2,13,17,11.7647058823529,4
"PCDHA7",2,2,11,15,13.3333333333333,4
"PCDHA8",2,2,11,15,13.3333333333333,4
"PCDHA9",2,2,14,18,11.1111111111111,4
"PCDHB12",2,0,1,3,66.6666666666667,2
"PCDHB13",2,0,1,3,66.6666666666667,2
"PCED1B",2,0,4,6,33.3333333333333,2
"PCMTD2",2,0,0,2,100,2
"PCNX",2,0,2,4,50,2
"PCOLCE",2,0,1,3,66.6666666666667,2
"PCOLCE-AS1",2,0,1,3,66.6666666666667,2
"PCSK4",2,0,0,2,100,2
"PCSK5",2,0,2,4,50,2
"PCSK7",2,0,11,13,15.3846153846154,2
"PDCD11",2,0,2,4,50,2
"PDCD5",2,0,5,7,28.5714285714286,2
"PDCD6IP",2,0,5,7,28.5714285714286,2
"PDF",2,0,0,2,100,2
"PDGFRA",2,0,6,8,25,2
"PDIA4",2,0,14,16,12.5,2
"PDK1",2,0,9,11,18.1818181818182,2
"PDLIM1",2,0,4,6,33.3333333333333,2
"PDZK1",2,0,7,9,22.2222222222222,2
"PEAK1",2,0,3,5,40,2
"PEAR1",2,0,12,14,14.2857142857143,2
"PERP",2,0,7,9,22.2222222222222,2
"PEX14",2,0,4,6,33.3333333333333,2
"PEX5",2,0,3,5,40,2
"PF4V1",2,2,15,19,10.5263157894737,4
"PFDN6",2,0,0,2,100,2
"PGAM2",2,0,10,12,16.6666666666667,2
"PGAP1",2,0,1,3,66.6666666666667,2
"PGGT1B",2,0,4,6,33.3333333333333,2
"PGK2",2,0,8,10,20,2
"PGLYRP4",2,0,6,8,25,2
"PHC2",2,0,11,13,15.3846153846154,2
"PHF11",2,1,1,4,50,3
"PHF19",2,0,4,6,33.3333333333333,2
"PHLDA3",2,0,2,4,50,2
"PHLDB1",2,0,4,6,33.3333333333333,2
"PHOX2A",2,0,6,8,25,2
"PHYHD1",2,0,0,2,100,2
"PHYHIP",2,0,3,5,40,2
"PIAS2",2,0,1,3,66.6666666666667,2
"PID1",2,0,5,7,28.5714285714286,2
"PIEZO2",2,0,1,3,66.6666666666667,2
"PIK3C2G",2,0,1,3,66.6666666666667,2
"PIK3CG",2,0,9,11,18.1818181818182,2
"PILRB",2,0,4,6,33.3333333333333,2
"PINK1",2,0,0,2,100,2
"PINLYP",2,0,14,16,12.5,2
"PKDREJ",2,0,2,4,50,2
"PKHD1",2,0,2,4,50,2
"PKHD1L1",2,0,3,5,40,2
"PKN3",2,0,0,2,100,2
"PKNOX2",2,0,5,7,28.5714285714286,2
"PLA2G16",2,0,1,3,66.6666666666667,2
"PLA2G2A",2,0,2,4,50,2
"PLA2G6",2,0,3,5,40,2
"PLA2R1",2,0,1,3,66.6666666666667,2
"PLBD2",2,0,7,9,22.2222222222222,2
"PLCH1-AS2",2,0,1,3,66.6666666666667,2
"PLCXD2-AS1",2,0,12,14,14.2857142857143,2
"PLD1",2,0,10,12,16.6666666666667,2
"PLEK2",2,0,2,4,50,2
"PLEKHA2",2,0,11,13,15.3846153846154,2
"PLEKHA7",2,0,1,3,66.6666666666667,2
"PLEKHG1",2,0,8,10,20,2
"PLEKHG4",2,0,4,6,33.3333333333333,2
"PLEKHH1",2,0,5,7,28.5714285714286,2
"PLEKHO1",2,0,12,14,14.2857142857143,2
"PLGRKT",2,0,0,2,100,2
"PLK4",2,0,4,6,33.3333333333333,2
"PLSCR1",2,0,6,8,25,2
"PLSCR2",2,0,1,3,66.6666666666667,2
"PLSCR5",2,0,7,9,22.2222222222222,2
"PMVK",2,0,4,6,33.3333333333333,2
"PNKP",2,0,11,13,15.3846153846154,2
"PNLDC1",2,0,5,7,28.5714285714286,2
"PNMA1",2,0,7,9,22.2222222222222,2
"PNPLA3",2,0,1,3,66.6666666666667,2
"POFUT2",2,0,2,4,50,2
"POGZ",2,0,9,11,18.1818181818182,2
"POLA2",2,0,4,6,33.3333333333333,2
"POLD2",2,0,8,10,20,2
"POLD4",2,0,1,3,66.6666666666667,2
"POLH",2,0,3,5,40,2
"POLQ",2,0,16,18,11.1111111111111,2
"POLR2K",2,0,4,6,33.3333333333333,2
"POLR3B",2,1,14,17,11.7647058823529,3
"POLR3D",2,0,3,5,40,2
"POLR3KP2",2,0,10,12,16.6666666666667,2
"POM121L9P",2,0,0,2,100,2
"POPDC2",2,0,5,7,28.5714285714286,2
"PP13439",2,0,10,12,16.6666666666667,2
"PPA1",2,0,2,4,50,2
"PPAN",2,0,3,5,40,2
"PPAN-P2RY11",2,0,3,5,40,2
"PPFIA1",2,0,7,9,22.2222222222222,2
"PPFIA4",2,0,4,6,33.3333333333333,2
"PPFIBP1",2,0,5,7,28.5714285714286,2
"PPHLN1",2,0,12,14,14.2857142857143,2
"PPIH",2,0,2,4,50,2
"PPM1F",2,0,4,6,33.3333333333333,2
"PPP1CA",2,0,3,5,40,2
"PPP1R10",2,0,1,3,66.6666666666667,2
"PPP1R18",2,0,3,5,40,2
"PPP3CB",2,0,2,4,50,2
"PPP4R1",2,0,9,11,18.1818181818182,2
"PPP4R1L",2,0,12,14,14.2857142857143,2
"PPTC7",2,0,2,4,50,2
"PQLC2",2,0,5,7,28.5714285714286,2
"PRC1",2,0,3,5,40,2
"PRCP",2,0,19,21,9.52380952380952,2
"PRDM15",2,0,4,6,33.3333333333333,2
"PRDX5",2,0,1,3,66.6666666666667,2
"PRDX6",2,0,8,10,20,2
"PRELP",2,0,7,9,22.2222222222222,2
"PREPL",2,0,13,15,13.3333333333333,2
"PRKACB",2,0,8,10,20,2
"PRKACG",2,0,3,5,40,2
"PRKAG3",2,0,4,6,33.3333333333333,2
"PRKCQ",2,0,8,10,20,2
"PRKCQ-AS1",2,0,8,10,20,2
"PRKCZ",2,0,1,3,66.6666666666667,2
"PRKD2",2,0,3,5,40,2
"PRKD3",2,0,5,7,28.5714285714286,2
"PRKRIRP5",2,0,11,13,15.3846153846154,2
"PRLH",2,0,2,4,50,2
"PROCA1",2,0,2,4,50,2
"PRODH2",2,0,4,6,33.3333333333333,2
"PRPF3",2,0,2,4,50,2
"PRPF4",2,0,7,9,22.2222222222222,2
"PRPF40B",2,0,4,6,33.3333333333333,2
"PRPF4B",2,0,6,8,25,2
"PRSS54",2,0,3,5,40,2
"PSAP",2,0,5,7,28.5714285714286,2
"PSEN2",2,0,4,6,33.3333333333333,2
"PSKH1",2,0,3,5,40,2
"PSMA4",2,0,5,7,28.5714285714286,2
"PSMA5",2,0,3,5,40,2
"PSMD8",2,0,4,6,33.3333333333333,2
"PSMD9",2,0,2,4,50,2
"PSME1",2,0,10,12,16.6666666666667,2
"PSMG2",2,0,14,16,12.5,2
"PSRC1",2,0,11,13,15.3846153846154,2
"PSTK",2,0,14,16,12.5,2
"PTAR1",2,0,5,7,28.5714285714286,2
"PTCH2",2,0,1,3,66.6666666666667,2
"PTGDR",2,0,6,8,25,2
"PTGER4",2,0,8,10,20,2
"PTH1R",2,1,1,4,50,3
"PTMAP1",2,0,1,3,66.6666666666667,2
"PTP4A2",2,0,5,7,28.5714285714286,2
"PTPLB",2,0,3,5,40,2
"PTPN23",2,0,2,4,50,2
"PTTG1",2,0,7,9,22.2222222222222,2
"PVRIG2P",2,0,4,6,33.3333333333333,2
"PWP1",2,0,6,8,25,2
"PWP2",2,0,0,2,100,2
"PXT1",2,0,5,7,28.5714285714286,2
"PYGM",2,0,4,6,33.3333333333333,2
"PYHIN1",2,0,2,4,50,2
"PYROXD1",2,0,3,5,40,2
"QDPR",2,0,3,5,40,2
"QPCT",2,0,9,11,18.1818181818182,2
"QPCTL",2,0,2,4,50,2
"QPRT",2,0,8,10,20,2
"QRFP",2,0,2,4,50,2
"QSER1",2,1,8,11,18.1818181818182,3
"QTRT1",2,0,0,2,100,2
"RAB11B",2,0,3,5,40,2
"RAB11B-AS1",2,0,3,5,40,2
"RAB11FIP1",2,0,7,9,22.2222222222222,2
"RAB1A",2,0,9,11,18.1818181818182,2
"RAB22A",2,0,12,14,14.2857142857143,2
"RAB27A",2,0,5,7,28.5714285714286,2
"RAB2B",2,0,2,4,50,2
"RAB3GAP1",2,0,4,6,33.3333333333333,2
"RAB5A",2,0,6,8,25,2
"RAB7A",2,0,1,3,66.6666666666667,2
"RABGAP1L",2,0,4,6,33.3333333333333,2
"RABL3",2,0,6,8,25,2
"RAD21L1",2,0,2,4,50,2
"RAD9A",2,0,3,5,40,2
"RAG1",2,0,8,10,20,2
"RALA",2,0,6,8,25,2
"RALB",2,1,1,4,50,3
"RANBP1",2,0,5,7,28.5714285714286,2
"RANGRF",2,0,5,7,28.5714285714286,2
"RAPH1",2,0,4,6,33.3333333333333,2
"RARS2",2,0,7,9,22.2222222222222,2
"RASA2",2,0,14,16,12.5,2
"RASGEF1A",2,0,6,8,25,2
"RASGRP2",2,0,4,6,33.3333333333333,2
"RASIP1",2,0,2,4,50,2
"RASL11A",2,0,5,7,28.5714285714286,2
"RASL11B",2,0,4,6,33.3333333333333,2
"RASSF5",2,0,4,6,33.3333333333333,2
"RB1",2,0,1,3,66.6666666666667,2
"RBBP6",2,0,4,6,33.3333333333333,2
"RBM11",2,0,1,3,66.6666666666667,2
"RBM18",2,0,5,7,28.5714285714286,2
"RBM25",2,0,6,8,25,2
"RBM38",2,0,15,17,11.7647058823529,2
"RBM5",2,0,3,5,40,2
"RBMS2",2,0,3,5,40,2
"RBMXL2",2,0,4,6,33.3333333333333,2
"RBPMS2",2,0,3,5,40,2
"RC3H2",2,0,3,5,40,2
"RCHY1",2,0,9,11,18.1818181818182,2
"RCOR1",2,0,5,7,28.5714285714286,2
"RCOR3",2,0,5,7,28.5714285714286,2
"RDH11",2,0,3,5,40,2
"RDH12",2,0,5,7,28.5714285714286,2
"RDH13",2,0,9,11,18.1818181818182,2
"RDH14",2,1,8,11,18.1818181818182,3
"REEP6",2,0,0,2,100,2
"RELL1",2,0,7,9,22.2222222222222,2
"RESP18",2,1,12,15,13.3333333333333,3
"RET",2,0,1,3,66.6666666666667,2
"RFC4",2,0,11,13,15.3846153846154,2
"RFC5",2,0,1,3,66.6666666666667,2
"RFXAP",2,1,13,16,12.5,3
"RGL1",2,0,10,12,16.6666666666667,2
"RGL2",2,0,0,2,100,2
"RGP1",2,0,4,6,33.3333333333333,2
"RGS22",2,0,5,7,28.5714285714286,2
"RGS3",2,0,9,11,18.1818181818182,2
"RHAG",2,0,11,13,15.3846153846154,2
"RHBG",2,0,11,13,15.3846153846154,2
"RHEB",2,0,4,6,33.3333333333333,2
"RHEBL1",2,0,3,5,40,2
"RHOA",2,1,5,8,25,3
"RIIAD1",2,0,7,9,22.2222222222222,2
"RILP",2,0,2,4,50,2
"RIMS2",2,0,2,4,50,2
"RIPK4",2,0,3,5,40,2
"RLBP1",2,0,2,4,50,2
"RMRP",2,0,2,4,50,2
"RN7SKP239",2,0,1,3,66.6666666666667,2
"RN7SL1",2,0,5,7,28.5714285714286,2
"RN7SL10P",2,0,9,11,18.1818181818182,2
"RN7SL12P",2,0,1,3,66.6666666666667,2
"RN7SL175P",2,0,5,7,28.5714285714286,2
"RN7SL36P",2,0,8,10,20,2
"RN7SL458P",2,0,2,4,50,2
"RN7SL491P",2,0,9,11,18.1818181818182,2
"RN7SL529P",2,0,8,10,20,2
"RN7SL535P",2,0,10,12,16.6666666666667,2
"RN7SL651P",2,0,9,11,18.1818181818182,2
"RN7SL688P",2,0,8,10,20,2
"RN7SL743P",2,0,5,7,28.5714285714286,2
"RN7SL85P",2,0,5,7,28.5714285714286,2
"RNA5SP130",2,0,1,3,66.6666666666667,2
"RNA5SP151",2,0,5,7,28.5714285714286,2
"RNA5SP203",2,0,4,6,33.3333333333333,2
"RNA5SP223",2,0,8,10,20,2
"RNA5SP247",2,0,3,5,40,2
"RNA5SP351",2,0,14,16,12.5,2
"RNA5SP464",2,1,10,13,15.3846153846154,3
"RNASE10",2,0,5,7,28.5714285714286,2
"RNASE11",2,0,13,15,13.3333333333333,2
"RNASEH2B",2,0,11,13,15.3846153846154,2
"RNASEH2B-AS1",2,0,11,13,15.3846153846154,2
"RNF138",2,1,5,8,25,3
"RNF146",2,0,11,13,15.3846153846154,2
"RNF167",2,0,6,8,25,2
"RNF170",2,0,3,5,40,2
"RNF185",2,0,0,2,100,2
"RNF214",2,0,11,13,15.3846153846154,2
"RNF217",2,0,6,8,25,2
"RNF220",2,0,10,12,16.6666666666667,2
"RNF4",2,0,5,7,28.5714285714286,2
"RNF43",2,0,6,8,25,2
"RNF44",2,0,3,5,40,2
"RNFT2",2,0,2,4,50,2
"RNGTT",2,0,18,20,10,2
"RNU1-101P",2,0,4,6,33.3333333333333,2
"RNU1-150P",2,0,4,6,33.3333333333333,2
"RNU1-27P",2,0,16,18,11.1111111111111,2
"RNU1-32P",2,0,1,3,66.6666666666667,2
"RNU1-38P",2,0,8,10,20,2
"RNU1-62P",2,0,0,2,100,2
"RNU1-64P",2,0,11,13,15.3846153846154,2
"RNU1-96P",2,0,5,7,28.5714285714286,2
"RNU2-11P",2,0,1,3,66.6666666666667,2
"RNU2-25P",2,0,3,5,40,2
"RNU2-32P",2,0,11,13,15.3846153846154,2
"RNU2-37P",2,0,6,8,25,2
"RNU2-60P",2,0,1,3,66.6666666666667,2
"RNU2-64P",2,1,14,17,11.7647058823529,3
"RNU4-20P",2,0,16,18,11.1111111111111,2
"RNU4-38P",2,0,3,5,40,2
"RNU4-40P",2,0,6,8,25,2
"RNU4-47P",2,0,1,3,66.6666666666667,2
"RNU4-50P",2,0,1,3,66.6666666666667,2
"RNU4ATAC15P",2,0,2,4,50,2
"RNU4ATAC16P",2,0,3,5,40,2
"RNU5B-4P",2,0,1,3,66.6666666666667,2
"RNU5E",2,0,4,6,33.3333333333333,2
"RNU5E-2P",2,0,5,7,28.5714285714286,2
"RNU5E-4P",2,0,4,6,33.3333333333333,2
"RNU6-1017P",2,0,0,2,100,2
"RNU6-105P",2,0,2,4,50,2
"RNU6-1081P",2,0,2,4,50,2
"RNU6-1084P",2,1,14,17,11.7647058823529,3
"RNU6-1098P",2,0,5,7,28.5714285714286,2
"RNU6-1099P",2,0,5,7,28.5714285714286,2
"RNU6-1128P",2,0,2,4,50,2
"RNU6-1140P",2,0,2,4,50,2
"RNU6-1154P",2,0,7,9,22.2222222222222,2
"RNU6-1156P",2,0,10,12,16.6666666666667,2
"RNU6-11P",2,0,11,13,15.3846153846154,2
"RNU6-1201P",2,0,8,10,20,2
"RNU6-1214P",2,0,1,3,66.6666666666667,2
"RNU6-1226P",2,0,3,5,40,2
"RNU6-1228P",2,0,2,4,50,2
"RNU6-1238P",2,0,3,5,40,2
"RNU6-1251P",2,0,5,7,28.5714285714286,2
"RNU6-1276P",2,0,7,9,22.2222222222222,2
"RNU6-128P",2,0,10,12,16.6666666666667,2
"RNU6-1333P",2,0,3,5,40,2
"RNU6-148P",2,0,3,5,40,2
"RNU6-152P",2,0,4,6,33.3333333333333,2
"RNU6-160P",2,0,4,6,33.3333333333333,2
"RNU6-190P",2,0,3,5,40,2
"RNU6-257P",2,0,2,4,50,2
"RNU6-288P",2,0,2,4,50,2
"RNU6-293P",2,0,9,11,18.1818181818182,2
"RNU6-295P",2,0,16,18,11.1111111111111,2
"RNU6-302P",2,0,4,6,33.3333333333333,2
"RNU6-304P",2,0,1,3,66.6666666666667,2
"RNU6-307P",2,0,4,6,33.3333333333333,2
"RNU6-343P",2,1,1,4,50,3
"RNU6-373P",2,0,2,4,50,2
"RNU6-395P",2,0,2,4,50,2
"RNU6-418P",2,0,6,8,25,2
"RNU6-41P",2,0,5,7,28.5714285714286,2
"RNU6-422P",2,0,9,11,18.1818181818182,2
"RNU6-43P",2,0,3,5,40,2
"RNU6-462P",2,0,4,6,33.3333333333333,2
"RNU6-497P",2,0,4,6,33.3333333333333,2
"RNU6-510P",2,0,1,3,66.6666666666667,2
"RNU6-519P",2,0,5,7,28.5714285714286,2
"RNU6-522P",2,0,2,4,50,2
"RNU6-540P",2,0,6,8,25,2
"RNU6-541P",2,0,6,8,25,2
"RNU6-574P",2,0,1,3,66.6666666666667,2
"RNU6-583P",2,0,4,6,33.3333333333333,2
"RNU6-595P",2,0,3,5,40,2
"RNU6-601P",2,1,9,12,16.6666666666667,3
"RNU6-608P",2,0,5,7,28.5714285714286,2
"RNU6-640P",2,0,9,11,18.1818181818182,2
"RNU6-645P",2,0,3,5,40,2
"RNU6-670P",2,0,5,7,28.5714285714286,2
"RNU6-671P",2,0,3,5,40,2
"RNU6-681P",2,0,1,3,66.6666666666667,2
"RNU6-709P",2,0,6,8,25,2
"RNU6-730P",2,1,5,8,25,3
"RNU6-745P",2,0,5,7,28.5714285714286,2
"RNU6-74P",2,0,2,4,50,2
"RNU6-758P",2,0,4,6,33.3333333333333,2
"RNU6-787P",2,1,4,7,28.5714285714286,3
"RNU6-814P",2,0,4,6,33.3333333333333,2
"RNU6-843P",2,0,18,20,10,2
"RNU6-853P",2,0,2,4,50,2
"RNU6-856P",2,0,2,4,50,2
"RNU6-883P",2,0,4,6,33.3333333333333,2
"RNU6-888P",2,0,3,5,40,2
"RNU6-892P",2,0,5,7,28.5714285714286,2
"RNU6-899P",2,0,0,2,100,2
"RNU6-903P",2,0,9,11,18.1818181818182,2
"RNU6-910P",2,0,5,7,28.5714285714286,2
"RNU6-928P",2,0,9,11,18.1818181818182,2
"RNU6-950P",2,0,10,12,16.6666666666667,2
"RNU6-959P",2,0,3,5,40,2
"RNU6-966P",2,0,2,4,50,2
"RNU6-991P",2,0,7,9,22.2222222222222,2
"RNU6-993P",2,0,2,4,50,2
"RNU6-998P",2,0,4,6,33.3333333333333,2
"RNU6ATAC11P",2,0,6,8,25,2
"RNU6ATAC24P",2,0,8,10,20,2
"RNU6ATAC2P",2,0,6,8,25,2
"RNU6ATAC31P",2,0,4,6,33.3333333333333,2
"RNU6ATAC7P",2,0,3,5,40,2
"RNU6ATAC8P",2,0,2,4,50,2
"RNU7-109P",2,0,1,3,66.6666666666667,2
"RNU7-113P",2,0,10,12,16.6666666666667,2
"RNU7-116P",2,0,1,3,66.6666666666667,2
"RNU7-140P",2,0,0,2,100,2
"RNU7-176P",2,0,4,6,33.3333333333333,2
"RNU7-195P",2,0,8,10,20,2
"RNU7-31P",2,0,1,3,66.6666666666667,2
"RNU7-36P",2,0,0,2,100,2
"RNU7-61P",2,0,2,4,50,2
"RNU7-76P",2,0,5,7,28.5714285714286,2
"RNY1P6",2,0,10,12,16.6666666666667,2
"ROBO3",2,0,4,6,33.3333333333333,2
"ROR1",2,0,9,11,18.1818181818182,2
"ROR2",2,0,5,7,28.5714285714286,2
"RP1-12G14.7",2,0,6,8,25,2
"RP1-138B7.5",2,0,3,5,40,2
"RP1-15D23.2",2,0,2,4,50,2
"RP1-170O19.17",2,5,21,28,7.14285714285714,7
"RP1-170O19.20",2,2,12,16,12.5,4
"RP1-179N16.6",2,0,2,4,50,2
"RP1-17K7.2",2,0,0,2,100,2
"RP1-17K7.3",2,0,0,2,100,2
"RP1-18D14.7",2,1,11,14,14.2857142857143,3
"RP1-206D15.3",2,0,1,3,66.6666666666667,2
"RP1-27K12.2",2,0,2,4,50,2
"RP1-27K12.4",2,0,15,17,11.7647058823529,2
"RP1-313I6.12",2,0,12,14,14.2857142857143,2
"RP1-40E16.11",2,0,1,3,66.6666666666667,2
"RP1-4G17.2",2,0,5,7,28.5714285714286,2
"RP1-67K17.3",2,1,7,10,20,3
"RP1-7G5.6",2,0,1,3,66.6666666666667,2
"RP1-91J24.3",2,0,7,9,22.2222222222222,2
"RP1-92O14.3",2,0,3,5,40,2
"RP11-101C11.1",2,0,14,16,12.5,2
"RP11-1029J19.4",2,0,13,15,13.3333333333333,2
"RP11-1070N10.3",2,0,5,7,28.5714285714286,2
"RP11-107N15.1",2,0,5,7,28.5714285714286,2
"RP11-1081L13.4",2,0,10,12,16.6666666666667,2
"RP11-109N23.4",2,0,6,8,25,2
"RP11-109P14.9",2,0,5,7,28.5714285714286,2
"RP11-10C24.1",2,0,5,7,28.5714285714286,2
"RP11-10C24.2",2,0,5,7,28.5714285714286,2
"RP11-10C24.3",2,0,5,7,28.5714285714286,2
"RP11-10J21.3",2,0,3,5,40,2
"RP11-10J21.4",2,0,3,5,40,2
"RP11-10J21.6",2,0,3,5,40,2
"RP11-110I1.12",2,0,8,10,20,2
"RP11-112J3.15",2,0,4,6,33.3333333333333,2
"RP11-113K21.1",2,0,14,16,12.5,2
"RP11-1148O4.2",2,0,4,6,33.3333333333333,2
"RP11-1149O23.4",2,0,4,6,33.3333333333333,2
"RP11-116N8.4",2,1,4,7,28.5714285714286,3
"RP11-118H4.3",2,0,6,8,25,2
"RP11-122C5.3",2,0,3,5,40,2
"RP11-122G18.5",2,0,0,2,100,2
"RP11-130F10.1",2,0,5,7,28.5714285714286,2
"RP11-133L14.5",2,0,8,10,20,2
"RP11-1348G14.5",2,0,2,4,50,2
"RP11-134G8.8",2,0,2,4,50,2
"RP11-135A24.2",2,0,3,5,40,2
"RP11-135A24.4",2,0,3,5,40,2
"RP11-137L10.6",2,0,2,4,50,2
"RP11-13P5.2",2,0,3,5,40,2
"RP11-143K11.5",2,0,10,12,16.6666666666667,2
"RP11-145M9.4",2,0,4,6,33.3333333333333,2
"RP11-157F20.3",2,0,5,7,28.5714285714286,2
"RP11-15A1.7",2,1,12,15,13.3333333333333,3
"RP11-160H22.5",2,0,4,6,33.3333333333333,2
"RP11-162J8.2",2,0,13,15,13.3333333333333,2
"RP11-165J3.6",2,0,4,6,33.3333333333333,2
"RP11-167N4.2",2,0,4,6,33.3333333333333,2
"RP11-168K11.2",2,0,6,8,25,2
"RP11-168O16.1",2,0,11,13,15.3846153846154,2
"RP11-168O16.2",2,0,8,10,20,2
"RP11-169K16.9",2,0,5,7,28.5714285714286,2
"RP11-173P15.7",2,0,5,7,28.5714285714286,2
"RP11-188P20.3",2,0,7,9,22.2222222222222,2
"RP11-190C22.8",2,0,9,11,18.1818181818182,2
"RP11-191G24.1",2,0,6,8,25,2
"RP11-197N18.2",2,0,5,7,28.5714285714286,2
"RP11-1C8.4",2,0,2,4,50,2
"RP11-203F10.5",2,0,6,8,25,2
"RP11-203M5.2",2,0,6,8,25,2
"RP11-215P8.1",2,0,2,4,50,2
"RP11-219E7.2",2,0,13,15,13.3333333333333,2
"RP11-21J18.1",2,0,8,10,20,2
"RP11-224O19.2",2,0,11,13,15.3846153846154,2
"RP11-225N10.1",2,0,13,15,13.3333333333333,2
"RP11-233G1.4",2,0,4,6,33.3333333333333,2
"RP11-23P13.6",2,0,1,3,66.6666666666667,2
"RP11-23P13.7",2,0,1,3,66.6666666666667,2
"RP11-244H3.1",2,0,7,9,22.2222222222222,2
"RP11-244N20.7",2,0,1,3,66.6666666666667,2
"RP11-245P10.4",2,0,3,5,40,2
"RP11-248J23.7",2,0,6,8,25,2
"RP11-24F11.2",2,0,2,4,50,2
"RP11-254B13.4",2,0,14,16,12.5,2
"RP11-254F7.2",2,0,7,9,22.2222222222222,2
"RP11-256I23.1",2,1,12,15,13.3333333333333,3
"RP11-256P1.1",2,0,3,5,40,2
"RP11-259N19.1",2,0,9,11,18.1818181818182,2
"RP11-25B7.1",2,0,2,4,50,2
"RP11-267M23.4",2,1,12,15,13.3333333333333,3
"RP11-268J15.5",2,1,4,7,28.5714285714286,3
"RP11-269F19.2",2,0,2,4,50,2
"RP11-26M5.3",2,0,3,5,40,2
"RP11-273B20.3",2,0,3,5,40,2
"RP11-274J16.5",2,0,7,9,22.2222222222222,2
"RP11-276H7.3",2,0,1,3,66.6666666666667,2
"RP11-281O15.4",2,0,4,6,33.3333333333333,2
"RP11-283G6.3",2,0,2,4,50,2
"RP11-297C4.3",2,0,2,4,50,2
"RP11-297D21.2",2,0,1,3,66.6666666666667,2
"RP11-2C7.1",2,0,10,12,16.6666666666667,2
"RP11-307C12.13",2,0,4,6,33.3333333333333,2
"RP11-311F12.1",2,0,4,6,33.3333333333333,2
"RP11-313A24.1",2,0,5,7,28.5714285714286,2
"RP11-315J22.5",2,0,8,10,20,2
"RP11-316M1.3",2,0,1,3,66.6666666666667,2
"RP11-316O14.1",2,0,7,9,22.2222222222222,2
"RP11-317N12.1",2,0,2,4,50,2
"RP11-318M2.2",2,0,7,9,22.2222222222222,2
"RP11-326C3.2",2,0,3,5,40,2
"RP11-329J18.2",2,0,5,7,28.5714285714286,2
"RP11-331F9.4",2,0,2,4,50,2
"RP11-332H14.1",2,0,4,6,33.3333333333333,2
"RP11-333E13.4",2,0,2,4,50,2
"RP11-335O13.7",2,0,2,4,50,2
"RP11-335O4.3",2,0,5,7,28.5714285714286,2
"RP11-336A10.2",2,0,7,9,22.2222222222222,2
"RP11-336K24.12",2,0,2,4,50,2
"RP11-336K24.5",2,0,2,4,50,2
"RP11-342I1.2",2,0,0,2,100,2
"RP11-342M1.3",2,0,1,3,66.6666666666667,2
"RP11-343H5.6",2,0,5,7,28.5714285714286,2
"RP11-347C18.3",2,1,16,19,10.5263157894737,3
"RP11-34D15.2",2,0,13,15,13.3333333333333,2
"RP11-34F13.2",2,0,9,11,18.1818181818182,2
"RP11-34F13.3",2,0,9,11,18.1818181818182,2
"RP11-350N15.4",2,0,18,20,10,2
"RP11-353N14.3",2,0,19,21,9.52380952380952,2
"RP11-355B11.2",2,0,10,12,16.6666666666667,2
"RP11-356I2.4",2,0,4,6,33.3333333333333,2
"RP11-359I18.5",2,0,3,5,40,2
"RP11-363G15.2",2,0,10,12,16.6666666666667,2
"RP11-367N14.2",2,0,5,7,28.5714285714286,2
"RP11-378A13.1",2,0,9,11,18.1818181818182,2
"RP11-379C10.1",2,0,1,3,66.6666666666667,2
"RP11-380D23.1",2,0,8,10,20,2
"RP11-383G6.4",2,0,4,6,33.3333333333333,2
"RP11-38J22.6",2,0,1,3,66.6666666666667,2
"RP11-390K5.3",2,0,3,5,40,2
"RP11-395B7.7",2,0,2,4,50,2
"RP11-404P21.3",2,0,8,10,20,2
"RP11-414H17.5",2,0,3,5,40,2
"RP11-416K24.1",2,0,4,6,33.3333333333333,2
"RP11-421F16.3",2,0,2,4,50,2
"RP11-421M1.8",2,0,4,6,33.3333333333333,2
"RP11-422N16.3",2,0,8,10,20,2
"RP11-425A23.1",2,1,8,11,18.1818181818182,3
"RP11-425D10.10",2,0,5,7,28.5714285714286,2
"RP11-433J22.2",2,0,9,11,18.1818181818182,2
"RP11-433J22.3",2,0,8,10,20,2
"RP11-435D7.3",2,0,4,6,33.3333333333333,2
"RP11-436M15.1",2,0,0,2,100,2
"RP11-436M15.3",2,0,0,2,100,2
"RP11-444E17.6",2,0,9,11,18.1818181818182,2
"RP11-44K6.3",2,0,6,8,25,2
"RP11-44K6.5",2,0,6,8,25,2
"RP11-44N12.5",2,1,8,11,18.1818181818182,3
"RP11-459E5.1",2,0,1,3,66.6666666666667,2
"RP11-460I19.2",2,0,0,2,100,2
"RP11-463O9.5",2,0,19,21,9.52380952380952,2
"RP11-465N4.4",2,0,0,2,100,2
"RP11-466F5.8",2,0,13,15,13.3333333333333,2
"RP11-467D6.1",2,0,13,15,13.3333333333333,2
"RP11-467J12.4",2,0,3,5,40,2
"RP11-468E2.5",2,0,10,12,16.6666666666667,2
"RP11-473M20.7",2,0,1,3,66.6666666666667,2
"RP11-474N24.6",2,0,4,6,33.3333333333333,2
"RP11-474N8.5",2,1,7,10,20,3
"RP11-481A20.4",2,0,12,14,14.2857142857143,2
"RP11-483H20.4",2,0,5,7,28.5714285714286,2
"RP11-484D2.2",2,0,16,18,11.1111111111111,2
"RP11-486G15.2",2,0,8,10,20,2
"RP11-489E7.4",2,0,10,12,16.6666666666667,2
"RP11-499E18.1",2,0,4,6,33.3333333333333,2
"RP11-503N18.4",2,0,5,7,28.5714285714286,2
"RP11-50E11.2",2,0,11,13,15.3846153846154,2
"RP11-50E11.3",2,0,11,13,15.3846153846154,2
"RP11-510H23.1",2,0,6,8,25,2
"RP11-510N19.5",2,0,0,2,100,2
"RP11-513D5.2",2,0,14,16,12.5,2
"RP11-514P8.2",2,0,1,3,66.6666666666667,2
"RP11-522I20.3",2,0,8,10,20,2
"RP11-523H20.3",2,0,1,3,66.6666666666667,2
"RP11-523O18.1",2,0,5,7,28.5714285714286,2
"RP11-524F11.2",2,0,2,4,50,2
"RP11-529E10.7",2,0,1,3,66.6666666666667,2
"RP11-530C5.2",2,0,4,6,33.3333333333333,2
"RP11-535A19.1",2,0,3,5,40,2
"RP11-535C21.3",2,0,5,7,28.5714285714286,2
"RP11-537H15.4",2,0,0,2,100,2
"RP11-53I6.3",2,1,5,8,25,3
"RP11-542C16.1",2,0,6,8,25,2
"RP11-543C4.1",2,0,0,2,100,2
"RP11-544L8__B.4",2,0,12,14,14.2857142857143,2
"RP11-545E17.3",2,0,0,2,100,2
"RP11-545P7.4",2,0,9,11,18.1818181818182,2
"RP11-547D24.3",2,0,1,3,66.6666666666667,2
"RP11-552F3.12",2,0,8,10,20,2
"RP11-553A21.3",2,0,19,21,9.52380952380952,2
"RP11-554A11.6",2,0,2,4,50,2
"RP11-554F20.1",2,0,10,12,16.6666666666667,2
"RP11-557C18.3",2,0,2,4,50,2
"RP11-55K13.1",2,0,15,17,11.7647058823529,2
"RP11-563E2.2",2,1,9,12,16.6666666666667,3
"RP11-58E21.3",2,0,11,13,15.3846153846154,2
"RP11-5A19.5",2,0,6,8,25,2
"RP11-613M10.9",2,0,6,8,25,2
"RP11-61J19.4",2,0,6,8,25,2
"RP11-625L16.3",2,0,0,2,100,2
"RP11-635L1.3",2,0,3,5,40,2
"RP11-637O19.3",2,0,4,6,33.3333333333333,2
"RP11-638I2.9",2,0,6,8,25,2
"RP11-63K6.7",2,0,15,17,11.7647058823529,2
"RP11-642P15.1",2,0,8,10,20,2
"RP11-644F5.10",2,0,2,4,50,2
"RP11-649G15.2",2,0,4,6,33.3333333333333,2
"RP11-653J6.1",2,0,8,10,20,2
"RP11-659G9.3",2,0,14,16,12.5,2
"RP11-65D24.2",2,2,11,15,13.3333333333333,4
"RP11-661C8.3",2,0,4,6,33.3333333333333,2
"RP11-662B19.2",2,0,3,5,40,2
"RP11-664I21.6",2,0,1,3,66.6666666666667,2
"RP11-665C16.6",2,1,11,14,14.2857142857143,3
"RP11-665N17.4",2,0,2,4,50,2
"RP11-671J11.6",2,0,16,18,11.1111111111111,2
"RP11-671J11.7",2,0,16,18,11.1111111111111,2
"RP11-677M14.7",2,0,4,6,33.3333333333333,2
"RP11-680B3.2",2,0,7,9,22.2222222222222,2
"RP11-685N10.1",2,0,2,4,50,2
"RP11-687M24.5",2,0,5,7,28.5714285714286,2
"RP11-692D12.1",2,0,11,13,15.3846153846154,2
"RP11-692N5.1",2,0,9,11,18.1818181818182,2
"RP11-697H9.3",2,0,1,3,66.6666666666667,2
"RP11-700F16.2",2,0,12,14,14.2857142857143,2
"RP11-700F16.3",2,0,12,14,14.2857142857143,2
"RP11-702H23.6",2,0,1,3,66.6666666666667,2
"RP11-708J19.1",2,0,2,4,50,2
"RP11-713N11.4",2,0,3,5,40,2
"RP11-715G15.1",2,0,2,4,50,2
"RP11-723O4.2",2,0,2,4,50,2
"RP11-723O4.3",2,0,2,4,50,2
"RP11-723O4.6",2,0,4,6,33.3333333333333,2
"RP11-723O4.9",2,0,2,4,50,2
"RP11-724M22.1",2,0,3,5,40,2
"RP11-724O16.1",2,0,4,6,33.3333333333333,2
"RP11-727A23.5",2,0,10,12,16.6666666666667,2
"RP11-729L2.2",2,0,2,4,50,2
"RP11-732A19.1",2,0,14,16,12.5,2
"RP11-732A19.5",2,0,11,13,15.3846153846154,2
"RP11-732A19.8",2,0,20,22,9.09090909090909,2
"RP11-732A19.9",2,0,13,15,13.3333333333333,2
"RP11-73M7.1",2,0,2,4,50,2
"RP11-762I7.5",2,0,0,2,100,2
"RP11-770J1.5",2,0,6,8,25,2
"RP11-77G23.2",2,0,5,7,28.5714285714286,2
"RP11-77G23.5",2,0,4,6,33.3333333333333,2
"RP11-77P6.2",2,0,11,13,15.3846153846154,2
"RP11-780K2.1",2,3,14,19,10.5263157894737,5
"RP11-783K16.10",2,0,1,3,66.6666666666667,2
"RP11-78O9.1",2,0,0,2,100,2
"RP11-797M17.1",2,0,6,8,25,2
"RP11-7C6.1",2,0,11,13,15.3846153846154,2
"RP11-804M7.1",2,0,1,3,66.6666666666667,2
"RP11-809H16.2",2,0,2,4,50,2
"RP11-80G7.1",2,0,11,13,15.3846153846154,2
"RP11-817J15.3",2,0,9,11,18.1818181818182,2
"RP11-818F20.5",2,0,5,7,28.5714285714286,2
"RP11-81H14.2",2,0,6,8,25,2
"RP11-839D17.3",2,0,13,15,13.3333333333333,2
"RP11-83J21.3",2,0,2,4,50,2
"RP11-843B15.2",2,0,4,6,33.3333333333333,2
"RP11-843P14.1",2,0,5,7,28.5714285714286,2
"RP11-849F2.10",2,0,6,8,25,2
"RP11-849F2.9",2,0,5,7,28.5714285714286,2
"RP11-849H4.2",2,0,1,3,66.6666666666667,2
"RP11-84C10.1",2,0,10,12,16.6666666666667,2
"RP11-857B24.5",2,1,23,26,7.69230769230769,3
"RP11-85A1.3",2,0,7,9,22.2222222222222,2
"RP11-864I4.4",2,0,3,5,40,2
"RP11-867G23.12",2,0,2,4,50,2
"RP11-887P2.5",2,0,7,9,22.2222222222222,2
"RP11-893F2.13",2,0,1,3,66.6666666666667,2
"RP11-893F2.14",2,0,1,3,66.6666666666667,2
"RP11-90K17.2",2,0,3,5,40,2
"RP11-93B14.6",2,0,2,4,50,2
"RP11-93K22.6",2,0,4,6,33.3333333333333,2
"RP11-967K21.1",2,0,9,11,18.1818181818182,2
"RP11-96C23.15",2,0,7,9,22.2222222222222,2
"RP11-96C23.5",2,0,7,9,22.2222222222222,2
"RP11-977B10.2",2,0,4,6,33.3333333333333,2
"RP11-983P16.4",2,0,0,2,100,2
"RP11-98D18.1",2,0,7,9,22.2222222222222,2
"RP3-398G3.5",2,0,8,10,20,2
"RP3-406P24.3",2,0,6,8,25,2
"RP3-412A9.15",2,0,0,2,100,2
"RP3-443C4.2",2,0,6,8,25,2
"RP3-466P17.1",2,0,1,3,66.6666666666667,2
"RP4-541C22.5",2,0,5,7,28.5714285714286,2
"RP4-549F15.1",2,1,13,16,12.5,3
"RP4-555L14.4",2,0,6,8,25,2
"RP4-593H12.1",2,0,6,8,25,2
"RP4-594I10.3",2,0,5,7,28.5714285714286,2
"RP4-604K5.2",2,1,3,6,33.3333333333333,3
"RP4-613B23.1",2,0,0,2,100,2
"RP4-635E18.6",2,0,2,4,50,2
"RP4-639F20.1",2,0,5,7,28.5714285714286,2
"RP4-651E10.4",2,0,4,6,33.3333333333333,2
"RP4-705D16.3",2,0,13,15,13.3333333333333,2
"RP4-726N1.2",2,0,4,6,33.3333333333333,2
"RP4-753D10.5",2,0,5,7,28.5714285714286,2
"RP4-773N10.4",2,0,3,5,40,2
"RP4-778K6.3",2,1,9,12,16.6666666666667,3
"RP4-800J21.3",2,0,15,17,11.7647058823529,2
"RP4-816N1.6",2,0,3,5,40,2
"RP4-816N1.7",2,0,3,5,40,2
"RP5-1018K9.1",2,0,2,4,50,2
"RP5-1028L10.2",2,0,2,4,50,2
"RP5-1050D4.2",2,0,5,7,28.5714285714286,2
"RP5-1050D4.3",2,0,5,7,28.5714285714286,2
"RP5-1050D4.4",2,0,4,6,33.3333333333333,2
"RP5-1050D4.5",2,0,4,6,33.3333333333333,2
"RP5-1092A11.2",2,0,2,4,50,2
"RP5-1112D6.4",2,1,5,8,25,3
"RP5-1160K1.6",2,0,10,12,16.6666666666667,2
"RP5-1198O20.4",2,0,0,2,100,2
"RP5-827C21.4",2,0,2,4,50,2
"RP5-827C21.6",2,0,2,4,50,2
"RP5-837J1.2",2,0,2,4,50,2
"RP5-882O7.1",2,0,1,3,66.6666666666667,2
"RP5-890E16.2",2,1,9,12,16.6666666666667,3
"RP5-899E9.1",2,0,13,15,13.3333333333333,2
"RP5-915N17.3",2,0,8,10,20,2
"RP5-919F19.5",2,0,2,4,50,2
"RP5-930J4.4",2,0,1,3,66.6666666666667,2
"RP5-935K16.1",2,0,2,4,50,2
"RP5-942I16.1",2,0,4,6,33.3333333333333,2
"RPF1",2,0,23,25,8,2
"RPL11",2,0,0,2,100,2
"RPL19",2,0,6,8,25,2
"RPL21P121",2,0,4,6,33.3333333333333,2
"RPL22L1",2,0,2,4,50,2
"RPL26L1",2,0,9,11,18.1818181818182,2
"RPL26P20",2,0,14,16,12.5,2
"RPL30",2,0,6,8,25,2
"RPL31P52",2,0,4,6,33.3333333333333,2
"RPL35AP",2,0,4,6,33.3333333333333,2
"RPL37A",2,0,12,14,14.2857142857143,2
"RPL5",2,0,2,4,50,2
"RPL6P5",2,0,1,3,66.6666666666667,2
"RPL7A",2,0,2,4,50,2
"RPL7L1P5",2,0,4,6,33.3333333333333,2
"RPL7P51",2,1,18,21,9.52380952380952,3
"RPLP1",2,0,2,4,50,2
"RPP30",2,0,4,6,33.3333333333333,2
"RPP38",2,0,10,12,16.6666666666667,2
"RPP40",2,0,10,12,16.6666666666667,2
"RPPH1",2,0,6,8,25,2
"RPS15A",2,0,3,5,40,2
"RPS15AP12",2,0,2,4,50,2
"RPS16",2,0,4,6,33.3333333333333,2
"RPS18P9",2,0,7,9,22.2222222222222,2
"RPS2",2,0,4,6,33.3333333333333,2
"RPUSD2",2,0,3,5,40,2
"RRP8",2,0,13,15,13.3333333333333,2
"RSPRY1",2,0,6,8,25,2
"RTKN",2,0,6,8,25,2
"RTN3",2,0,0,2,100,2
"RTN4R",2,0,4,6,33.3333333333333,2
"RTP4",2,0,8,10,20,2
"RUFY4",2,0,0,2,100,2
"RUNDC3A",2,0,2,4,50,2
"RUNDC3B",2,0,2,4,50,2
"RUNX2",2,0,12,14,14.2857142857143,2
"RUVBL1",2,0,6,8,25,2
"RUVBL1-AS1",2,0,6,8,25,2
"RWDD1",2,0,13,15,13.3333333333333,2
"RWDD4P1",2,1,9,12,16.6666666666667,3
"RXRA",2,0,1,3,66.6666666666667,2
"S100A8",2,0,1,3,66.6666666666667,2
"S100A9",2,0,5,7,28.5714285714286,2
"SACM1L",2,0,1,3,66.6666666666667,2
"SAE1",2,0,1,3,66.6666666666667,2
"SAG",2,0,3,5,40,2
"SAMD13",2,0,13,15,13.3333333333333,2
"SAMD15",2,0,10,12,16.6666666666667,2
"SAMD7",2,0,5,7,28.5714285714286,2
"SAMD8",2,0,0,2,100,2
"SARS",2,0,9,11,18.1818181818182,2
"SCARF1",2,0,2,4,50,2
"SCARNA16.4",2,0,13,15,13.3333333333333,2
"SCARNA2",2,0,4,6,33.3333333333333,2
"SCARNA20.3",2,0,3,5,40,2
"SCD",2,0,13,15,13.3333333333333,2
"SCGB1A1",2,0,6,8,25,2
"SCGB2B2",2,0,3,5,40,2
"SCN1B",2,0,4,6,33.3333333333333,2
"SCPEP1",2,0,1,3,66.6666666666667,2
"SCRN1",2,0,3,5,40,2
"SCRN3",2,0,5,7,28.5714285714286,2
"SCUBE2",2,0,9,11,18.1818181818182,2
"SDC1",2,0,11,13,15.3846153846154,2
"SDCBP2",2,0,2,4,50,2
"SDF2",2,0,1,3,66.6666666666667,2
"SDHC",2,0,4,6,33.3333333333333,2
"SEC13",2,1,5,8,25,3
"SEC14L1",2,0,1,3,66.6666666666667,2
"SEC23IP",2,0,9,11,18.1818181818182,2
"SEC61A2",2,0,4,6,33.3333333333333,2
"SEC62-AS1",2,0,2,4,50,2
"SEL1L3",2,0,5,7,28.5714285714286,2
"SEMA3G",2,0,0,2,100,2
"SEMA5B",2,0,7,9,22.2222222222222,2
"SEPT12",2,0,5,7,28.5714285714286,2
"SERF2",2,0,1,3,66.6666666666667,2
"SERPINA1",2,0,2,4,50,2
"SERTAD3",2,1,2,5,40,3
"SETD1A",2,0,9,11,18.1818181818182,2
"SETD2",2,1,1,4,50,3
"SETD7",2,0,0,2,100,2
"SETD9",2,0,12,14,14.2857142857143,2
"SF3A3",2,0,1,3,66.6666666666667,2
"SF3B14",2,0,5,7,28.5714285714286,2
"SF3B5",2,0,2,4,50,2
"SFRP5",2,0,5,7,28.5714285714286,2
"SGCA",2,0,1,3,66.6666666666667,2
"SGMS1",2,0,11,13,15.3846153846154,2
"SGMS2",2,0,2,4,50,2
"SGPP1",2,0,1,3,66.6666666666667,2
"SGTB",2,1,15,18,11.1111111111111,3
"SH2D7",2,0,10,12,16.6666666666667,2
"SH3D21",2,1,4,7,28.5714285714286,3
"SH3PXD2B",2,0,3,5,40,2
"SH3TC1",2,0,7,9,22.2222222222222,2
"SH3YL1",2,0,5,7,28.5714285714286,2
"SHB",2,0,6,8,25,2
"SHF",2,1,7,10,20,3
"SHMT2",2,0,4,6,33.3333333333333,2
"SIGLEC14",2,1,18,21,9.52380952380952,3
"SIGLEC5",2,1,18,21,9.52380952380952,3
"SIGLEC8",2,0,7,9,22.2222222222222,2
"SIK2",2,0,16,18,11.1111111111111,2
"SIL1",2,0,1,3,66.6666666666667,2
"SIN3A",2,1,6,9,22.2222222222222,3
"SIRT1",2,0,13,15,13.3333333333333,2
"SKA1",2,0,3,5,40,2
"SKIV2L2",2,0,11,13,15.3846153846154,2
"SKOR1",2,0,9,11,18.1818181818182,2
"SLC10A4",2,0,3,5,40,2
"SLC12A6",2,0,11,13,15.3846153846154,2
"SLC15A3",2,0,4,6,33.3333333333333,2
"SLC16A12",2,0,6,8,25,2
"SLC16A7",2,0,13,15,13.3333333333333,2
"SLC17A3",2,0,0,2,100,2
"SLC17A4",2,0,2,4,50,2
"SLC22A11",2,0,2,4,50,2
"SLC25A11",2,0,6,8,25,2
"SLC25A33",2,0,4,6,33.3333333333333,2
"SLC25A35",2,0,6,8,25,2
"SLC25A36",2,0,9,11,18.1818181818182,2
"SLC25A37",2,0,8,10,20,2
"SLC25A40",2,1,14,17,11.7647058823529,3
"SLC25A45",2,0,2,4,50,2
"SLC2A1",2,0,1,3,66.6666666666667,2
"SLC2A1-AS1",2,0,1,3,66.6666666666667,2
"SLC2A13",2,0,8,10,20,2
"SLC2A2",2,0,0,2,100,2
"SLC2A4",2,0,5,7,28.5714285714286,2
"SLC30A7",2,0,11,13,15.3846153846154,2
"SLC35A1",2,0,6,8,25,2
"SLC35B2",2,0,11,13,15.3846153846154,2
"SLC37A3",2,0,3,5,40,2
"SLC38A1",2,0,8,10,20,2
"SLC39A8",2,0,4,6,33.3333333333333,2
"SLC47A2",2,0,4,6,33.3333333333333,2
"SLC4A5",2,0,6,8,25,2
"SLC50A1",2,0,0,2,100,2
"SLC6A18",2,0,8,10,20,2
"SLC6A5",2,1,4,7,28.5714285714286,3
"SLC6A9",2,0,0,2,100,2
"SLC7A1",2,0,1,3,66.6666666666667,2
"SLC7A10",2,0,0,2,100,2
"SLC7A11-AS1",2,0,8,10,20,2
"SLC8B1",2,0,7,9,22.2222222222222,2
"SLC9B2",2,0,12,14,14.2857142857143,2
"SLIRP",2,0,9,11,18.1818181818182,2
"SLU7",2,0,7,9,22.2222222222222,2
"SLURP1",2,0,3,5,40,2
"SMAD3",2,0,8,10,20,2
"SMAD4",2,0,2,4,50,2
"SMAD7",2,0,8,10,20,2
"SMARCAD1",2,0,10,12,16.6666666666667,2
"SMARCAL1",2,0,4,6,33.3333333333333,2
"SMCHD1",2,0,3,5,40,2
"SMCR8",2,0,4,6,33.3333333333333,2
"SMDT1",2,0,5,7,28.5714285714286,2
"SMEK1",2,0,4,6,33.3333333333333,2
"SMIM11",2,0,2,4,50,2
"SMIM13",2,0,4,6,33.3333333333333,2
"SMIM20",2,0,5,7,28.5714285714286,2
"SMIM22",2,0,5,7,28.5714285714286,2
"SMIM3",2,0,6,8,25,2
"SMIM4",2,0,2,4,50,2
"SMPD1",2,0,24,26,7.69230769230769,2
"SMURF1",2,0,7,9,22.2222222222222,2
"SNAI2",2,0,42,44,4.54545454545455,2
"SNAPC5",2,0,3,5,40,2
"SNHG9",2,0,3,5,40,2
"SNORA11B",2,0,3,5,40,2
"SNORA14B",2,1,10,13,15.3846153846154,3
"SNORA19.3",2,0,1,3,66.6666666666667,2
"SNORA2.2",2,0,7,9,22.2222222222222,2
"SNORA20",2,0,13,15,13.3333333333333,2
"SNORA24.2",2,0,3,5,40,2
"SNORA25.14",2,0,4,6,33.3333333333333,2
"SNORA25.18",2,0,6,8,25,2
"SNORA25.19",2,0,9,11,18.1818181818182,2
"SNORA3.3",2,0,14,16,12.5,2
"SNORA3.5",2,0,4,6,33.3333333333333,2
"SNORA43.1",2,0,3,5,40,2
"SNORA49",2,0,3,5,40,2
"SNORA51.7",2,0,6,8,25,2
"SNORA54",2,0,8,10,20,2
"SNORA5A",2,0,4,6,33.3333333333333,2
"SNORA5B",2,0,4,6,33.3333333333333,2
"SNORA5C",2,0,4,6,33.3333333333333,2
"SNORA62.4",2,0,1,3,66.6666666666667,2
"SNORA63.2",2,0,4,6,33.3333333333333,2
"SNORA66",2,0,2,4,50,2
"SNORA66.1",2,0,2,4,50,2
"SNORA67.4",2,0,11,13,15.3846153846154,2
"SNORA70.25",2,0,3,5,40,2
"SNORA70E",2,0,14,16,12.5,2
"SNORA70G",2,0,14,16,12.5,2
"SNORA71.1",2,0,2,4,50,2
"SNORA72",2,0,5,7,28.5714285714286,2
"SNORA75.1",2,0,5,7,28.5714285714286,2
"SNORA79",2,0,10,12,16.6666666666667,2
"SNORD103A",2,0,1,3,66.6666666666667,2
"SNORD105",2,0,3,5,40,2
"SNORD105B",2,0,3,5,40,2
"SNORD112.24",2,2,19,23,8.69565217391304,4
"SNORD112.37",2,0,6,8,25,2
"SNORD112.42",2,0,8,10,20,2
"SNORD112.8",2,0,16,18,11.1111111111111,2
"SNORD121A",2,0,1,3,66.6666666666667,2
"SNORD121B",2,0,2,4,50,2
"SNORD15B",2,0,1,3,66.6666666666667,2
"SNORD21",2,0,2,4,50,2
"SNORD24",2,0,2,4,50,2
"SNORD27.2",2,0,16,18,11.1111111111111,2
"SNORD36A",2,0,2,4,50,2
"SNORD36B",2,0,2,4,50,2
"SNORD36C",2,0,2,4,50,2
"SNORD50.2",2,0,3,5,40,2
"SNORD55",2,0,2,4,50,2
"SNORD60.2",2,0,3,5,40,2
"SNORD64.1",2,0,4,6,33.3333333333333,2
"SNORD7",2,0,4,6,33.3333333333333,2
"SNORD70",2,0,3,5,40,2
"SNORD85",2,0,2,4,50,2
"SNORD88A",2,1,5,8,25,3
"SNORD88B",2,1,5,8,25,3
"snoU13.111",2,0,11,13,15.3846153846154,2
"snoU13.131",2,0,1,3,66.6666666666667,2
"snoU13.14",2,0,6,8,25,2
"snoU13.142",2,0,2,4,50,2
"snoU13.148",2,0,2,4,50,2
"snoU13.179",2,0,2,4,50,2
"snoU13.223",2,0,17,19,10.5263157894737,2
"snoU13.232",2,0,6,8,25,2
"snoU13.251",2,0,1,3,66.6666666666667,2
"snoU13.260",2,0,2,4,50,2
"snoU13.262",2,0,4,6,33.3333333333333,2
"snoU13.269",2,0,3,5,40,2
"snoU13.279",2,0,3,5,40,2
"snoU13.29",2,0,8,10,20,2
"snoU13.305",2,0,4,6,33.3333333333333,2
"snoU13.329",2,1,5,8,25,3
"snoU13.334",2,0,2,4,50,2
"snoU13.364",2,0,0,2,100,2
"snoU13.404",2,0,9,11,18.1818181818182,2
"snoU13.444",2,0,10,12,16.6666666666667,2
"snoU13.452",2,0,5,7,28.5714285714286,2
"snoU13.456",2,0,10,12,16.6666666666667,2
"snoU13.471",2,0,5,7,28.5714285714286,2
"snoU13.476",2,0,3,5,40,2
"snoU13.56",2,0,2,4,50,2
"snoU13.67",2,0,8,10,20,2
"snoU13.69",2,0,3,5,40,2
"snoU13.71",2,0,1,3,66.6666666666667,2
"snoU13.80",2,0,10,12,16.6666666666667,2
"snoU13.81",2,0,2,4,50,2
"snoU13.90",2,0,3,5,40,2
"snoZ6.2",2,0,0,2,100,2
"snR65.3",2,0,1,3,66.6666666666667,2
"SNRK",2,0,14,16,12.5,2
"SNRK-AS1",2,0,7,9,22.2222222222222,2
"SNRNP70",2,0,2,4,50,2
"SNRPA",2,1,9,12,16.6666666666667,3
"SNRPB",2,0,5,7,28.5714285714286,2
"SNRPB2",2,0,13,15,13.3333333333333,2
"SNRPD2",2,0,2,4,50,2
"SNTA1",2,0,2,4,50,2
"SOAT2",2,0,1,3,66.6666666666667,2
"SOCS1",2,0,7,9,22.2222222222222,2
"SOCS4",2,0,6,8,25,2
"SOCS5",2,0,2,4,50,2
"SOCS6",2,0,7,9,22.2222222222222,2
"SOCS7",2,0,1,3,66.6666666666667,2
"SOD3",2,0,5,7,28.5714285714286,2
"SOGA1",2,0,3,5,40,2
"SOWAHA",2,0,4,6,33.3333333333333,2
"SOX12",2,0,2,4,50,2
"SPAG1",2,0,7,9,22.2222222222222,2
"SPAG6",2,0,18,20,10,2
"SPAG7",2,0,5,7,28.5714285714286,2
"SPATA1",2,0,13,15,13.3333333333333,2
"SPATA24",2,0,4,6,33.3333333333333,2
"SPATA4",2,0,5,7,28.5714285714286,2
"SPATS2",2,0,5,7,28.5714285714286,2
"SPATS2L",2,0,13,15,13.3333333333333,2
"SPECC1L",2,0,0,2,100,2
"SPECC1L-ADORA2A",2,0,0,2,100,2
"SPEF1",2,0,4,6,33.3333333333333,2
"SPEG",2,0,7,9,22.2222222222222,2
"SPEN",2,0,5,7,28.5714285714286,2
"SPESP1",2,0,2,4,50,2
"SPHAR",2,0,2,4,50,2
"SPINK4",2,0,2,4,50,2
"SPINK6",2,0,2,4,50,2
"SPN",2,0,8,10,20,2
"SPOCK1",2,0,0,2,100,2
"SPPL2A",2,0,6,8,25,2
"SPRED1",2,0,12,14,14.2857142857143,2
"SPRYD4",2,0,0,2,100,2
"SPSB1",2,0,2,4,50,2
"SPTAN1",2,0,1,3,66.6666666666667,2
"SPTBN2",2,0,1,3,66.6666666666667,2
"SPTBN5",2,0,1,3,66.6666666666667,2
"SPZ1",2,0,2,4,50,2
"SRA1",2,0,6,8,25,2
"SRGAP3",2,1,7,10,20,3
"SRGAP3-AS1",2,0,5,7,28.5714285714286,2
"SRM",2,0,2,4,50,2
"SRRM1",2,0,14,16,12.5,2
"SRRM5",2,0,14,16,12.5,2
"SRSF10",2,0,4,6,33.3333333333333,2
"SRSF2",2,0,0,2,100,2
"SRSF6",2,0,7,9,22.2222222222222,2
"SRSF7",2,0,10,12,16.6666666666667,2
"SS18",2,0,5,7,28.5714285714286,2
"SSPO",2,0,4,6,33.3333333333333,2
"SSR4P1",2,0,4,6,33.3333333333333,2
"SSTR2",2,0,10,12,16.6666666666667,2
"ST3GAL5",2,0,4,6,33.3333333333333,2
"ST8SIA4",2,0,9,11,18.1818181818182,2
"STAB1",2,0,2,4,50,2
"STAG3",2,0,7,9,22.2222222222222,2
"STAG3L5P-PVRIG2P-PILRB",2,0,4,6,33.3333333333333,2
"STARD13",2,0,3,5,40,2
"STARD6",2,0,7,9,22.2222222222222,2
"STAT2",2,0,8,10,20,2
"STAT5A",2,1,4,7,28.5714285714286,3
"STAU1",2,0,3,5,40,2
"STIM1",2,0,14,16,12.5,2
"STK10",2,0,1,3,66.6666666666667,2
"STK16",2,0,8,10,20,2
"STK3",2,1,8,11,18.1818181818182,3
"STMN4",2,0,3,5,40,2
"STOX2",2,0,6,8,25,2
"STRA8",2,0,6,8,25,2
"STRIP1",2,0,4,6,33.3333333333333,2
"STRN",2,0,3,5,40,2
"STX11",2,0,3,5,40,2
"STX7",2,0,11,13,15.3846153846154,2
"SUMO3",2,0,1,3,66.6666666666667,2
"SUMO4",2,0,9,11,18.1818181818182,2
"SUN3",2,0,5,7,28.5714285714286,2
"SUPT4H1",2,0,5,7,28.5714285714286,2
"SUPT5H",2,0,4,6,33.3333333333333,2
"SUPT6H",2,0,1,3,66.6666666666667,2
"SURF1",2,0,2,4,50,2
"SURF2",2,0,2,4,50,2
"SURF4",2,0,1,3,66.6666666666667,2
"SURF6",2,0,1,3,66.6666666666667,2
"SWT1",2,0,8,10,20,2
"SYBU",2,0,8,10,20,2
"SYCP2L",2,1,7,10,20,3
"SYCP3",2,0,6,8,25,2
"SYNE1-AS1",2,0,14,16,12.5,2
"SYNGR2",2,0,1,3,66.6666666666667,2
"SYT13",2,0,1,3,66.6666666666667,2
"SYT17",2,0,10,12,16.6666666666667,2
"SYT5",2,0,4,6,33.3333333333333,2
"SYT6",2,0,1,3,66.6666666666667,2
"SZT2",2,0,3,5,40,2
"TACR1",2,0,15,17,11.7647058823529,2
"TADA1",2,0,3,5,40,2
"TADA2B",2,0,7,9,22.2222222222222,2
"TAGLN2",2,0,3,5,40,2
"TAL1",2,1,12,15,13.3333333333333,3
"TANGO6",2,0,1,3,66.6666666666667,2
"TARBP1",2,0,3,5,40,2
"TARS2",2,0,8,10,20,2
"TATDN1",2,0,7,9,22.2222222222222,2
"TATDN2",2,0,3,5,40,2
"TAX1BP1",2,0,9,11,18.1818181818182,2
"TBC1D10C",2,0,3,5,40,2
"TBC1D2B",2,0,10,12,16.6666666666667,2
"TBC1D32",2,1,10,13,15.3846153846154,3
"TBC1D4-AS1",2,0,2,4,50,2
"TBRG4",2,0,4,6,33.3333333333333,2
"TBX1",2,0,3,5,40,2
"TCEB1",2,2,12,16,12.5,4
"TCF3",2,0,3,5,40,2
"TCF7L1",2,0,16,18,11.1111111111111,2
"TCFL5",2,0,1,3,66.6666666666667,2
"TCP11L2",2,0,14,16,12.5,2
"TCTA",2,1,5,8,25,3
"TCTEX1D1",2,0,5,7,28.5714285714286,2
"TDRD1",2,0,3,5,40,2
"TEDDM1",2,1,9,12,16.6666666666667,3
"TENC1",2,0,0,2,100,2
"TERT",2,0,3,5,40,2
"TESK1",2,0,2,4,50,2
"TEX33",2,0,7,9,22.2222222222222,2
"TEX40",2,0,1,3,66.6666666666667,2
"TFAM",2,0,4,6,33.3333333333333,2
"TFAP2B",2,0,6,8,25,2
"TFB2M",2,0,3,5,40,2
"TFEC",2,0,10,12,16.6666666666667,2
"TFF3",2,0,1,3,66.6666666666667,2
"TFG",2,0,7,9,22.2222222222222,2
"TFPI2",2,0,6,8,25,2
"TGFB2",2,0,11,13,15.3846153846154,2
"TGM1",2,0,11,13,15.3846153846154,2
"THBS1",2,0,22,24,8.33333333333333,2
"THBS4",2,1,8,11,18.1818181818182,3
"THEM6",2,0,2,4,50,2
"THRSP",2,0,8,10,20,2
"TIAF1",2,0,5,7,28.5714285714286,2
"TICAM1",2,0,0,2,100,2
"TIGD6",2,0,9,11,18.1818181818182,2
"TIMM10B",2,0,31,33,6.06060606060606,2
"TIMM44",2,0,3,5,40,2
"TIMM8B",2,0,10,12,16.6666666666667,2
"TIMMDC1",2,0,9,11,18.1818181818182,2
"TINAGL1",2,0,2,4,50,2
"TLCD2",2,0,0,2,100,2
"TLR3",2,0,8,10,20,2
"TM4SF19",2,0,5,7,28.5714285714286,2
"TM9SF4",2,0,5,7,28.5714285714286,2
"TMA7",2,0,8,10,20,2
"TMC3",2,0,2,4,50,2
"TMCO1",2,0,13,15,13.3333333333333,2
"TMED8",2,0,10,12,16.6666666666667,2
"TMEM100",2,0,3,5,40,2
"TMEM132A",2,0,4,6,33.3333333333333,2
"TMEM139",2,0,10,12,16.6666666666667,2
"TMEM147",2,0,5,7,28.5714285714286,2
"TMEM14B",2,0,4,6,33.3333333333333,2
"TMEM151B",2,0,9,11,18.1818181818182,2
"TMEM163",2,0,5,7,28.5714285714286,2
"TMEM18",2,0,7,9,22.2222222222222,2
"TMEM184C",2,1,8,11,18.1818181818182,3
"TMEM194A",2,0,10,12,16.6666666666667,2
"TMEM198",2,1,12,15,13.3333333333333,3
"TMEM198B",2,0,0,2,100,2
"TMEM206",2,0,4,6,33.3333333333333,2
"TMEM208",2,0,1,3,66.6666666666667,2
"TMEM212",2,0,9,11,18.1818181818182,2
"TMEM229B",2,0,5,7,28.5714285714286,2
"TMEM230",2,0,9,11,18.1818181818182,2
"TMEM248",2,0,7,9,22.2222222222222,2
"TMEM44-AS1",2,0,7,9,22.2222222222222,2
"TMEM5",2,1,7,10,20,3
"TMEM63C",2,0,5,7,28.5714285714286,2
"TMEM66",2,0,10,12,16.6666666666667,2
"TMEM70",2,2,12,16,12.5,4
"TMEM95",2,0,6,8,25,2
"TMOD3",2,0,1,3,66.6666666666667,2
"TMPPE",2,0,6,8,25,2
"TMPRSS4",2,0,7,9,22.2222222222222,2
"TMUB2",2,0,1,3,66.6666666666667,2
"TMX3",2,0,4,6,33.3333333333333,2
"TNFAIP3",2,0,4,6,33.3333333333333,2
"TNFAIP8L2",2,0,1,3,66.6666666666667,2
"TNFRSF13C",2,0,0,2,100,2
"TNFRSF19",2,0,6,8,25,2
"TNFSF13",2,0,2,4,50,2
"TNFSF4",2,0,5,7,28.5714285714286,2
"TNR",2,0,7,9,22.2222222222222,2
"TOMM20",2,1,10,13,15.3846153846154,3
"TOP3A",2,0,4,6,33.3333333333333,2
"TOR1A",2,0,5,7,28.5714285714286,2
"TOR3A",2,0,7,9,22.2222222222222,2
"TOX4",2,0,2,4,50,2
"TP53I3",2,0,3,5,40,2
"TP53INP1",2,1,16,19,10.5263157894737,3
"TPCN1",2,0,10,12,16.6666666666667,2
"TPD52",2,0,5,7,28.5714285714286,2
"TPP1",2,0,13,15,13.3333333333333,2
"TPR",2,0,11,13,15.3846153846154,2
"TPRA1",2,0,2,4,50,2
"TRADD",2,0,6,8,25,2
"TRAF5",2,0,3,5,40,2
"TRAF6",2,0,8,10,20,2
"TRAIP",2,0,3,5,40,2
"TRAPPC11",2,0,9,11,18.1818181818182,2
"TRAPPC12",2,0,1,3,66.6666666666667,2
"TRAPPC2P1",2,1,17,20,10,3
"TRAT1",2,0,4,6,33.3333333333333,2
"TREM1",2,0,5,7,28.5714285714286,2
"TREM2",2,0,3,5,40,2
"TRIAP1",2,0,4,6,33.3333333333333,2
"TRIM11",2,0,3,5,40,2
"TRIM14",2,0,8,10,20,2
"TRIM56",2,0,2,4,50,2
"TRIM58",2,0,2,4,50,2
"TRIM59",2,0,7,9,22.2222222222222,2
"TRMT112",2,0,1,3,66.6666666666667,2
"TRMT12",2,0,0,2,100,2
"TRMT1L",2,0,8,10,20,2
"TRMT2A",2,0,3,5,40,2
"TRMT6",2,0,7,9,22.2222222222222,2
"TRMU",2,0,3,5,40,2
"TRPV5",2,0,8,10,20,2
"TRRAP",2,0,10,12,16.6666666666667,2
"TSACC",2,0,3,5,40,2
"TSC22D1",2,0,18,20,10,2
"TSHR",2,0,18,20,10,2
"TSLP",2,0,5,7,28.5714285714286,2
"TSPAN12",2,0,0,2,100,2
"TSPAN3",2,0,12,14,14.2857142857143,2
"TSPAN32",2,0,0,2,100,2
"TSPAN9",2,0,3,5,40,2
"TSSC1",2,0,1,3,66.6666666666667,2
"TTC12",2,0,13,15,13.3333333333333,2
"TTC17",2,0,16,18,11.1111111111111,2
"TTC24",2,0,0,2,100,2
"TTC38",2,0,2,4,50,2
"TTC7A",2,0,1,3,66.6666666666667,2
"TTC9",2,0,3,5,40,2
"TTC9C",2,0,1,3,66.6666666666667,2
"TTL",2,0,5,7,28.5714285714286,2
"TTLL1",2,0,2,4,50,2
"TTLL11",2,0,4,6,33.3333333333333,2
"TTLL5",2,0,4,6,33.3333333333333,2
"TUBA1A",2,0,2,4,50,2
"TUBA8",2,0,3,5,40,2
"TUBAL3",2,0,6,8,25,2
"TUG1",2,0,4,6,33.3333333333333,2
"TULP2",2,0,6,8,25,2
"TWISTNB",2,1,7,10,20,3
"TXNDC12",2,0,5,7,28.5714285714286,2
"TXNDC15",2,0,9,11,18.1818181818182,2
"TXNRD3NB",2,0,3,5,40,2
"U3.23",2,0,2,4,50,2
"U3.3",2,0,4,6,33.3333333333333,2
"U3.71",2,0,4,6,33.3333333333333,2
"U3.80",2,0,12,14,14.2857142857143,2
"U4.2",2,0,7,9,22.2222222222222,2
"U47924.31",2,0,3,5,40,2
"U62631.5",2,0,3,5,40,2
"U8.14",2,0,11,13,15.3846153846154,2
"U8.21",2,0,9,11,18.1818181818182,2
"UBA52",2,0,1,3,66.6666666666667,2
"UBAP2",2,0,2,4,50,2
"UBASH3A",2,0,0,2,100,2
"UBE2C",2,0,8,10,20,2
"UBE2D1",2,0,5,7,28.5714285714286,2
"UBE2E1",2,0,4,6,33.3333333333333,2
"UBE2E1-AS1",2,0,4,6,33.3333333333333,2
"UBE2F",2,0,10,12,16.6666666666667,2
"UBE2F-SCLY",2,0,10,12,16.6666666666667,2
"UBE2G2",2,0,3,5,40,2
"UBE2O",2,0,4,6,33.3333333333333,2
"UBQLN1",2,0,8,10,20,2
"UCN3",2,0,5,7,28.5714285714286,2
"UFD1L",2,0,5,7,28.5714285714286,2
"UFM1",2,0,13,15,13.3333333333333,2
"UGT1A4",2,0,6,8,25,2
"UNC119B",2,0,10,12,16.6666666666667,2
"UNC13A",2,0,5,7,28.5714285714286,2
"UNC45A",2,0,6,8,25,2
"UNC93A",2,0,2,4,50,2
"UOX",2,1,17,20,10,3
"UPP2",2,0,6,8,25,2
"USH1C",2,0,3,5,40,2
"USMG5",2,0,2,4,50,2
"USP12-AS1",2,0,3,5,40,2
"USP18",2,0,3,5,40,2
"USP24",2,0,14,16,12.5,2
"USP29",2,0,3,5,40,2
"USP32",2,0,5,7,28.5714285714286,2
"USP33",2,1,2,5,40,3
"USP34",2,0,10,12,16.6666666666667,2
"USP4",2,0,1,3,66.6666666666667,2
"USP47",2,0,7,9,22.2222222222222,2
"USP54",2,0,7,9,22.2222222222222,2
"UTP23",2,0,1,3,66.6666666666667,2
"VAMP4",2,0,7,9,22.2222222222222,2
"VAPA",2,0,4,6,33.3333333333333,2
"VARS2",2,0,5,7,28.5714285714286,2
"VASP",2,0,11,13,15.3846153846154,2
"VAV2",2,0,5,7,28.5714285714286,2
"VCAN",2,0,6,8,25,2
"VCL",2,0,3,5,40,2
"VGLL4",2,0,3,5,40,2
"VIL1",2,0,8,10,20,2
"VIPAS39",2,0,10,12,16.6666666666667,2
"VIPR1",2,0,9,11,18.1818181818182,2
"VIPR1-AS1",2,0,6,8,25,2
"VN1R1",2,0,17,19,10.5263157894737,2
"VNN1",2,0,6,8,25,2
"VPRBP",2,0,8,10,20,2
"VPS18",2,0,4,6,33.3333333333333,2
"VPS26A",2,1,4,7,28.5714285714286,3
"VPS37B",2,0,2,4,50,2
"VPS37D",2,0,12,14,14.2857142857143,2
"VPS41",2,0,5,7,28.5714285714286,2
"VPS45",2,0,19,21,9.52380952380952,2
"VPS52",2,0,1,3,66.6666666666667,2
"VPS53",2,0,6,8,25,2
"VSTM2L",2,0,2,4,50,2
"VTI1B",2,0,3,5,40,2
"VWA5A",2,0,4,6,33.3333333333333,2
"VWA5B2",2,0,4,6,33.3333333333333,2
"WAPAL",2,0,11,13,15.3846153846154,2
"WASF1",2,0,2,4,50,2
"WBP4",2,0,4,6,33.3333333333333,2
"WDFY2",2,0,10,12,16.6666666666667,2
"WDHD1",2,0,6,8,25,2
"WDPCP",2,0,2,4,50,2
"WDR17",2,0,2,4,50,2
"WDR20",2,0,3,5,40,2
"WDR46",2,0,0,2,100,2
"WDR48",2,0,3,5,40,2
"WDR54",2,0,5,7,28.5714285714286,2
"WDR75",2,0,2,4,50,2
"WDR88",2,0,5,7,28.5714285714286,2
"WIPF2",2,0,2,4,50,2
"WIPI2",2,0,3,5,40,2
"WISP3",2,0,6,8,25,2
"WNK2",2,0,2,4,50,2
"WNT6",2,0,8,10,20,2
"WRNIP1",2,0,11,13,15.3846153846154,2
"WSCD1",2,0,5,7,28.5714285714286,2
"WTAP",2,0,8,10,20,2
"WWP1",2,0,7,9,22.2222222222222,2
"XPNPEP3",2,0,2,4,50,2
"XPO4",2,0,3,5,40,2
"XPO5",2,0,3,5,40,2
"XPR1",2,0,2,4,50,2
"XRCC1",2,0,14,16,12.5,2
"XRCC6BP1",2,0,1,3,66.6666666666667,2
"XRN1",2,0,4,6,33.3333333333333,2
"XXYLT1-AS2",2,0,8,10,20,2
"XYLT2",2,0,4,6,33.3333333333333,2
"Y_RNA.129",2,0,13,15,13.3333333333333,2
"Y_RNA.242",2,0,18,20,10,2
"Y_RNA.254",2,0,2,4,50,2
"Y_RNA.279",2,0,1,3,66.6666666666667,2
"Y_RNA.356",2,0,4,6,33.3333333333333,2
"Y_RNA.389",2,0,7,9,22.2222222222222,2
"Y_RNA.49",2,0,2,4,50,2
"Y_RNA.508",2,0,1,3,66.6666666666667,2
"Y_RNA.528",2,0,0,2,100,2
"Y_RNA.540",2,0,4,6,33.3333333333333,2
"Y_RNA.588",2,0,7,9,22.2222222222222,2
"Y_RNA.61",2,0,9,11,18.1818181818182,2
"YAE1D1",2,0,3,5,40,2
"YAF2",2,0,9,11,18.1818181818182,2
"YARS2",2,0,3,5,40,2
"YBX2",2,0,5,7,28.5714285714286,2
"YDJC",2,0,2,4,50,2
"YEATS2",2,0,7,9,22.2222222222222,2
"YIF1B",2,0,6,8,25,2
"YPEL5",2,0,10,12,16.6666666666667,2
"yR211F11.2",2,0,9,11,18.1818181818182,2
"YTHDC1",2,0,10,12,16.6666666666667,2
"Z82214.2",2,0,2,4,50,2
"Z99756.1",2,0,2,4,50,2
"ZBBX",2,0,1,3,66.6666666666667,2
"ZBTB38",2,0,6,8,25,2
"ZBTB45",2,0,2,4,50,2
"ZBTB47",2,0,0,2,100,2
"ZC2HC1A",2,2,6,10,20,4
"ZC3H12D",2,0,11,13,15.3846153846154,2
"ZC3H7A",2,0,3,5,40,2
"ZCCHC6",2,1,6,9,22.2222222222222,3
"ZCRB1",2,0,7,9,22.2222222222222,2
"ZDHHC12",2,0,0,2,100,2
"ZEB2",2,0,11,13,15.3846153846154,2
"ZFAND2A",2,0,2,4,50,2
"ZFAND2B",2,0,8,10,20,2
"ZFAND6",2,0,10,12,16.6666666666667,2
"ZFP30",2,1,2,5,40,3
"ZFPL1",2,0,2,4,50,2
"ZFPM2",2,0,5,7,28.5714285714286,2
"ZGLP1",2,0,1,3,66.6666666666667,2
"ZIC2",2,0,9,11,18.1818181818182,2
"ZIC5",2,0,9,11,18.1818181818182,2
"ZKSCAN1",2,0,9,11,18.1818181818182,2
"ZKSCAN3",2,0,14,16,12.5,2
"ZKSCAN4",2,0,10,12,16.6666666666667,2
"ZMYM6NB",2,0,7,9,22.2222222222222,2
"ZNF134",2,0,15,17,11.7647058823529,2
"ZNF142",2,1,10,13,15.3846153846154,3
"ZNF143",2,0,2,4,50,2
"ZNF165",2,0,12,14,14.2857142857143,2
"ZNF177",2,1,18,21,9.52380952380952,3
"ZNF19",2,0,7,9,22.2222222222222,2
"ZNF197",2,0,4,6,33.3333333333333,2
"ZNF200",2,0,5,7,28.5714285714286,2
"ZNF222",2,0,29,31,6.45161290322581,2
"ZNF223",2,0,31,33,6.06060606060606,2
"ZNF230",2,1,12,15,13.3333333333333,3
"ZNF24",2,1,11,14,14.2857142857143,3
"ZNF263",2,0,4,6,33.3333333333333,2
"ZNF292",2,0,8,10,20,2
"ZNF302",2,0,3,5,40,2
"ZNF329",2,0,25,27,7.40740740740741,2
"ZNF331",2,2,8,12,16.6666666666667,4
"ZNF333",2,0,1,3,66.6666666666667,2
"ZNF337-AS1",2,0,6,8,25,2
"ZNF35",2,0,0,2,100,2
"ZNF350",2,0,23,25,8,2
"ZNF382",2,0,19,21,9.52380952380952,2
"ZNF383",2,0,8,10,20,2
"ZNF385C",2,0,6,8,25,2
"ZNF397",2,1,12,15,13.3333333333333,3
"ZNF428",2,0,18,20,10,2
"ZNF433",2,1,12,15,13.3333333333333,3
"ZNF471",2,1,10,13,15.3846153846154,3
"ZNF491",2,0,8,10,20,2
"ZNF496",2,0,4,6,33.3333333333333,2
"ZNF501",2,0,2,4,50,2
"ZNF507",2,0,2,4,50,2
"ZNF529",2,0,19,21,9.52380952380952,2
"ZNF547",2,1,17,20,10,3
"ZNF548",2,0,14,16,12.5,2
"ZNF550",2,1,11,14,14.2857142857143,3
"ZNF556",2,0,1,3,66.6666666666667,2
"ZNF559",2,1,18,21,9.52380952380952,3
"ZNF559-ZNF177",2,1,18,21,9.52380952380952,3
"ZNF575",2,1,14,17,11.7647058823529,3
"ZNF576",2,0,14,16,12.5,2
"ZNF592",2,0,9,11,18.1818181818182,2
"ZNF605",2,0,2,4,50,2
"ZNF606",2,0,9,11,18.1818181818182,2
"ZNF623",2,0,1,3,66.6666666666667,2
"ZNF625",2,0,4,6,33.3333333333333,2
"ZNF625-ZNF20",2,0,4,6,33.3333333333333,2
"ZNF629",2,0,6,8,25,2
"ZNF649",2,0,16,18,11.1111111111111,2
"ZNF660",2,0,4,6,33.3333333333333,2
"ZNF671",2,0,7,9,22.2222222222222,2
"ZNF672",2,0,3,5,40,2
"ZNF749",2,0,5,7,28.5714285714286,2
"ZNF76",2,0,0,2,100,2
"ZNF781",2,1,0,3,66.6666666666667,3
"ZNF793",2,0,10,12,16.6666666666667,2
"ZNF852",2,0,2,4,50,2
"ZNF862",2,0,4,6,33.3333333333333,2
"ZNF92",2,0,5,7,28.5714285714286,2
"ZNHIT3",2,0,5,7,28.5714285714286,2
"ZNHIT6",2,0,2,4,50,2
"ZNRF4",2,0,5,7,28.5714285714286,2
"ZP1",2,0,3,5,40,2
"ZP2",2,0,4,6,33.3333333333333,2
"ZRANB1",2,0,4,6,33.3333333333333,2
"ZRANB3",2,0,6,8,25,2
"ZSCAN31",2,0,14,16,12.5,2
"ZSWIM2",2,0,1,3,66.6666666666667,2
