"","nb_enhancer_hyper","nb_enhancer_hypo","nb_enhancer_unchanged","total_enhancers","percent_hyper","DM"
"HNMT",24,14,90,128,18.75,38
"PLEKHB2",21,6,74,101,20.7920792079208,27
"ZFP36L2",19,4,41,64,29.6875,23
"AC010883.5",18,8,57,83,21.6867469879518,26
"MED13L",17,12,61,90,18.8888888888889,29
"PRKCH",17,3,45,65,26.1538461538462,20
"CAPZB",15,1,21,37,40.5405405405405,16
"NBL1",15,1,27,43,34.8837209302326,16
"PPID",15,6,53,74,20.2702702702703,21
"RNU6-958P",15,2,36,53,28.3018867924528,17
"AC142528.1",14,3,66,83,16.8674698795181,17
"ADI1",14,3,66,83,16.8674698795181,17
"BHLHE40",14,1,29,44,31.8181818181818,15
"BHLHE40-AS1",14,1,29,44,31.8181818181818,15
"CUX1",14,4,30,48,29.1666666666667,18
"EFCAB12",14,1,22,37,37.8378378378378,15
"FAM43A",14,2,36,52,26.9230769230769,16
"LSG1",14,2,29,45,31.1111111111111,16
"MIR1302",14,5,17,36,38.8888888888889,19
"RAPGEF2",14,4,29,47,29.7872340425532,18
"ARRDC3",13,3,36,52,25,16
"C4orf45",13,4,17,34,38.2352941176471,17
"DNAJB9",13,8,54,75,17.3333333333333,21
"MYL12B",13,3,49,65,20,16
"PNPLA8",13,8,54,75,17.3333333333333,21
"RP13-270P17.1",13,3,49,65,20,16
"SERPINB1",13,2,22,37,35.1351351351351,15
"SNORA76",13,0,35,48,27.0833333333333,13
"SNORD104",13,0,35,48,27.0833333333333,13
"THAP5",13,8,54,75,17.3333333333333,21
"CHD1",12,27,97,136,8.82352941176471,39
"CTD-2007H13.3",12,25,92,129,9.30232558139535,37
"HMGCS1",12,8,33,53,22.6415094339623,20
"RNU2-38P",12,5,62,79,15.1898734177215,17
"SIRT5",12,2,28,42,28.5714285714286,14
"SLC25A3",12,14,59,85,14.1176470588235,26
"TNS3",12,0,58,70,17.1428571428571,12
"AC097721.2",11,9,37,57,19.2982456140351,20
"AC105247.1",11,1,23,35,31.4285714285714,12
"ACBD6",11,2,34,47,23.4042553191489,13
"AGPAT5",11,4,58,73,15.0684931506849,15
"BRSK1",11,2,29,42,26.1904761904762,13
"C7orf65",11,0,56,67,16.4179104477612,11
"C7orf69",11,0,39,50,22,11
"CABLES1",11,1,23,35,31.4285714285714,12
"CD47",11,9,62,82,13.4146341463415,20
"CMPK2",11,2,43,56,19.6428571428571,13
"CTD-2541M15.1",11,4,58,73,15.0684931506849,15
"DUSP5",11,14,95,120,9.16666666666667,25
"EGOT",11,3,38,52,21.1538461538462,14
"ETS2",11,0,46,57,19.2982456140351,11
"FGF18",11,2,22,35,31.4285714285714,13
"FNDC3B",11,6,50,67,16.4179104477612,17
"LINC01011",11,1,22,34,32.3529411764706,12
"MGAT5",11,5,38,54,20.3703703703704,16
"MINOS1",11,1,18,30,36.6666666666667,12
"MINOS1-NBL1",11,1,18,30,36.6666666666667,12
"MSL1",11,1,26,38,28.9473684210526,12
"NCOA2",11,7,28,46,23.9130434782609,18
"NQO2",11,1,22,34,32.3529411764706,12
"RNU4ATAC14P",11,4,53,68,16.1764705882353,15
"RNU6-1142P",11,3,29,43,25.5813953488372,14
"RNU6-70P",11,2,20,33,33.3333333333333,13
"RP11-525A16.4",11,14,95,120,9.16666666666667,25
"RP5-1056L3.1",11,1,18,30,36.6666666666667,12
"SLC25A13",11,2,7,20,55,13
"SLC38A6",11,3,21,35,31.4285714285714,14
"SNORA1.1",11,5,28,44,25,16
"SPOPL",11,9,37,57,19.2982456140351,20
"SRCAP",11,4,18,33,33.3333333333333,15
"SYNCRIP",11,8,35,54,20.3703703703704,19
"TRMT5",11,3,21,35,31.4285714285714,14
"TXNIP",11,2,31,44,25,13
"UBE2Q1",11,3,34,48,22.9166666666667,14
"Y_RNA.403",11,3,29,43,25.5813953488372,14
"ADAM30",10,3,49,62,16.1290322580645,13
"ANKRD35",10,2,41,53,18.8679245283019,12
"CBX3",10,3,25,38,26.3157894736842,13
"CDK4",10,3,28,41,24.390243902439,13
"CDNF",10,0,28,38,26.3157894736842,10
"CXCR4",10,2,22,34,29.4117647058824,12
"FUS",10,1,30,41,24.390243902439,11
"GPR84",10,0,20,30,33.3333333333333,10
"HIST1H2AD",10,2,63,75,13.3333333333333,12
"HIST1H3D",10,2,63,75,13.3333333333333,12
"HNRNPA2B1",10,3,25,38,26.3157894736842,13
"HSPA14",10,0,28,38,26.3157894736842,10
"IFT122",10,2,20,32,31.25,12
"LARS2-AS1",10,3,24,37,27.027027027027,13
"LYN",10,5,26,41,24.390243902439,15
"MARCH9",10,3,34,47,21.2765957446809,13
"MBD4",10,2,20,32,31.25,12
"MIR148B",10,0,17,27,37.037037037037,10
"MSL2",10,5,32,47,21.2765957446809,15
"PEX11B",10,2,36,48,20.8333333333333,12
"PLXND1",10,1,20,31,32.258064516129,11
"PYGB",10,3,22,35,28.5714285714286,13
"RHO",10,0,16,26,38.4615384615385,10
"RP1-43E13.2",10,3,28,41,24.390243902439,13
"RP11-350N15.5",10,6,57,73,13.6986301369863,16
"RP11-388M20.6",10,1,30,41,24.390243902439,11
"RP11-398C13.6",10,0,30,40,25,10
"RP11-872D17.8",10,4,43,57,17.5438596491228,14
"RPS7",10,3,51,64,15.625,13
"RSAD2",10,2,32,44,22.7272727272727,12
"SLC43A1",10,0,26,36,27.7777777777778,10
"SLC43A3",10,4,43,57,17.5438596491228,14
"SND1",10,7,40,57,17.5438596491228,17
"SUV39H2",10,0,30,40,25,10
"TAOK3",10,6,15,31,32.258064516129,16
"TIMM10",10,3,41,54,18.5185185185185,13
"TMPO",10,5,34,49,20.4081632653061,15
"TMPO-AS1",10,5,34,49,20.4081632653061,15
"UBE2Q1-AS1",10,3,34,47,21.2765957446809,13
"UBR4",10,3,28,41,24.390243902439,13
"WHSC1L1",10,6,57,73,13.6986301369863,16
"ZNF385A",10,0,14,24,41.6666666666667,10
"ZNF697",10,4,50,64,15.625,14
"AC006042.7",9,7,33,49,18.3673469387755,16
"AC007163.6",9,2,11,22,40.9090909090909,11
"AC007879.5",9,3,10,22,40.9090909090909,12
"AC018816.3",9,2,18,29,31.0344827586207,11
"AC026202.1",9,1,12,22,40.9090909090909,10
"AC026202.3",9,1,12,22,40.9090909090909,10
"AGAP2",9,4,25,38,23.6842105263158,13
"ANKRD46",9,3,17,29,31.0344827586207,12
"APAF1",9,9,44,62,14.5161290322581,18
"ATG13",9,1,11,21,42.8571428571429,10
"ATP6V0A1",9,3,16,28,32.1428571428571,12
"BZW1",9,2,11,22,40.9090909090909,11
"CCNB1IP1",9,2,25,36,25,11
"CDR2",9,4,22,35,25.7142857142857,13
"CHD4",9,4,23,36,25,13
"CNNM2",9,3,23,35,25.7142857142857,12
"CREB1",9,3,10,22,40.9090909090909,12
"CTD-2061E19.1",9,2,20,31,29.0322580645161,11
"CTD-2061E19.6",9,2,20,31,29.0322580645161,11
"CTD-2256P15.2",9,4,51,64,14.0625,13
"CTDSP2",9,6,23,38,23.6842105263158,15
"DAD1",9,0,23,32,28.125,9
"DMAP1",9,0,26,35,25.7142857142857,9
"EDEM1",9,1,12,22,40.9090909090909,10
"EPAS1",9,0,12,21,42.8571428571429,9
"FAM114A2",9,0,21,30,30,9
"FAM168B",9,3,43,55,16.3636363636364,12
"FOS",9,5,49,63,14.2857142857143,14
"FOXN3",9,1,25,35,25.7142857142857,10
"GLCCI1",9,7,33,49,18.3673469387755,16
"GNRHR2",9,2,32,43,20.9302325581395,11
"GPD2",9,4,23,36,25,13
"HARBI1",9,1,11,21,42.8571428571429,10
"HEBP1",9,1,30,40,22.5,10
"HIF1A",9,1,50,60,15,10
"HIF1A-AS1",9,1,50,60,15,10
"HIST1H1B",9,4,56,69,13.0434782608696,13
"HIST1H2APS4",9,1,43,53,16.9811320754717,10
"HIST1H2BI",9,1,43,53,16.9811320754717,10
"HIST1H3G",9,1,43,53,16.9811320754717,10
"HIST1H4L",9,3,49,61,14.7540983606557,12
"HTR6",9,0,15,24,37.5,9
"HTR7P1",9,1,30,40,22.5,10
"IKBIP",9,9,44,62,14.5161290322581,18
"IRF2BP2",9,6,51,66,13.6363636363636,15
"ITGA5",9,0,10,19,47.3684210526316,9
"LINC00525",9,0,35,44,20.4545454545455,9
"LINC01116",9,0,6,15,60,9
"LINC01117",9,0,6,15,60,9
"MARCH6",9,4,51,64,14.0625,13
"MESP1",9,2,23,34,26.4705882352941,11
"MFAP3",9,0,21,30,30,9
"MSMO1",9,5,58,72,12.5,14
"NEK9",9,4,56,69,13.0434782608696,13
"NOP2",9,3,23,35,25.7142857142857,12
"NPR1",9,1,18,28,32.1428571428571,10
"NUMB",9,2,29,40,22.5,11
"PFDN5",9,3,21,33,27.2727272727273,12
"PIAS3",9,2,19,30,30,11
"POLR1A",9,2,29,40,22.5,11
"PRSS36",9,1,29,39,23.0769230769231,10
"PTCD3",9,2,29,40,22.5,11
"PTPN18",9,1,28,38,23.6842105263158,10
"PTRF",9,1,22,32,28.125,10
"RBM8A",9,1,30,40,22.5,10
"REG4",9,3,45,57,15.7894736842105,12
"RHOG",9,6,28,43,20.9302325581395,15
"RNU6-398P",9,1,12,22,40.9090909090909,10
"RNU7-50P",9,4,15,28,32.1428571428571,13
"RP11-131L12.2",9,6,18,33,27.2727272727273,15
"RP11-21M24.2",9,4,22,35,25.7142857142857,13
"RP11-293M10.1",9,4,34,47,19.1489361702128,13
"RP11-293M10.2",9,4,46,59,15.2542372881356,13
"RP11-315I20.1",9,1,30,40,22.5,10
"RP11-377D9.3",9,1,30,40,22.5,10
"RP11-620J15.1",9,4,16,29,31.0344827586207,13
"RP11-724N1.1",9,3,23,35,25.7142857142857,12
"RP11-753H16.3",9,0,10,19,47.3684210526316,9
"RP11-950C14.7",9,4,56,69,13.0434782608696,13
"RP4-781K5.2",9,6,51,66,13.6363636363636,15
"RPL28",9,2,20,31,29.0322580645161,11
"SMNDC1",9,12,84,105,8.57142857142857,21
"SNORD112.24",9,1,10,20,45,10
"SNORD126",9,1,28,38,23.6842105263158,10
"SNX14",9,15,61,85,10.5882352941176,24
"STXBP5",9,2,15,26,34.6153846153846,11
"STXBP5-AS1",9,2,15,26,34.6153846153846,11
"SUDS3",9,6,18,33,27.2727272727273,15
"TMEM114",9,4,41,54,16.6666666666667,13
"TMEM238",9,2,20,31,29.0322580645161,11
"XXYLT1",9,2,27,38,23.6842105263158,11
"ZPLD1",9,3,23,35,25.7142857142857,12
"AAAS",8,3,21,32,25,11
"AC004854.4",8,2,18,28,28.5714285714286,10
"AC010170.1",8,0,17,25,32,8
"AC011290.4",8,1,6,15,53.3333333333333,9
"AC021188.4",8,6,59,73,10.958904109589,14
"AC084368.1",8,1,7,16,50,9
"AC093415.2",8,1,12,21,38.0952380952381,9
"AC105053.3",8,5,22,35,22.8571428571429,13
"AC107993.1",8,2,14,24,33.3333333333333,10
"ACIN1",8,1,15,24,33.3333333333333,9
"AF129408.17",8,1,16,25,32,9
"AL163636.6",8,5,38,51,15.6862745098039,13
"AL583828.1",8,1,23,32,25,9
"ANG",8,5,38,51,15.6862745098039,13
"ANGPT2",8,5,43,56,14.2857142857143,13
"AP000662.4",8,3,26,37,21.6216216216216,11
"APLF",8,1,42,51,15.6862745098039,9
"ARFGEF2",8,0,23,31,25.8064516129032,8
"ARIH1",8,3,9,20,40,11
"ARL5B",8,6,31,45,17.7777777777778,14
"ARL5B-AS1",8,6,31,45,17.7777777777778,14
"ATP13A1",8,2,26,36,22.2222222222222,10
"AVIL",8,3,28,39,20.5128205128205,11
"BCL2",8,2,29,39,20.5128205128205,10
"C20orf195",8,0,12,20,40,8
"C2orf47",8,7,34,49,16.3265306122449,15
"C3orf80",8,0,8,16,50,8
"C7orf33",8,0,21,29,27.5862068965517,8
"C9orf50",8,3,30,41,19.5121951219512,11
"CBX5",8,0,10,18,44.4444444444444,8
"CCDC174",8,2,21,31,25.8064516129032,10
"CLP1",8,3,26,37,21.6216216216216,11
"CNIH4",8,3,24,35,22.8571428571429,11
"CSDE1",8,7,17,32,25,15
"CTDSPL",8,1,12,21,38.0952380952381,9
"CYP27B1",8,3,29,40,20,11
"DCLK3",8,1,24,33,24.2424242424242,9
"DHRS12",8,4,35,47,17.0212765957447,12
"DPH1",8,5,27,40,20,13
"FBXO33",8,8,19,35,22.8571428571429,16
"FBXO48",8,1,42,51,15.6862745098039,9
"FMNL1",8,2,23,33,24.2424242424242,10
"FOXN3-AS1",8,1,19,28,28.5714285714286,9
"GFOD1",8,1,23,32,25,9
"GFOD1-AS1",8,1,23,32,25,9
"H2AFV",8,2,18,28,28.5714285714286,10
"HAT1",8,0,2,10,80,8
"HIPK2",8,3,50,61,13.1147540983607,11
"HIST1H4H",8,0,50,58,13.7931034482759,8
"HIST1H4K",8,4,51,63,12.6984126984127,12
"HNRNPA1",8,0,10,18,44.4444444444444,8
"HOXA7",8,1,8,17,47.0588235294118,9
"hsa-mir.1",8,8,73,89,8.98876404494382,16
"HTATIP2",8,6,21,35,22.8571428571429,14
"IFFO1",8,3,27,38,21.0526315789474,11
"IL12A-AS1",8,0,8,16,50,8
"ITGA10",8,1,27,36,22.2222222222222,9
"MAML3",8,4,51,63,12.6984126984127,12
"MANF",8,0,13,21,38.0952380952381,8
"MAP1LC3B2",8,6,34,48,16.6666666666667,14
"MARCH3",8,8,41,57,14.0350877192982,16
"MEIG1",8,0,20,28,28.5714285714286,8
"MIR130A",8,3,30,41,19.5121951219512,11
"MIR591",8,0,3,11,72.7272727272727,8
"MPZL1",8,5,22,35,22.8571428571429,13
"NTMT1",8,3,30,41,19.5121951219512,11
"NUDCD3",8,2,37,47,17.0212765957447,10
"OPTC",8,4,23,35,22.8571428571429,12
"P2RX3",8,4,33,45,17.7777777777778,12
"PDHX",8,5,41,54,14.8148148148148,13
"PRDM1",8,8,48,64,12.5,16
"PSMC3IP",8,0,15,23,34.7826086956522,8
"PSMG1",8,1,16,25,32,9
"RAB13",8,3,23,34,23.5294117647059,11
"RAPGEFL1",8,1,21,30,26.6666666666667,9
"RHBDD2",8,4,49,61,13.1147540983607,12
"RN7SKP259",8,1,26,35,22.8571428571429,9
"RNA5SP382",8,3,23,34,23.5294117647059,11
"RNASE4",8,5,38,51,15.6862745098039,13
"RNF144A",8,1,30,39,20.5128205128205,9
"RNF144A-AS1",8,1,30,39,20.5128205128205,9
"RNU6-1043P",8,2,14,24,33.3333333333333,10
"RNU6-1280P",8,9,54,71,11.2676056338028,17
"RNU6-549P",8,2,12,22,36.3636363636364,10
"RP1-111D6.2",8,2,32,42,19.047619047619,10
"RP1-170O19.21",8,1,8,17,47.0588235294118,9
"RP11-1007O24.2",8,3,9,20,40,11
"RP11-1007O24.3",8,3,9,20,40,11
"RP11-146F11.1",8,2,14,24,33.3333333333333,10
"RP11-327P2.5",8,4,35,47,17.0212765957447,12
"RP11-382J12.1",8,1,16,25,32,9
"RP11-404F10.2",8,1,26,35,22.8571428571429,9
"RP11-422P24.9",8,3,23,34,23.5294117647059,11
"RP11-431I8.1",8,0,8,16,50,8
"RP11-47I22.2",8,2,39,49,16.3265306122449,10
"RP11-47I22.3",8,2,39,49,16.3265306122449,10
"RP11-481C4.1",8,4,44,56,14.2857142857143,12
"RP11-809C9.2",8,6,34,48,16.6666666666667,14
"RP11-968A15.8",8,0,10,18,44.4444444444444,8
"RP5-1022P6.5",8,6,31,45,17.7777777777778,14
"RPS18P1",8,6,31,45,17.7777777777778,14
"RPS27",8,3,23,34,23.5294117647059,11
"RTN4RL2",8,1,26,35,22.8571428571429,9
"RYBP",8,2,42,52,15.3846153846154,10
"SDE2",8,2,11,21,38.0952380952381,10
"SRMS",8,0,12,20,40,8
"SSRP1",8,4,33,45,17.7777777777778,12
"TBXAS1",8,3,50,61,13.1147540983607,11
"TEP1",8,3,23,34,23.5294117647059,11
"TM9SF1",8,1,33,42,19.047619047619,9
"TMED10",8,2,46,56,14.2857142857143,10
"TMEM158",8,0,17,25,32,8
"TRAM1",8,1,16,25,32,9
"TSFM",8,1,24,33,24.2424242424242,9
"TYW5",8,7,34,49,16.3265306122449,15
"U3.70",8,3,23,34,23.5294117647059,11
"U8.13",8,6,40,54,14.8148148148148,14
"XXYLT1-AS1",8,2,27,37,21.6216216216216,10
"YAE1D1",8,1,6,15,53.3333333333333,9
"YPEL4",8,3,26,37,21.6216216216216,11
"ZNF646",8,2,27,37,21.6216216216216,10
"ZNF668",8,1,24,33,24.2424242424242,9
"AC003075.4",7,4,19,30,23.3333333333333,11
"AC003104.1",7,2,17,26,26.9230769230769,9
"AC004458.1",7,0,2,9,77.7777777777778,7
"AC010327.2",7,2,20,29,24.1379310344828,9
"AC018470.1",7,3,11,21,33.3333333333333,10
"AC073934.6",7,3,27,37,18.9189189189189,10
"AC078883.3",7,2,13,22,31.8181818181818,9
"AC084219.4",7,8,32,47,14.8936170212766,15
"AC090952.5",7,2,21,30,23.3333333333333,9
"AC092669.1",7,3,15,25,28,10
"ACTB",7,0,15,22,31.8181818181818,7
"ADAM10",7,3,44,54,12.962962962963,10
"ADAMTS6",7,4,30,41,17.0731707317073,11
"ADD1",7,1,10,18,38.8888888888889,8
"AE000662.92",7,0,20,27,25.9259259259259,7
"AE000662.93",7,0,20,27,25.9259259259259,7
"AHR",7,4,19,30,23.3333333333333,11
"APIP",7,4,34,45,15.5555555555556,11
"ARGLU1",7,8,26,41,17.0731707317073,15
"ARHGAP22",7,0,28,35,20,7
"ARMC5",7,2,22,31,22.5806451612903,9
"BOLA3",7,3,24,34,20.5882352941176,10
"BOLA3-AS1",7,3,24,34,20.5882352941176,10
"BRD7",7,8,56,71,9.85915492957746,15
"BRPF1",7,5,28,40,17.5,12
"C14orf119",7,1,13,21,33.3333333333333,8
"C17orf107",7,0,11,18,38.8888888888889,7
"C6orf195",7,0,20,27,25.9259259259259,7
"CAHM",7,18,57,82,8.53658536585366,25
"CARD6",7,2,44,53,13.2075471698113,9
"CCDC182",7,0,10,17,41.1764705882353,7
"CCDC82",7,5,27,39,17.9487179487179,12
"CCND2",7,0,27,34,20.5882352941176,7
"CCND2-AS1",7,0,27,34,20.5882352941176,7
"CCND2-AS2",7,0,27,34,20.5882352941176,7
"CCNH",7,0,13,20,35,7
"CCT5",7,1,20,28,25,8
"CDC6",7,2,24,33,21.2121212121212,9
"CEP70",7,8,36,51,13.7254901960784,15
"CHIC2",7,0,16,23,30.4347826086957,7
"CHRNB2",7,3,19,29,24.1379310344828,10
"CHRNE",7,0,11,18,38.8888888888889,7
"CHSY1",7,4,35,46,15.2173913043478,11
"CMC1",7,0,13,20,35,7
"CMIP",7,0,54,61,11.4754098360656,7
"CNP",7,2,31,40,17.5,9
"CNTRL",7,4,32,43,16.2790697674419,11
"CORO1C",7,2,16,25,28,9
"CPSF2",7,1,25,33,21.2121212121212,8
"CREB3L4",7,2,16,25,28,9
"CREG1",7,1,19,27,25.9259259259259,8
"CTD-2020K17.1",7,2,23,32,21.875,9
"CTD-2186M15.3",7,7,22,36,19.4444444444444,14
"CTD-2256P15.1",7,1,20,28,25,8
"CUL3",7,2,16,25,28,9
"CYB5D1",7,0,18,25,28,7
"DNAH3",7,6,26,39,17.9487179487179,13
"DNASE2B",7,3,29,39,17.9487179487179,10
"DPCD",7,2,18,27,25.9259259259259,9
"EAPP",7,1,10,18,38.8888888888889,8
"EIF1B",7,4,30,41,17.0731707317073,11
"ELMOD3",7,2,11,20,35,9
"ELP4",7,0,8,15,46.6666666666667,7
"EPS8",7,4,17,28,25,11
"ERN1",7,0,9,16,43.75,7
"FAM173B",7,1,20,28,25,8
"FCAMR",7,2,22,31,22.5806451612903,9
"FCHSD2",7,1,8,16,43.75,8
"FGGY",7,5,80,92,7.60869565217391,12
"FMOD",7,2,18,27,25.9259259259259,9
"FNIP2",7,4,28,39,17.9487179487179,11
"GAB2",7,4,39,50,14,11
"GAPDH",7,3,30,40,17.5,10
"GAR1",7,1,14,22,31.8181818181818,8
"GATAD2B",7,2,14,23,30.4347826086957,9
"GOLPH3",7,7,22,36,19.4444444444444,14
"GSG1",7,0,13,20,35,7
"GTF2A1",7,4,48,59,11.864406779661,11
"GTF3C6",7,3,14,24,29.1666666666667,10
"HES1",7,2,41,50,14,9
"HFE2",7,0,24,31,22.5806451612903,7
"HIC1",7,5,21,33,21.2121212121212,12
"HIST1H2AM",7,2,46,55,12.7272727272727,9
"HIST1H2BO",7,4,40,51,13.7254901960784,11
"HIST1H3J",7,2,46,55,12.7272727272727,9
"HMGCS2",7,3,36,46,15.2173913043478,10
"HMGXB3",7,0,19,26,26.9230769230769,7
"HOXA-AS3",7,2,15,24,29.1666666666667,9
"HOXA3",7,2,14,23,30.4347826086957,9
"HOXA5",7,2,14,23,30.4347826086957,9
"HOXA6",7,2,14,23,30.4347826086957,9
"IER5L",7,0,20,27,25.9259259259259,7
"IGF1R",7,4,45,56,12.5,11
"IMMP1L",7,0,8,15,46.6666666666667,7
"ISG20L2",7,7,24,38,18.4210526315789,14
"ITGA6",7,2,16,25,28,9
"ITPR1",7,3,19,29,24.1379310344828,10
"ITPR1-AS1",7,3,19,29,24.1379310344828,10
"JDP2",7,4,36,47,14.8936170212766,11
"JRKL",7,5,27,39,17.9487179487179,12
"KAT8",7,1,26,34,20.5882352941176,8
"LBR",7,1,15,23,30.4347826086957,8
"LSMD1",7,0,19,26,26.9230769230769,7
"MAP3K14",7,1,12,20,35,8
"MCPH1",7,3,34,44,15.9090909090909,10
"MEIS1",7,6,21,34,20.5882352941176,13
"MEIS1-AS2",7,3,15,25,28,10
"METTL1",7,2,21,30,23.3333333333333,9
"METTL17",7,2,15,24,29.1666666666667,9
"METTL21A",7,4,20,31,22.5806451612903,11
"METTL21B",7,2,21,30,23.3333333333333,9
"MINK1",7,0,12,19,36.8421052631579,7
"MIR132",7,5,21,33,21.2121212121212,12
"MIR212",7,5,21,33,21.2121212121212,12
"MIR26A2",7,1,14,22,31.8181818181818,8
"MIR28",7,1,19,27,25.9259259259259,8
"MIR620",7,4,22,33,21.2121212121212,11
"MOGAT1",7,2,15,24,29.1666666666667,9
"MR1",7,1,13,21,33.3333333333333,8
"MRPL22",7,3,23,33,21.2121212121212,10
"MRRF",7,1,11,19,36.8421052631579,8
"MSMB",7,10,65,82,8.53658536585366,17
"MXD3",7,2,21,30,23.3333333333333,9
"MYLK4",7,0,6,13,53.8461538461538,7
"MYO1G",7,0,17,24,29.1666666666667,7
"NABP1",7,7,51,65,10.7692307692308,14
"NDUFB1",7,1,25,33,21.2121212121212,8
"NPL",7,2,35,44,15.9090909090909,9
"OVCA2",7,5,21,33,21.2121212121212,12
"PAPD5",7,3,39,49,14.2857142857143,10
"PCDHB7",7,1,26,34,20.5882352941176,8
"PDGFRA",7,1,17,25,28,8
"PICK1",7,0,18,25,28,7
"PIP5K1B",7,4,26,37,18.9189189189189,11
"PRELID1",7,5,18,30,23.3333333333333,12
"PRG2",7,0,18,25,28,7
"PRSS8",7,1,26,34,20.5882352941176,8
"QKI",7,18,57,82,8.53658536585366,25
"RAB24",7,5,18,30,23.3333333333333,12
"RBM18",7,1,11,19,36.8421052631579,8
"RETSAT",7,2,11,20,35,9
"RN7SL784P",7,0,11,18,38.8888888888889,7
"RNU1-27P",7,1,10,18,38.8888888888889,8
"RNU6-1143P",7,4,15,26,26.9230769230769,11
"RNU6-402P",7,13,35,55,12.7272727272727,20
"RNU6-805P",7,5,15,27,25.9259259259259,12
"RNU7-134P",7,0,16,23,30.4347826086957,7
"RNU7-199P",7,1,27,35,20,8
"RP1-170O19.22",7,2,14,23,30.4347826086957,9
"RP1-170O19.23",7,2,14,23,30.4347826086957,9
"RP11-115C21.2",7,3,34,44,15.9090909090909,10
"RP11-135A1.2",7,3,56,66,10.6060606060606,10
"RP11-181C3.1",7,4,24,35,20,11
"RP11-219E7.1",7,3,33,43,16.2790697674419,10
"RP11-21B23.1",7,8,56,71,9.85915492957746,15
"RP11-247A12.2",7,0,20,27,25.9259259259259,7
"RP11-247A12.8",7,0,20,27,25.9259259259259,7
"RP11-293M10.6",7,4,36,47,14.8936170212766,11
"RP11-310H4.1",7,1,21,29,24.1379310344828,8
"RP11-388M20.2",7,1,26,34,20.5882352941176,8
"RP11-435P24.2",7,2,18,27,25.9259259259259,9
"RP11-571M6.15",7,2,21,30,23.3333333333333,9
"RP11-602N24.3",7,1,14,22,31.8181818181818,8
"RP11-667K14.3",7,5,21,33,21.2121212121212,12
"RP11-667K14.4",7,5,21,33,21.2121212121212,12
"RP11-671J11.6",7,1,10,18,38.8888888888889,8
"RP11-671J11.7",7,1,10,18,38.8888888888889,8
"RP11-717A5.1",7,2,11,20,35,9
"RP11-745C15.2",7,2,33,42,16.6666666666667,9
"RP11-7C6.1",7,1,22,30,23.3333333333333,8
"RP11-84C10.1",7,2,15,24,29.1666666666667,9
"RP5-940J5.3",7,3,30,40,17.5,10
"RPL10P14",7,3,39,49,14.2857142857143,10
"RPL34",7,2,14,23,30.4347826086957,9
"RPL34-AS1",7,2,14,23,30.4347826086957,9
"RPL37",7,3,50,60,11.6666666666667,10
"RRBP1",7,7,24,38,18.4210526315789,14
"RRNAD1",7,7,24,38,18.4210526315789,14
"RTN4",7,1,27,35,20,8
"SAP30L",7,0,24,31,22.5806451612903,7
"SAP30L-AS1",7,0,24,31,22.5806451612903,7
"SEC61G",7,2,36,45,15.5555555555556,9
"SLC26A2",7,0,17,24,29.1666666666667,7
"SLC9B1",7,7,36,50,14,14
"SMUG1",7,1,21,29,24.1379310344828,8
"SNORA70.23",7,3,39,49,14.2857142857143,10
"snoU13.238",7,3,14,24,29.1666666666667,10
"snoU13.436",7,1,26,34,20.5882352941176,8
"snoU13.75",7,1,22,30,23.3333333333333,8
"SP9",7,3,11,21,33.3333333333333,10
"SSPN",7,4,29,40,17.5,11
"TAF5L",7,4,17,28,25,11
"TBC1D7",7,2,20,29,24.1379310344828,9
"TFB1M",7,3,27,37,18.9189189189189,10
"TGOLN2",7,5,18,30,23.3333333333333,12
"TIGD6",7,0,19,26,26.9230769230769,7
"TMEM159",7,6,26,39,17.9487179487179,13
"TMEM30B",7,2,13,22,31.8181818181818,9
"TMEM86B",7,2,20,29,24.1379310344828,9
"TMEM88",7,0,18,25,28,7
"TNFAIP8",7,5,29,41,17.0731707317073,12
"TPRG1",7,1,35,43,16.2790697674419,8
"TRAPPC3L",7,5,30,42,16.6666666666667,12
"TRIB1",7,6,38,51,13.7254901960784,13
"TTK",7,6,26,39,17.9487179487179,13
"U3.87",7,6,21,34,20.5882352941176,13
"UBE2S",7,1,20,28,25,8
"UOX",7,3,29,39,17.9487179487179,10
"URB2",7,4,17,28,25,11
"VOPP1",7,1,21,29,24.1379310344828,8
"ZFR",7,7,28,42,16.6666666666667,14
"ZKSCAN8",7,4,23,34,20.5882352941176,11
"ZNF225",7,8,32,47,14.8936170212766,15
"ABCB10",6,4,21,31,19.3548387096774,10
"ABTB2",6,4,24,34,17.6470588235294,10
"AC008394.1",6,1,33,40,15,7
"AC009120.4",6,7,58,71,8.45070422535211,13
"AC013436.6",6,3,15,24,25,9
"AC017006.2",6,2,21,29,20.6896551724138,8
"AC020743.2",6,2,18,26,23.0769230769231,8
"AC092171.4",6,1,21,28,21.4285714285714,7
"AC093391.2",6,1,9,16,37.5,7
"AC097495.2",6,0,28,34,17.6470588235294,6
"AC104695.3",6,4,28,38,15.7894736842105,10
"AC104801.1",6,1,12,19,31.5789473684211,7
"ACYP2",6,1,17,24,25,7
"ADIPOQ",6,1,13,20,30,7
"AKR1D1P1",6,0,5,11,54.5454545454545,6
"AKTIP",6,7,24,37,16.2162162162162,13
"AL357060.1",6,0,17,23,26.0869565217391,6
"ALCAM",6,1,11,18,33.3333333333333,7
"ALKBH2",6,1,26,33,18.1818181818182,7
"APEX1",6,4,29,39,15.3846153846154,10
"ARL6IP5",6,3,19,28,21.4285714285714,9
"ASAP1",6,10,46,62,9.67741935483871,16
"ATP2B1",6,3,24,33,18.1818181818182,9
"AZI2",6,0,10,16,37.5,6
"BCL6",6,4,46,56,10.7142857142857,10
"BUB1B",6,1,24,31,19.3548387096774,7
"C11orf1",6,3,22,31,19.3548387096774,9
"C11orf31",6,3,22,31,19.3548387096774,9
"C12orf55",6,3,33,42,14.2857142857143,9
"C12orf65",6,1,21,28,21.4285714285714,7
"C16orf72",6,3,25,34,17.6470588235294,9
"C1orf109",6,1,23,30,20,7
"C2CD5",6,4,15,25,24,10
"C7orf72",6,3,23,32,18.75,9
"CALM1",6,6,25,37,16.2162162162162,12
"CAPG",6,2,23,31,19.3548387096774,8
"CASC11",6,3,24,33,18.1818181818182,9
"CD247",6,0,5,11,54.5454545454545,6
"CDCA8",6,1,23,30,20,7
"CDK19",6,0,10,16,37.5,6
"CEBPB",6,0,36,42,14.2857142857143,6
"CEP44",6,1,11,18,33.3333333333333,7
"CERS6",6,0,20,26,23.0769230769231,6
"CHMP3",6,4,25,35,17.1428571428571,10
"CHRM3-AS1",6,0,11,17,35.2941176470588,6
"CHST11",6,4,33,43,13.953488372093,10
"CIC",6,1,18,25,24,7
"CLUHP3",6,1,13,20,30,7
"CNNM4",6,3,36,45,13.3333333333333,9
"CNOT8",6,5,23,34,17.6470588235294,11
"CNTD1",6,0,6,12,50,6
"COA3",6,0,6,12,50,6
"CRTC2",6,3,16,25,24,9
"CSGALNACT2",6,1,30,37,16.2162162162162,7
"CTD-2358C21.4",6,1,13,20,30,7
"CTNNA1",6,1,17,24,25,7
"CYP17A1",6,1,17,24,25,7
"DAAM1",6,2,21,29,20.6896551724138,8
"DARS",6,1,9,16,37.5,7
"DDX20",6,0,23,29,20.6896551724138,6
"DENND4B",6,2,16,24,25,8
"DLX2",6,1,12,19,31.5789473684211,7
"DNAJC21",6,6,23,35,17.1428571428571,12
"DUSP6",6,0,19,25,24,6
"DYNC1I2",6,0,1,7,85.7142857142857,6
"ELMO1",6,1,7,14,42.8571428571429,7
"ERCC4",6,8,28,42,14.2857142857143,14
"EXOC7",6,3,19,28,21.4285714285714,9
"EZH2",6,2,16,24,25,8
"FAIM",6,2,38,46,13.0434782608696,8
"FAM105A",6,5,65,76,7.89473684210526,11
"FAM107B",6,0,15,21,28.5714285714286,6
"FAM178A",6,2,7,15,40,8
"FAM212B",6,0,23,29,20.6896551724138,6
"FAM214A",6,3,20,29,20.6896551724138,9
"FAM26D",6,6,32,44,13.6363636363636,12
"FAM26F",6,5,33,44,13.6363636363636,11
"FAXDC2",6,5,23,34,17.6470588235294,11
"FBXO8",6,1,11,18,33.3333333333333,7
"FDXACB1",6,3,22,31,19.3548387096774,9
"FIP1L1",6,0,6,12,50,6
"FLJ20373",6,3,35,44,13.6363636363636,9
"FOSL2",6,4,28,38,15.7894736842105,10
"FOXN2",6,2,24,32,18.75,8
"FOXP1",6,4,29,39,15.3846153846154,10
"FSCN1",6,0,12,18,33.3333333333333,6
"FYB",6,6,43,55,10.9090909090909,12
"GALNT10",6,0,12,18,33.3333333333333,6
"GJB2",6,3,24,33,18.1818181818182,9
"GLYR1",6,6,32,44,13.6363636363636,12
"GOLT1A",6,1,17,24,25,7
"H3F3A",6,3,11,20,30,9
"HAVCR2",6,1,18,25,24,7
"HIST1H2AH",6,2,44,52,11.5384615384615,8
"HIST1H2BK",6,2,44,52,11.5384615384615,8
"HIST1H3H",6,3,46,55,10.9090909090909,9
"HIST1H4J",6,3,39,48,12.5,9
"HOXA4",6,2,8,16,37.5,8
"HSPBP1",6,2,18,26,23.0769230769231,8
"ICAM2",6,1,25,32,18.75,7
"IFNGR1",6,3,28,37,16.2162162162162,9
"IGSF8",6,1,10,17,35.2941176470588,7
"IKZF1",6,3,38,47,12.7659574468085,9
"IL8",6,1,24,31,19.3548387096774,7
"IMMP2L",6,4,21,31,19.3548387096774,10
"IPO4",6,0,28,34,17.6470588235294,6
"ITK",6,2,24,32,18.75,8
"JTB",6,2,14,22,27.2727272727273,8
"KCTD21",6,4,13,23,26.0869565217391,10
"KIAA0196",6,2,40,48,12.5,8
"KIAA0319L",6,1,11,18,33.3333333333333,7
"KPNA5",6,7,19,32,18.75,13
"KRT18P22",6,5,33,44,13.6363636363636,11
"LARP1",6,3,30,39,15.3846153846154,9
"LDLRAD4",6,4,42,52,11.5384615384615,10
"LEFTY1",6,2,26,34,17.6470588235294,8
"LINC00936",6,3,24,33,18.1818181818182,9
"LMOD3",6,2,13,21,28.5714285714286,8
"LRRC4",6,4,15,25,24,10
"MED24",6,1,23,30,20,7
"MED7",6,1,23,30,20,7
"METAP1D",6,1,4,11,54.5454545454545,7
"METTL9",6,4,23,33,18.1818181818182,10
"MIOS",6,2,25,33,18.1818181818182,8
"MIR129",6,9,37,52,11.5384615384615,15
"MIR151B",6,0,12,18,33.3333333333333,6
"MIR3143",6,2,44,52,11.5384615384615,8
"MIR342",6,0,12,18,33.3333333333333,6
"MIR579",6,7,21,34,17.6470588235294,13
"MIR609",6,5,33,44,13.6363636363636,11
"MIR614",6,0,16,22,27.2727272727273,6
"MKLN1",6,6,40,52,11.5384615384615,12
"MLC1",6,1,23,30,20,7
"MMP8",6,4,25,35,17.1428571428571,10
"MPHOSPH9",6,1,21,28,21.4285714285714,7
"MRPL13",6,1,16,23,26.0869565217391,7
"MRPL46",6,3,33,42,14.2857142857143,9
"MRPS11",6,3,33,42,14.2857142857143,9
"MTBP",6,1,16,23,26.0869565217391,7
"MYC",6,3,24,33,18.1818181818182,9
"MYLPF",6,2,27,35,17.1428571428571,8
"NACC1",6,1,13,20,30,7
"NCDN",6,1,11,18,33.3333333333333,7
"NFE2L2",6,2,27,35,17.1428571428571,8
"NFKBIZ",6,5,13,24,25,11
"NHLRC1",6,2,28,36,16.6666666666667,8
"NRAS",6,5,15,26,23.0769230769231,11
"NSMCE2",6,2,40,48,12.5,8
"OR1K1",6,0,8,14,42.8571428571429,6
"OSBPL3",6,2,30,38,15.7894736842105,8
"OTP",6,0,9,15,40,6
"PAFAH1B3",6,1,18,25,24,7
"PAK6",6,2,25,33,18.1818181818182,8
"PAQR3",6,3,18,27,22.2222222222222,9
"PCDHB14",6,0,24,30,20,6
"PCDHB18",6,0,24,30,20,6
"PDCL",6,0,3,9,66.6666666666667,6
"PF4V1",6,2,14,22,27.2727272727273,8
"PFN1P11",6,1,17,24,25,7
"PGM2",6,0,12,18,33.3333333333333,6
"PICALM",6,4,30,40,15,10
"PIGR",6,1,19,26,23.0769230769231,7
"PIK3CA",6,5,35,46,13.0434782608696,11
"PIP4K2C",6,4,17,27,22.2222222222222,10
"PLEKHG6",6,1,12,19,31.5789473684211,7
"PNKD",6,3,34,43,13.953488372093,9
"POLG2",6,2,22,30,20,8
"POLL",6,1,11,18,33.3333333333333,7
"POLM",6,0,22,28,21.4285714285714,6
"POLR2B",6,6,25,37,16.2162162162162,12
"POLR3C",6,0,12,18,33.3333333333333,6
"POU2F2",6,2,24,32,18.75,8
"PPP6R1",6,2,18,26,23.0769230769231,8
"PREX1",6,0,16,22,27.2727272727273,6
"PRR19",6,1,18,25,24,7
"PSMD7",6,7,58,71,8.45070422535211,13
"PTGES3P4",6,1,17,24,25,7
"PTPN12",6,8,45,59,10.1694915254237,14
"PURB",6,1,12,19,31.5789473684211,7
"PYDC1",6,0,24,30,20,6
"QRICH2",6,2,24,32,18.75,8
"RASA1",6,3,50,59,10.1694915254237,9
"RBM15B",6,0,13,19,31.5789473684211,6
"RFT1",6,2,14,22,27.2727272727273,8
"RN7SL36P",6,2,17,25,24,8
"RNASE1",6,4,29,39,15.3846153846154,10
"RNF115",6,0,12,18,33.3333333333333,6
"RNU1-38P",6,2,18,26,23.0769230769231,8
"RNU4-24P",6,2,11,19,31.5789473684211,8
"RNU6-100P",6,4,16,26,23.0769230769231,10
"RNU6-1083P",6,0,8,14,42.8571428571429,6
"RNU6-242P",6,3,11,20,30,9
"RNU6-433P",6,2,29,37,16.2162162162162,8
"RNU6-640P",6,4,25,35,17.1428571428571,10
"RNU6-950P",6,0,7,13,46.1538461538462,6
"RP1-240K6.3",6,2,18,26,23.0769230769231,8
"RP1-90J20.10",6,0,8,14,42.8571428571429,6
"RP1-93H18.6",6,5,33,44,13.6363636363636,11
"RP11-102M11.2",6,10,45,61,9.83606557377049,16
"RP11-133K1.2",6,1,23,30,20,7
"RP11-154H23.3",6,4,29,39,15.3846153846154,10
"RP11-179B2.2",6,2,7,15,40,8
"RP11-211G3.2",6,4,46,56,10.7142857142857,10
"RP11-293M10.4",6,1,16,23,26.0869565217391,7
"RP11-293M10.5",6,1,16,23,26.0869565217391,7
"RP11-351D16.3",6,1,30,37,16.2162162162162,7
"RP11-360P21.2",6,5,35,46,13.0434782608696,11
"RP11-373D23.2",6,4,28,38,15.7894736842105,10
"RP11-396C23.4",6,3,11,20,30,9
"RP11-422P24.11",6,2,14,22,27.2727272727273,8
"RP11-452H21.2",6,4,28,38,15.7894736842105,10
"RP11-468E2.2",6,0,28,34,17.6470588235294,6
"RP11-47I22.1",6,3,36,45,13.3333333333333,9
"RP11-486O12.2",6,0,5,11,54.5454545454545,6
"RP11-49I4.3",6,5,13,24,25,11
"RP11-571M6.17",6,0,8,14,42.8571428571429,6
"RP11-57H14.2",6,4,40,50,12,10
"RP11-6D1.3",6,7,45,58,10.3448275862069,13
"RP11-779O18.1",6,1,11,18,33.3333333333333,7
"RP11-779O18.2",6,1,15,22,27.2727272727273,7
"RP11-779O18.3",6,1,15,22,27.2727272727273,7
"RP11-780K2.1",6,2,22,30,20,8
"RP11-794M8.1",6,4,42,52,11.5384615384615,10
"RP11-806H10.4",6,1,14,21,28.5714285714286,7
"RP4-530I15.9",6,1,22,29,20.6896551724138,7
"RP4-673M15.1",6,1,12,19,31.5789473684211,7
"RP4-728D4.2",6,1,7,14,42.8571428571429,7
"RP5-1159O4.1",6,2,25,33,18.1818181818182,8
"RPL23A",6,1,26,33,18.1818181818182,7
"RPS26P52",6,8,28,42,14.2857142857143,14
"RSBN1L",6,13,62,81,7.40740740740741,19
"RSBN1L-AS1",6,13,62,81,7.40740740740741,19
"SCFD2",6,0,6,12,50,6
"SCOC",6,1,31,38,15.7894736842105,7
"SERPINB9",6,0,8,14,42.8571428571429,6
"SFPQ",6,1,20,27,22.2222222222222,7
"SGK223",6,2,33,41,14.6341463414634,8
"SH2D6",6,2,23,31,19.3548387096774,8
"SLC25A12",6,1,4,11,54.5454545454545,7
"SMC4",6,1,6,13,46.1538461538462,7
"SNAPC1",6,2,33,41,14.6341463414634,8
"SNHG5",6,6,22,34,17.6470588235294,12
"SNORA30",6,2,11,19,31.5789473684211,8
"SNORD94",6,4,24,34,17.6470588235294,10
"snoU13.10",6,4,11,21,28.5714285714286,10
"snoU13.123",6,2,18,26,23.0769230769231,8
"snoU13.146",6,2,20,28,21.4285714285714,8
"snoU13.296",6,1,10,17,35.2941176470588,7
"snoU13.317",6,5,37,48,12.5,11
"snoU13.52",6,1,21,28,21.4285714285714,7
"SOCS3",6,1,14,21,28.5714285714286,7
"SPDYE4",6,7,24,37,16.2162162162162,13
"SPINK2",6,3,7,16,37.5,9
"SQLE",6,7,45,58,10.3448275862069,13
"SQRDL",6,8,33,47,12.7659574468085,14
"SSBP3",6,1,27,34,17.6470588235294,7
"SSBP3-AS1",6,0,14,20,30,6
"STAG1",6,10,45,61,9.83606557377049,16
"STAMBP",6,5,34,45,13.3333333333333,11
"SWT1",6,1,7,14,42.8571428571429,7
"TBC1D10B",6,2,27,35,17.1428571428571,8
"TBL1XR1",6,3,28,37,16.2162162162162,9
"TCF7L2",6,4,40,50,12,10
"TEDDM1",6,4,23,33,18.1818181818182,10
"TET3",6,4,14,24,25,10
"TFAP2E",6,1,7,14,42.8571428571429,7
"THRA",6,1,13,20,30,7
"TIPARP",6,1,30,37,16.2162162162162,7
"TIPARP-AS1",6,1,30,37,16.2162162162162,7
"TMCC1",6,1,16,23,26.0869565217391,7
"TMCC1-AS1",6,1,16,23,26.0869565217391,7
"TMED2",6,0,5,11,54.5454545454545,6
"TMEM247",6,0,5,11,54.5454545454545,6
"TRMT1L",6,1,7,14,42.8571428571429,7
"TSPAN31",6,4,18,28,21.4285714285714,10
"TTLL3",6,5,23,34,17.6470588235294,11
"UBN1",6,6,32,44,13.6363636363636,12
"UNG",6,2,30,38,15.7894736842105,8
"UPB1",6,1,14,21,28.5714285714286,7
"USP35",6,4,13,23,26.0869565217391,10
"VAV3",6,3,23,32,18.75,9
"VAV3-AS1",6,3,23,32,18.75,9
"VCPKMT",6,6,28,40,15,12
"VIMP",6,5,36,47,12.7659574468085,11
"VPS41",6,0,11,17,35.2941176470588,6
"VRK2",6,1,12,19,31.5789473684211,7
"XXYLT1-AS2",6,2,17,25,24,8
"Y_RNA.331",6,1,20,27,22.2222222222222,7
"Y_RNA.728",6,3,7,16,37.5,9
"Z84488.1",6,5,33,44,13.6363636363636,11
"ZCWPW2",6,0,10,16,37.5,6
"ZFP36L1",6,4,19,29,20.6896551724138,10
"ZNF234",6,5,15,26,23.0769230769231,11
"ZNF345",6,3,24,33,18.1818181818182,9
"ZNF609",6,1,3,10,60,7
"ZNF720",6,1,13,20,30,7
"ZNF790",6,3,24,33,18.1818181818182,9
"ZPBP",6,4,22,32,18.75,10
"ABCF1",5,0,11,16,31.25,5
"ABHD10",5,2,22,29,17.2413793103448,7
"ABLIM1",5,0,9,14,35.7142857142857,5
"AC004540.4",5,2,14,21,23.8095238095238,7
"AC005037.1",5,2,4,11,45.4545454545455,7
"AC005037.2",5,2,4,11,45.4545454545455,7
"AC006486.1",5,2,20,27,18.5185185185185,7
"AC010761.14",5,1,17,23,21.7391304347826,6
"AC010761.8",5,1,16,22,22.7272727272727,6
"AC018867.1",5,3,11,19,26.3157894736842,8
"AC019131.1",5,3,30,38,13.1578947368421,8
"AC021078.1",5,0,14,19,26.3157894736842,5
"AC078883.4",5,2,16,23,21.7391304347826,7
"AC079305.10",5,2,26,33,15.1515151515152,7
"AC090587.4",5,2,15,22,22.7272727272727,7
"AC090587.5",5,2,15,22,22.7272727272727,7
"AC090627.1",5,2,7,14,35.7142857142857,7
"AC098617.1",5,3,10,18,27.7777777777778,8
"AC099535.1",5,1,10,16,31.25,6
"AC104134.2",5,7,33,45,11.1111111111111,12
"AC104695.4",5,0,11,16,31.25,5
"AC108004.3",5,5,29,39,12.8205128205128,10
"AC135048.1",5,0,18,23,21.7391304347826,5
"ACAP1",5,2,23,30,16.6666666666667,7
"ACRBP",5,4,12,21,23.8095238095238,9
"ADAMTSL4",5,5,18,28,17.8571428571429,10
"ADAMTSL4-AS1",5,5,18,28,17.8571428571429,10
"ADAR",5,1,8,14,35.7142857142857,6
"ADORA2A-AS1",5,1,11,17,29.4117647058824,6
"AFTPH",5,1,21,27,18.5185185185185,6
"AGBL3",5,3,10,18,27.7777777777778,8
"AKAP12",5,3,19,27,18.5185185185185,8
"AL117209.1",5,4,5,14,35.7142857142857,9
"AL138706.1",5,4,5,14,35.7142857142857,9
"AL158151.1",5,3,15,23,21.7391304347826,8
"AL356356.1",5,5,18,28,17.8571428571429,10
"AL357519.1",5,4,14,23,21.7391304347826,9
"AL359878.1",5,9,48,62,8.06451612903226,14
"AL512791.1",5,1,9,15,33.3333333333333,6
"ALAD",5,1,19,25,20,6
"ALDH4A1",5,1,13,19,26.3157894736842,6
"ALG12",5,1,22,28,17.8571428571429,6
"ALG2",5,6,11,22,22.7272727272727,11
"ALOX15B",5,0,16,21,23.8095238095238,5
"AMD1",5,2,10,17,29.4117647058824,7
"AMHR2",5,2,15,22,22.7272727272727,7
"ANKRD33B-AS1",5,1,41,47,10.6382978723404,6
"ANKRD34A",5,1,19,25,20,6
"ANKRD44",5,3,27,35,14.2857142857143,8
"AP000355.2",5,1,13,19,26.3157894736842,6
"AP000936.4",5,7,28,40,12.5,12
"AP2S1",5,0,5,10,50,5
"APBB1",5,2,19,26,19.2307692307692,7
"APOLD1",5,1,14,20,25,6
"AQR",5,3,11,19,26.3157894736842,8
"ARID1B",5,0,7,12,41.6666666666667,5
"ARMC6",5,0,7,12,41.6666666666667,5
"ATN1",5,4,10,19,26.3157894736842,9
"ATOH8",5,2,17,24,20.8333333333333,7
"ATXN7",5,3,18,26,19.2307692307692,8
"B4GALT1",5,3,16,24,20.8333333333333,8
"BBX",5,3,8,16,31.25,8
"BCL11A",5,0,1,6,83.3333333333333,5
"BCLAF1",5,3,4,12,41.6666666666667,8
"BRAT1",5,1,26,32,15.625,6
"C10orf111",5,2,17,24,20.8333333333333,7
"C12orf10",5,2,16,23,21.7391304347826,7
"C12orf57",5,4,10,19,26.3157894736842,9
"C14orf28",5,10,21,36,13.8888888888889,15
"C15orf40",5,13,34,52,9.61538461538462,18
"C16orf98",5,1,29,35,14.2857142857143,6
"C17orf97",5,5,29,39,12.8205128205128,10
"C1orf162",5,2,17,24,20.8333333333333,7
"C3orf27",5,0,9,14,35.7142857142857,5
"C3orf36",5,4,17,26,19.2307692307692,9
"C3orf72",5,4,12,21,23.8095238095238,9
"C4orf32",5,4,24,33,15.1515151515152,9
"C7orf73",5,6,20,31,16.1290322580645,11
"C7orf76",5,0,1,6,83.3333333333333,5
"C9orf156",5,1,5,11,45.4545454545455,6
"C9orf78",5,0,6,11,45.4545454545455,5
"CA14",5,4,19,28,17.8571428571429,9
"CACNA1I",5,0,15,20,25,5
"CAMK2G",5,0,17,22,22.7272727272727,5
"CAPN7",5,2,10,17,29.4117647058824,7
"CBLN3",5,1,30,36,13.8888888888889,6
"CBX1",5,1,8,14,35.7142857142857,6
"CD180",5,2,7,14,35.7142857142857,7
"CD4",5,2,13,20,25,7
"CD9",5,2,20,27,18.5185185185185,7
"CDK17",5,5,45,55,9.09090909090909,10
"CEBPD",5,1,24,30,16.6666666666667,6
"CENPF",5,3,41,49,10.2040816326531,8
"CES2",5,2,9,16,31.25,7
"CHD8",5,3,15,23,21.7391304347826,8
"CHI3L2",5,1,13,19,26.3157894736842,6
"CHRM4",5,0,12,17,29.4117647058824,5
"CHST13",5,1,22,28,17.8571428571429,6
"CIAO1",5,4,36,45,11.1111111111111,9
"CISD1",5,9,47,61,8.19672131147541,14
"CNEP1R1",5,2,32,39,12.8205128205128,7
"CNGB1",5,0,5,10,50,5
"COL28A1",5,1,11,17,29.4117647058824,6
"COL6A4P1",5,2,10,17,29.4117647058824,7
"COPZ2",5,3,7,15,33.3333333333333,8
"COX7C",5,1,19,25,20,6
"CPB2-AS1",5,0,6,11,45.4545454545455,5
"CRELD2",5,1,22,28,17.8571428571429,6
"CRYBG3",5,5,26,36,13.8888888888889,10
"CSHL1",5,0,20,25,20,5
"CSTF3",5,4,12,21,23.8095238095238,9
"CSTF3-AS1",5,4,12,21,23.8095238095238,9
"CTB-161M19.4",5,3,17,25,20,8
"CTD-2020K17.3",5,0,17,22,22.7272727272727,5
"CTD-2024I7.13",5,0,18,23,21.7391304347826,5
"CTD-2325P2.3",5,5,36,46,10.8695652173913,10
"CWF19L1",5,2,12,19,26.3157894736842,7
"CXCL2",5,1,16,22,22.7272727272727,6
"CYB561D2",5,1,18,24,20.8333333333333,6
"CYB5RL",5,1,21,27,18.5185185185185,6
"CYLD",5,4,42,51,9.80392156862745,9
"DDX55",5,0,4,9,55.5555555555556,5
"DEDD2",5,2,18,25,20,7
"DENND2D",5,1,14,20,25,6
"DENND3",5,3,43,51,9.80392156862745,8
"DEPTOR",5,6,13,24,20.8333333333333,11
"DERL1",5,1,27,33,15.1515151515152,6
"DHFRL1",5,8,16,29,17.2413793103448,13
"DHRS7B",5,2,20,27,18.5185185185185,7
"DIAPH1",5,1,25,31,16.1290322580645,6
"DMXL1",5,3,17,25,20,8
"DNAJC1",5,1,26,32,15.625,6
"DOCK4",5,2,27,34,14.7058823529412,7
"DPH3",5,1,8,14,35.7142857142857,6
"DPH6",5,2,4,11,45.4545454545455,7
"DPH6-AS1",5,2,4,11,45.4545454545455,7
"DTWD1",5,2,7,14,35.7142857142857,7
"DUSP1",5,1,14,20,25,6
"ECHDC1",5,3,23,31,16.1290322580645,8
"EED",5,3,33,41,12.1951219512195,8
"EEF1B2",5,9,20,34,14.7058823529412,14
"EFNB2",5,8,21,34,14.7058823529412,13
"EIF3M",5,0,8,13,38.4615384615385,5
"EIF4E",5,3,30,38,13.1578947368421,8
"EMILIN2",5,6,48,59,8.47457627118644,11
"EPM2AIP1",5,7,27,39,12.8205128205128,12
"ERF",5,2,20,27,18.5185185185185,7
"ERMN",5,1,12,18,27.7777777777778,6
"ESPL1",5,1,13,19,26.3157894736842,6
"ETAA1",5,1,4,10,50,6
"ETNK2",5,2,9,16,31.25,7
"EXTL2",5,3,21,29,17.2413793103448,8
"FAM131C",5,1,19,25,20,6
"FAM13B",5,1,18,24,20.8333333333333,6
"FAM175A",5,1,2,8,62.5,6
"FAM227B",5,2,7,14,35.7142857142857,7
"FAM71B",5,1,13,19,26.3157894736842,6
"FAM96B",5,2,9,16,31.25,7
"FBXL18",5,0,13,18,27.7777777777778,5
"FMNL3",5,0,17,22,22.7272727272727,5
"FOXL2",5,4,12,21,23.8095238095238,9
"FOXO1",5,2,22,29,17.2413793103448,7
"FRY",5,4,21,30,16.6666666666667,9
"FRY-AS1",5,4,21,30,16.6666666666667,9
"FZD5",5,8,21,34,14.7058823529412,13
"GH1",5,0,20,25,20,5
"GLUL",5,2,34,41,12.1951219512195,7
"GMDS",5,0,11,16,31.25,5
"GMDS-AS1",5,0,11,16,31.25,5
"GMPR2",5,1,23,29,17.2413793103448,6
"GNLY",5,1,18,24,20.8333333333333,6
"GP9",5,0,5,10,50,5
"GPCPD1",5,5,22,32,15.625,10
"GPR162",5,2,12,19,26.3157894736842,7
"GRB10",5,1,19,25,20,6
"GSG1L",5,3,36,44,11.3636363636364,8
"GSK3A",5,2,20,27,18.5185185185185,7
"GTPBP4",5,9,48,62,8.06451612903226,14
"HAND1",5,0,15,20,25,5
"HAPLN2",5,0,21,26,19.2307692307692,5
"HECTD1",5,4,15,24,20.8333333333333,9
"HIRIP3",5,3,12,20,25,8
"HIST1H2AI",5,2,27,34,14.7058823529412,7
"HIST1H2APS3",5,0,21,26,19.2307692307692,5
"HIST1H2BE",5,1,33,39,12.8205128205128,6
"HIST1H2BL",5,2,27,34,14.7058823529412,7
"HIST1H3E",5,0,21,26,19.2307692307692,5
"HIST1H3F",5,1,29,35,14.2857142857143,6
"HIST1H3I",5,1,28,34,14.7058823529412,6
"HIST1H4G",5,1,29,35,14.2857142857143,6
"HIST1H4PS1",5,2,27,34,14.7058823529412,7
"HOTAIRM1",5,2,6,13,38.4615384615385,7
"HOXA1",5,2,6,13,38.4615384615385,7
"HOXA10-AS",5,1,8,14,35.7142857142857,6
"HOXA9",5,1,8,14,35.7142857142857,6
"HOXC-AS1",5,1,25,31,16.1290322580645,6
"HOXC-AS2",5,1,25,31,16.1290322580645,6
"HOXC6",5,1,27,33,15.1515151515152,6
"HOXC9",5,1,25,31,16.1290322580645,6
"HPS3",5,2,14,21,23.8095238095238,7
"HPS4",5,0,4,9,55.5555555555556,5
"HSD3B7",5,0,18,23,21.7391304347826,5
"HSPD1",5,1,12,18,27.7777777777778,6
"HSPE1",5,1,11,17,29.4117647058824,6
"HSPE1-MOB4",5,1,11,17,29.4117647058824,6
"HUS1",5,1,20,26,19.2307692307692,6
"HYDIN",5,10,56,71,7.04225352112676,15
"IER5",5,1,5,11,45.4545454545455,6
"IHH",5,0,7,12,41.6666666666667,5
"IL17D",5,0,9,14,35.7142857142857,5
"IL24",5,3,19,27,18.5185185185185,8
"ING4",5,4,15,24,20.8333333333333,9
"INO80E",5,3,12,20,25,8
"INSRR",5,1,13,19,26.3157894736842,6
"IPMK",5,9,47,61,8.19672131147541,14
"IQGAP1",5,2,24,31,16.1290322580645,7
"IRF9",5,0,19,24,20.8333333333333,5
"IRGQ",5,2,7,14,35.7142857142857,7
"ISOC2",5,1,14,20,25,6
"ISY1",5,1,6,12,41.6666666666667,6
"ISY1-RAB43",5,1,6,12,41.6666666666667,6
"ITGA4",5,6,27,38,13.1578947368421,11
"JADE2",5,2,24,31,16.1290322580645,7
"KB-1471A8.1",5,6,13,24,20.8333333333333,11
"KB-1615E4.2",5,1,4,10,50,6
"KB-1980E6.2",5,0,10,15,33.3333333333333,5
"KCTD11",5,1,22,28,17.8571428571429,6
"KHNYN",5,1,30,36,13.8888888888889,6
"KIAA0196-AS1",5,2,18,25,20,7
"KIAA1033",5,4,26,35,14.2857142857143,9
"KIAA1551",5,4,19,28,17.8571428571429,9
"L34079.2",5,2,7,14,35.7142857142857,7
"LACTB2",5,1,15,21,23.8095238095238,6
"LARP1P1",5,1,33,39,12.8205128205128,6
"LEPREL2",5,2,12,19,26.3157894736842,7
"LETM2",5,4,41,50,10,9
"LIX1",5,8,24,37,13.5135135135135,13
"LIX1L",5,2,21,28,17.8571428571429,7
"LMF2",5,0,8,13,38.4615384615385,5
"LNX1",5,0,5,10,50,5
"LRTOMT",5,1,15,21,23.8095238095238,6
"LTA4H",5,2,25,32,15.625,7
"LXN",5,1,13,19,26.3157894736842,6
"LYL1",5,1,6,12,41.6666666666667,6
"MALAT1",5,1,9,15,33.3333333333333,6
"MAML2",5,4,35,44,11.3636363636364,9
"MAP7D1",5,0,14,19,26.3157894736842,5
"MARCKS",5,4,24,33,15.1515151515152,9
"MARS",5,1,12,18,27.7777777777778,6
"MBNL1",5,1,7,13,38.4615384615385,6
"MBNL1-AS1",5,1,6,12,41.6666666666667,6
"MCTP1",5,2,10,17,29.4117647058824,7
"MDH2",5,1,21,27,18.5185185185185,6
"MGST3",5,1,22,28,17.8571428571429,6
"MIR1203",5,2,7,14,35.7142857142857,7
"MIR1260B",5,4,35,44,11.3636363636364,9
"MIR1290",5,1,13,19,26.3157894736842,6
"MIR152",5,3,7,15,33.3333333333333,8
"MIR15B",5,0,5,10,50,5
"MIR16",5,0,6,11,45.4545454545455,5
"MIR193B",5,8,18,31,16.1290322580645,13
"MIR196B",5,1,8,14,35.7142857142857,6
"MIR365A",5,5,13,23,21.7391304347826,10
"MIR4257",5,5,18,28,17.8571428571429,10
"MIR4466",5,0,7,12,41.6666666666667,5
"MIR4687",5,2,15,22,22.7272727272727,7
"MIR589",5,0,11,16,31.25,5
"MIR877",5,0,11,16,31.25,5
"MIR9",5,0,11,16,31.25,5
"MLH1",5,7,27,39,12.8205128205128,12
"MMP20",5,6,34,45,11.1111111111111,11
"MRFAP1",5,2,14,21,23.8095238095238,7
"MRPL37",5,1,21,27,18.5185185185185,6
"MSH5",5,0,12,17,29.4117647058824,5
"MSH5-SAPCD1",5,0,15,20,25,5
"MTDH",5,1,10,16,31.25,6
"MTHFD2",5,3,15,23,21.7391304347826,8
"MXI1",5,5,39,49,10.2040816326531,10
"MYB",5,6,14,25,20,11
"MYB-AS1",5,6,13,24,20.8333333333333,11
"NAA15",5,6,11,22,22.7272727272727,11
"NAT14",5,0,19,24,20.8333333333333,5
"NCAPH",5,5,42,52,9.61538461538462,10
"NCAPH2",5,0,9,14,35.7142857142857,5
"NCOR1",5,8,21,34,14.7058823529412,13
"NDUFC1",5,6,11,22,22.7272727272727,11
"NEDD8",5,0,32,37,13.5135135135135,5
"NEK10",5,4,24,33,15.1515151515152,9
"NEK5",5,2,11,18,27.7777777777778,7
"NEK8",5,1,17,23,21.7391304347826,6
"NEUROG2",5,1,14,20,25,6
"NFE2L3",5,3,15,23,21.7391304347826,8
"NFKB2",5,0,12,17,29.4117647058824,5
"NIFK",5,3,15,23,21.7391304347826,8
"NNT",5,2,6,13,38.4615384615385,7
"NNT-AS1",5,2,6,13,38.4615384615385,7
"NOA1",5,4,21,30,16.6666666666667,9
"NPRL2",5,1,18,24,20.8333333333333,6
"NRL",5,0,22,27,18.5185185185185,5
"NSUN3",5,8,16,29,17.2413793103448,13
"NSUN6",5,7,21,33,15.1515151515152,12
"NTRK1",5,1,13,19,26.3157894736842,6
"NUMA1",5,1,23,29,17.2413793103448,6
"NVL",5,3,19,27,18.5185185185185,8
"NXPE3",5,0,5,10,50,5
"OR5C1",5,0,5,10,50,5
"OSGEP",5,4,24,33,15.1515151515152,9
"OSGIN2",5,7,21,33,15.1515151515152,12
"OTUD4",5,2,20,27,18.5185185185185,7
"PABPC1",5,6,27,38,13.1578947368421,11
"PAICS",5,1,11,17,29.4117647058824,6
"PAPD7",5,2,27,34,14.7058823529412,7
"PAXIP1-AS2",5,8,37,50,10,13
"PCCB",5,3,12,20,25,8
"PCDHA2",5,0,20,25,20,5
"PCDHA3",5,0,18,23,21.7391304347826,5
"PCDHA4",5,0,13,18,27.7777777777778,5
"PCDHA7",5,0,15,20,25,5
"PCDHA8",5,0,15,20,25,5
"PCDHA9",5,0,18,23,21.7391304347826,5
"PCDHB10",5,0,19,24,20.8333333333333,5
"PCDHB9",5,0,19,24,20.8333333333333,5
"PCDHGA3",5,0,16,21,23.8095238095238,5
"PCDHGB6",5,0,14,19,26.3157894736842,5
"PDE12",5,0,9,14,35.7142857142857,5
"PDS5B",5,2,8,15,33.3333333333333,7
"PFKFB2",5,3,19,27,18.5185185185185,8
"PGK2",5,4,3,12,41.6666666666667,9
"PGRMC2",5,2,29,36,13.8888888888889,7
"PIK3C2B",5,0,14,19,26.3157894736842,5
"PINLYP",5,2,7,14,35.7142857142857,7
"PLB1",5,0,11,16,31.25,5
"PLK2",5,3,29,37,13.5135135135135,8
"PLSCR1",5,2,13,20,25,7
"PLXNB2",5,1,12,18,27.7777777777778,6
"PNP",5,4,21,30,16.6666666666667,9
"POLR3GL",5,1,19,25,20,6
"PPAT",5,1,11,17,29.4117647058824,6
"PPIL4",5,4,27,36,13.8888888888889,9
"PPP1R11",5,1,29,35,14.2857142857143,6
"PPP1R21",5,1,24,30,16.6666666666667,6
"PSMD12",5,1,20,26,19.2307692307692,6
"PYCARD",5,1,29,35,14.2857142857143,6
"RAB2A",5,6,18,29,17.2413793103448,11
"RAB43",5,1,16,22,22.7272727272727,6
"RAB7L1",5,0,9,14,35.7142857142857,5
"RAI1",5,0,34,39,12.8205128205128,5
"RAMP1",5,4,34,43,11.6279069767442,9
"RARA",5,3,17,25,20,8
"RCOR1",5,3,7,15,33.3333333333333,8
"RFXAP",5,5,19,29,17.2413793103448,10
"RHAG",5,6,3,14,35.7142857142857,11
"RIPK2",5,7,25,37,13.5135135135135,12
"RMRPP4",5,5,26,36,13.8888888888889,10
"RN7SKP107",5,0,7,12,41.6666666666667,5
"RN7SL473P",5,5,18,28,17.8571428571429,10
"RN7SL600P",5,5,18,28,17.8571428571429,10
"RNASE6",5,5,34,44,11.3636363636364,10
"RNF122",5,6,26,37,13.5135135135135,11
"RNF146",5,0,8,13,38.4615384615385,5
"RNF220",5,0,21,26,19.2307692307692,5
"RNF31",5,0,22,27,18.5185185185185,5
"RNU6-369P",5,0,23,28,17.8571428571429,5
"RNU6-471P",5,1,5,11,45.4545454545455,6
"RNU6-560P",5,3,26,34,14.7058823529412,8
"RNU6-588P",5,0,14,19,26.3157894736842,5
"RNU6-63P",5,0,7,12,41.6666666666667,5
"RNU6-653P",5,0,13,18,27.7777777777778,5
"RNU6-752P",5,6,34,45,11.1111111111111,11
"RNU6-850P",5,0,10,15,33.3333333333333,5
"RNU6-925P",5,7,21,33,15.1515151515152,12
"RNU7",5,4,9,18,27.7777777777778,9
"RNU7-107P",5,5,26,36,13.8888888888889,10
"RNU7-110P",5,8,27,40,12.5,13
"RNU7-169P",5,2,18,25,20,7
"RNU7-172P",5,3,14,22,22.7272727272727,8
"RNU7-188P",5,0,1,6,83.3333333333333,5
"RNU7-26P",5,3,28,36,13.8888888888889,8
"ROPN1L",5,1,39,45,11.1111111111111,6
"ROPN1L-AS1",5,1,39,45,11.1111111111111,6
"RP1-212P9.3",5,2,9,16,31.25,7
"RP1-3J17.3",5,2,21,28,17.8571428571429,7
"RP11-1007G5.2",5,4,42,51,9.80392156862745,9
"RP11-102C16.3",5,0,6,11,45.4545454545455,5
"RP11-163N6.2",5,6,18,29,17.2413793103448,11
"RP11-180M15.4",5,1,14,20,25,6
"RP11-191L17.1",5,1,24,30,16.6666666666667,6
"RP11-216L13.17",5,0,4,9,55.5555555555556,5
"RP11-230C9.2",5,0,7,12,41.6666666666667,5
"RP11-230C9.3",5,0,7,12,41.6666666666667,5
"RP11-230C9.4",5,0,7,12,41.6666666666667,5
"RP11-245J9.4",5,3,39,47,10.6382978723404,8
"RP11-259P20.1",5,3,26,34,14.7058823529412,8
"RP11-284F21.11",5,0,21,26,19.2307692307692,5
"RP11-326F20.5",5,3,16,24,20.8333333333333,8
"RP11-327F22.1",5,4,42,51,9.80392156862745,9
"RP11-356I2.4",5,3,21,29,17.2413793103448,8
"RP11-37B2.1",5,7,25,37,13.5135135135135,12
"RP11-380D23.1",5,1,20,26,19.2307692307692,6
"RP11-382A20.7",5,13,34,52,9.61538461538462,18
"RP11-402J6.1",5,1,14,20,25,6
"RP11-422P24.10",5,2,13,20,25,7
"RP11-446E24.4",5,1,21,27,18.5185185185185,6
"RP11-47I22.4",5,2,31,38,13.1578947368421,7
"RP11-496B10.3",5,3,25,33,15.1515151515152,8
"RP11-503E24.2",5,2,9,16,31.25,7
"RP11-549L6.3",5,5,39,49,10.2040816326531,10
"RP11-54A4.2",5,5,18,28,17.8571428571429,10
"RP11-568N6.1",5,1,21,27,18.5185185185185,6
"RP11-571L19.7",5,3,30,38,13.1578947368421,8
"RP11-574K11.8",5,0,14,19,26.3157894736842,5
"RP11-61E11.2",5,4,26,35,14.2857142857143,9
"RP11-680A11.5",5,2,16,23,21.7391304347826,7
"RP11-680B3.2",5,2,14,21,23.8095238095238,7
"RP11-689B22.2",5,2,22,29,17.2413793103448,7
"RP11-689J19.1",5,2,15,22,22.7272727272727,7
"RP11-700H6.1",5,0,21,26,19.2307692307692,5
"RP11-700H6.2",5,0,21,26,19.2307692307692,5
"RP11-793H13.10",5,4,12,21,23.8095238095238,9
"RP11-809O17.1",5,3,32,40,12.5,8
"RP11-817J15.2",5,4,29,38,13.1578947368421,9
"RP11-857B24.1",5,10,21,36,13.8888888888889,15
"RP11-872D17.4",5,5,31,41,12.1951219512195,10
"RP11-887P2.5",5,1,13,19,26.3157894736842,6
"RP4-790G17.7",5,4,19,28,17.8571428571429,9
"RP5-837M10.4",5,0,3,8,62.5,5
"RPA3",5,0,14,19,26.3157894736842,5
"RPA3-AS1",5,0,14,19,26.3157894736842,5
"RPF2",5,1,9,15,33.3333333333333,6
"RPL24",5,3,12,20,25,8
"RPL29",5,2,17,24,20.8333333333333,7
"RPP38",5,2,17,24,20.8333333333333,7
"RPS21",5,3,20,28,17.8571428571429,8
"RSL24D1",5,2,26,33,15.1515151515152,7
"SDPR",5,3,10,18,27.7777777777778,8
"SEC31A",5,1,10,16,31.25,6
"SEC61B",5,6,11,22,22.7272727272727,11
"SELPLG",5,2,22,29,17.2413793103448,7
"SERPINB6",5,0,4,9,55.5555555555556,5
"SERPING1",5,0,9,14,35.7142857142857,5
"SHFM1",5,2,5,12,41.6666666666667,7
"SHISA7",5,1,14,20,25,6
"SIK3",5,7,28,40,12.5,12
"SKAP1",5,2,8,15,33.3333333333333,7
"SKIDA1",5,2,13,20,25,7
"SLC16A11",5,2,20,27,18.5185185185185,7
"SLC20A2",5,2,9,16,31.25,7
"SLC29A3",5,3,26,34,14.7058823529412,8
"SLC30A7",5,3,21,29,17.2413793103448,8
"SLC39A1",5,2,13,20,25,7
"SLC9A9-AS1",5,2,24,31,16.1290322580645,7
"SLK",5,5,29,39,12.8205128205128,10
"SMIM19",5,2,9,16,31.25,7
"SMPD1",5,2,19,26,19.2307692307692,7
"SNORA26.1",5,3,18,26,19.2307692307692,8
"SNORA80B",5,2,24,31,16.1290322580645,7
"SNORD112.2",5,10,56,71,7.04225352112676,15
"SNORD42A",5,1,17,23,21.7391304347826,6
"SNORD42B",5,1,23,29,17.2413793103448,6
"SNORD4A",5,1,16,22,22.7272727272727,6
"SNORD4B",5,1,17,23,21.7391304347826,6
"SNORD56B",5,5,37,47,10.6382978723404,10
"SNORD8",5,2,15,22,22.7272727272727,7
"SNORD9",5,2,15,22,22.7272727272727,7
"snoU13.114",5,4,19,28,17.8571428571429,9
"snoU13.124",5,1,25,31,16.1290322580645,6
"snoU13.191",5,7,18,30,16.6666666666667,12
"snoU13.196",5,4,32,41,12.1951219512195,9
"snoU13.271",5,3,18,26,19.2307692307692,8
"snoU13.312",5,3,13,21,23.8095238095238,8
"snoU13.341",5,3,7,15,33.3333333333333,8
"snoU13.419",5,3,12,20,25,8
"snoU13.433",5,1,46,52,9.61538461538462,6
"snoU13.456",5,1,14,20,25,6
"snoU13.77",5,8,35,48,10.4166666666667,13
"SNRPGP7",5,0,11,16,31.25,5
"SNX11",5,1,8,14,35.7142857142857,6
"SPIDR",5,1,24,30,16.6666666666667,6
"SRRD",5,0,4,9,55.5555555555556,5
"SRRM5",5,2,7,14,35.7142857142857,7
"SSC5D",5,0,19,24,20.8333333333333,5
"SSR3",5,2,29,36,13.8888888888889,7
"STIM1",5,2,15,22,22.7272727272727,7
"STX1B",5,0,20,25,20,5
"STYXL1",5,1,21,27,18.5185185185185,6
"SUGP2",5,0,7,12,41.6666666666667,5
"SUPT4H1",5,0,4,9,55.5555555555556,5
"TBC1D31",5,1,27,33,15.1515151515152,6
"TCTEX1D1",5,0,12,17,29.4117647058824,5
"TCTN3",5,1,15,21,23.8095238095238,6
"TECPR1",5,2,4,11,45.4545454545455,7
"TFP1",5,7,10,22,22.7272727272727,12
"TG",5,1,24,30,16.6666666666667,6
"TGS1",5,4,14,23,21.7391304347826,9
"THADA",5,0,6,11,45.4545454545455,5
"THAP2",5,15,41,61,8.19672131147541,20
"THAP9",5,1,10,16,31.25,6
"THAP9-AS1",5,1,10,16,31.25,6
"THOC7",5,3,18,26,19.2307692307692,8
"THOC7-AS1",5,3,18,26,19.2307692307692,8
"TLCD1",5,1,17,23,21.7391304347826,6
"TM4SF18",5,1,4,10,50,6
"TMBIM1",5,3,14,22,22.7272727272727,8
"TMEM127",5,4,36,45,11.1111111111111,9
"TMEM130",5,3,19,27,18.5185185185185,8
"TMEM141",5,0,4,9,55.5555555555556,5
"TMEM230",5,2,11,18,27.7777777777778,7
"TMEM5",5,2,7,14,35.7142857142857,7
"TMEM55B",5,3,17,25,20,8
"TMEM68",5,4,14,23,21.7391304347826,9
"TNFAIP3",5,3,21,29,17.2413793103448,8
"TNIP2",5,2,13,20,25,7
"TOPBP1",5,7,10,22,22.7272727272727,12
"TRAF1",5,2,25,32,15.625,7
"TRAM2",5,3,20,28,17.8571428571429,8
"TRAM2-AS1",5,3,20,28,17.8571428571429,8
"TRAPPC3",5,0,14,19,26.3157894736842,5
"TRAPPC8",5,3,17,25,20,8
"TRMT1",5,1,6,12,41.6666666666667,6
"TSC22D1",5,4,28,37,13.5135135135135,9
"TSHR",5,4,29,38,13.1578947368421,9
"TSN",5,3,15,23,21.7391304347826,8
"TTC14",5,3,25,33,15.1515151515152,8
"UBAP2L",5,1,13,19,26.3157894736842,6
"UBE3C",5,11,26,42,11.9047619047619,16
"UBP1",5,9,32,46,10.8695652173913,14
"UBR5",5,0,10,15,33.3333333333333,5
"UFM1",5,4,9,18,27.7777777777778,9
"ULK3",5,0,13,18,27.7777777777778,5
"USP39",5,3,28,36,13.8888888888889,8
"VIPR1",5,0,13,18,27.7777777777778,5
"WRAP53",5,0,13,18,27.7777777777778,5
"WRNIP1",5,0,5,10,50,5
"XKR9",5,1,15,21,23.8095238095238,6
"XRCC1",5,2,7,14,35.7142857142857,7
"XXbac-BPG249D20.9",5,0,11,16,31.25,5
"Y_RNA.325",5,1,5,11,45.4545454545455,6
"ZC3H13",5,0,6,11,45.4545454545455,5
"ZDHHC5",5,3,28,36,13.8888888888889,8
"ZFC3H1",5,15,41,61,8.19672131147541,20
"ZMYND8",5,4,25,34,14.7058823529412,9
"ZNF155",5,6,16,27,18.5185185185185,11
"ZNF217",5,1,47,53,9.43396226415094,6
"ZNF277",5,2,27,34,14.7058823529412,7
"ZNF526",5,2,18,25,20,7
"ZNF572",5,5,39,49,10.2040816326531,10
"ZNF576",5,2,7,14,35.7142857142857,7
"ZNF639",5,6,19,30,16.6666666666667,11
"ZNF689",5,2,14,21,23.8095238095238,7
"ZSCAN16",5,2,20,27,18.5185185185185,7
"AAMP",4,3,33,40,10,7
"AASDH",4,0,17,21,19.047619047619,4
"ABT1",4,2,30,36,11.1111111111111,6
"AC002454.1",4,2,19,25,16,6
"AC005220.3",4,2,41,47,8.51063829787234,6
"AC005609.1",4,0,13,17,23.5294117647059,4
"AC006483.1",4,0,12,16,25,4
"AC006960.7",4,0,3,7,57.1428571428571,4
"AC007041.1",4,6,34,44,9.09090909090909,10
"AC007750.5",4,1,2,7,57.1428571428571,5
"AC009121.1",4,0,12,16,25,4
"AC010226.4",4,9,37,50,8,13
"AC010295.1",4,1,5,10,40,5
"AC010980.2",4,4,11,19,21.0526315789474,8
"AC011747.7",4,0,25,29,13.7931034482759,4
"AC012467.1",4,1,18,23,17.3913043478261,5
"AC017083.3",4,1,13,18,22.2222222222222,5
"AC017104.2",4,8,22,34,11.7647058823529,12
"AC021860.1",4,2,29,35,11.4285714285714,6
"AC026956.1",4,0,12,16,25,4
"AC034228.3",4,6,14,24,16.6666666666667,10
"AC034243.1",4,1,13,18,22.2222222222222,5
"AC040162.1",4,1,12,17,23.5294117647059,5
"AC068669.1",4,1,13,18,22.2222222222222,5
"AC079807.2",4,3,21,28,14.2857142857143,7
"AC087269.1",4,3,21,28,14.2857142857143,7
"AC092171.2",4,0,12,16,25,4
"AC092839.3",4,0,6,10,40,4
"AC093602.1",4,1,10,15,26.6666666666667,5
"AC093620.5",4,0,12,16,25,4
"AC100830.4",4,2,19,25,16,6
"AC100830.5",4,2,19,25,16,6
"AC100832.1",4,1,5,10,40,5
"AC105053.4",4,0,9,13,30.7692307692308,4
"AC112219.1",4,1,32,37,10.8108108108108,5
"AC113189.5",4,0,14,18,22.2222222222222,4
"AC116533.1",4,3,23,30,13.3333333333333,7
"AC120194.1",4,1,4,9,44.4444444444444,5
"AC124309.1",4,6,51,61,6.55737704918033,10
"ACAD8",4,2,26,32,12.5,6
"ACBD7",4,0,14,18,22.2222222222222,4
"ACD",4,0,24,28,14.2857142857143,4
"ACOX2",4,2,9,15,26.6666666666667,6
"ACSF2",4,1,3,8,50,5
"ACSL3",4,1,28,33,12.1212121212121,5
"ACTA2-AS1",4,2,9,15,26.6666666666667,6
"ACTR8",4,1,18,23,17.3913043478261,5
"ADAD2",4,3,15,22,18.1818181818182,7
"ADAMTS4",4,1,8,13,30.7692307692308,5
"ADH5",4,1,10,15,26.6666666666667,5
"ADHFE1",4,6,26,36,11.1111111111111,10
"ADORA2A",4,0,11,15,26.6666666666667,4
"ADORA3",4,1,6,11,36.3636363636364,5
"ADPGK",4,0,14,18,22.2222222222222,4
"ADPGK-AS1",4,0,14,18,22.2222222222222,4
"AFF1",4,1,26,31,12.9032258064516,5
"AGAP2-AS1",4,3,10,17,23.5294117647059,7
"AGAP3",4,0,13,17,23.5294117647059,4
"AGFG1",4,11,22,37,10.8108108108108,15
"AJUBA",4,0,8,12,33.3333333333333,4
"AK1",4,0,6,10,40,4
"AKAP10",4,4,25,33,12.1212121212121,8
"AL365181.1",4,0,17,21,19.047619047619,4
"AL390776.1",4,0,17,21,19.047619047619,4
"AL590431.1",4,1,10,15,26.6666666666667,5
"ALDH1B1",4,3,22,29,13.7931034482759,7
"ALG11",4,0,9,13,30.7692307692308,4
"ALPK3",4,4,22,30,13.3333333333333,8
"AMZ1",4,1,19,24,16.6666666666667,5
"ANAPC13",4,4,22,30,13.3333333333333,8
"ANAPC15",4,1,13,18,22.2222222222222,5
"ANGPT1",4,5,14,23,17.3913043478261,9
"ANTXR2",4,1,9,14,28.5714285714286,5
"AP001442.2",4,0,8,12,33.3333333333333,4
"AP006216.10",4,5,21,30,13.3333333333333,9
"AP006216.11",4,5,21,30,13.3333333333333,9
"AP3S2",4,0,7,11,36.3636363636364,4
"AP4S1",4,2,8,14,28.5714285714286,6
"APH1B",4,4,17,25,16,8
"APOA1BP",4,0,17,21,19.047619047619,4
"APOA5",4,4,19,27,14.8148148148148,8
"APTX",4,4,29,37,10.8108108108108,8
"ARAP2",4,5,35,44,9.09090909090909,9
"ARF4",4,1,6,11,36.3636363636364,5
"ARF5",4,0,8,12,33.3333333333333,4
"ARHGAP18",4,1,15,20,20,5
"ARHGAP9",4,0,10,14,28.5714285714286,4
"ARID2",4,4,19,27,14.8148148148148,8
"ARMC2",4,2,13,19,21.0526315789474,6
"ARPC4",4,4,20,28,14.2857142857143,8
"ARPC4-TTLL3",4,4,20,28,14.2857142857143,8
"AS3MT",4,0,11,15,26.6666666666667,4
"ATAD2B",4,2,17,23,17.3913043478261,6
"ATG16L1",4,5,25,34,11.7647058823529,9
"ATG3",4,0,18,22,18.1818181818182,4
"ATL1",4,1,12,17,23.5294117647059,5
"ATP5F1",4,2,18,24,16.6666666666667,6
"ATP7B",4,0,9,13,30.7692307692308,4
"ATR",4,1,6,11,36.3636363636364,5
"AUP1",4,0,17,21,19.047619047619,4
"AURKA",4,1,33,38,10.5263157894737,5
"B4GALT3",4,0,4,8,50,4
"BAG1",4,2,12,18,22.2222222222222,6
"BAIAP2L2",4,0,9,13,30.7692307692308,4
"BANF2",4,2,14,20,20,6
"BBS5",4,2,5,11,36.3636363636364,6
"BCAT1",4,4,21,29,13.7931034482759,8
"BCDIN3D",4,0,15,19,21.0526315789474,4
"BCKDHB",4,1,9,14,28.5714285714286,5
"BEAN1",4,4,36,44,9.09090909090909,8
"BFSP1",4,0,11,15,26.6666666666667,4
"BPGM",4,3,10,17,23.5294117647059,7
"BRCA2",4,3,11,18,22.2222222222222,7
"BRF1",4,1,16,21,19.047619047619,5
"BRI3",4,0,7,11,36.3636363636364,4
"BRICD5",4,1,3,8,50,5
"BTAF1",4,1,8,13,30.7692307692308,5
"BUD13",4,5,21,30,13.3333333333333,9
"C11orf49",4,0,10,14,28.5714285714286,4
"C11orf73",4,2,28,34,11.7647058823529,6
"C12orf68",4,1,34,39,10.2564102564103,5
"C15orf38",4,0,7,11,36.3636363636364,4
"C15orf38-AP3S2",4,0,7,11,36.3636363636364,4
"C16orf86",4,0,16,20,20,4
"C16orf92",4,3,8,15,26.6666666666667,7
"C16orf93",4,3,9,16,25,7
"C1orf105",4,0,9,13,30.7692307692308,4
"C1orf141",4,0,3,7,57.1428571428571,4
"C1orf220",4,2,12,18,22.2222222222222,6
"C1ORF220",4,2,12,18,22.2222222222222,6
"C1orf61",4,0,9,13,30.7692307692308,4
"C1QL4",4,1,10,15,26.6666666666667,5
"C22orf24",4,3,15,22,18.1818181818182,7
"C4orf36",4,1,26,31,12.9032258064516,5
"C6orf100",4,0,26,30,13.3333333333333,4
"C6orf62",4,2,21,27,14.8148148148148,6
"C7orf60",4,2,8,14,28.5714285714286,6
"C8orf88",4,4,8,16,25,8
"C9orf43",4,1,20,25,16,5
"CALCRL",4,1,15,20,20,5
"CARS2",4,1,12,17,23.5294117647059,5
"CASC3",4,1,13,18,22.2222222222222,5
"CBR4",4,3,17,24,16.6666666666667,7
"CCDC147",4,6,30,40,10,10
"CCDC147-AS1",4,6,30,40,10,10
"CCDC149",4,7,18,29,13.7931034482759,11
"CCDC183",4,1,10,15,26.6666666666667,5
"CCDC183-AS1",4,1,6,11,36.3636363636364,5
"CCL24",4,2,37,43,9.30232558139535,6
"CCNA1",4,7,12,23,17.3913043478261,11
"CCNB1",4,5,29,38,10.5263157894737,9
"CCNG1",4,1,31,36,11.1111111111111,5
"CCR1",4,1,21,26,15.3846153846154,5
"CCRN4L",4,1,10,15,26.6666666666667,5
"CCT2",4,2,8,14,28.5714285714286,6
"CCT3",4,0,10,14,28.5714285714286,4
"CCT6B",4,1,16,21,19.047619047619,5
"CD164",4,1,16,21,19.047619047619,5
"CD69",4,4,13,21,19.047619047619,8
"CD93",4,5,41,50,8,9
"CDH15",4,1,15,20,20,5
"CDK6",4,2,19,25,16,6
"CDK7",4,4,15,23,17.3913043478261,8
"CDKL4",4,1,10,15,26.6666666666667,5
"CDKN1B",4,3,19,26,15.3846153846154,7
"CDKN2D",4,0,17,21,19.047619047619,4
"CENPH",4,4,24,32,12.5,8
"CENPK",4,3,17,24,16.6666666666667,7
"CENPP",4,3,18,25,16,7
"CEP152",4,3,9,16,25,7
"CEP63",4,4,22,30,13.3333333333333,8
"CETN3",4,1,15,20,20,5
"CFI",4,1,5,10,40,5
"CHAD",4,1,3,8,50,5
"CHD3",4,0,17,21,19.047619047619,4
"CHD7",4,5,28,37,10.8108108108108,9
"CHML",4,11,35,50,8,15
"CHMP4A",4,1,28,33,12.1212121212121,5
"CHMP5",4,2,12,18,22.2222222222222,6
"CLCN3",4,1,12,17,23.5294117647059,5
"CLDN23",4,3,21,28,14.2857142857143,7
"CLEC16A",4,2,18,24,16.6666666666667,6
"CLEC7A",4,4,18,26,15.3846153846154,8
"CLEC9A",4,1,18,23,17.3913043478261,5
"CLECL1",4,1,10,15,26.6666666666667,5
"CLK1",4,0,11,15,26.6666666666667,4
"CLVS1",4,0,24,28,14.2857142857143,4
"CMAS",4,1,10,15,26.6666666666667,5
"CNBP",4,1,6,11,36.3636363636364,5
"CORO6",4,5,8,17,23.5294117647059,9
"COX6A2",4,1,16,21,19.047619047619,5
"COX7A2",4,4,21,29,13.7931034482759,8
"CPLX3",4,0,10,14,28.5714285714286,4
"CSNK2B-LY6G5B",4,0,15,19,21.0526315789474,4
"CSTF1",4,1,33,38,10.5263157894737,5
"CTA-212D2.2",4,1,4,9,44.4444444444444,5
"CTA-445C9.14",4,0,4,8,50,4
"CTA-445C9.15",4,0,4,8,50,4
"CTC-321K16.1",4,6,9,19,21.0526315789474,10
"CTC-338M12.4",4,0,10,14,28.5714285714286,4
"CTC-378H22.1",4,2,20,26,15.3846153846154,6
"CTD-2105E13.15",4,0,9,13,30.7692307692308,4
"CTD-2203A3.1",4,1,3,8,50,5
"CTD-2292M16.7",4,2,4,10,40,6
"CTD-2647L4.1",4,0,3,7,57.1428571428571,4
"CTD-2650P22.1",4,2,26,32,12.5,6
"CTDSP1",4,0,18,22,18.1818181818182,4
"CTSK",4,1,11,16,25,5
"CUL2",4,2,35,41,9.75609756097561,6
"CWF19L2",4,0,5,9,44.4444444444444,4
"CXCL3",4,2,11,17,23.5294117647059,6
"CXXC5",4,0,13,17,23.5294117647059,4
"DAB2",4,2,25,31,12.9032258064516,6
"DANCR",4,1,2,7,57.1428571428571,5
"DAO",4,0,9,13,30.7692307692308,4
"DBF4",4,3,11,18,22.2222222222222,7
"DCAF16",4,6,24,34,11.7647058823529,10
"DCLRE1CP1",4,0,14,18,22.2222222222222,4
"DCPS",4,3,7,14,28.5714285714286,7
"DCUN1D3",4,1,5,10,40,5
"DDC",4,0,10,14,28.5714285714286,4
"DDIT3",4,0,10,14,28.5714285714286,4
"DDX47",4,0,9,13,30.7692307692308,4
"DDX54",4,2,29,35,11.4285714285714,6
"DEDD",4,0,16,20,20,4
"DEGS2",4,1,14,19,21.0526315789474,5
"DENND4C",4,1,9,14,28.5714285714286,5
"DHRS11",4,0,8,12,33.3333333333333,4
"DHX58",4,3,11,18,22.2222222222222,7
"DIS3",4,3,6,13,30.7692307692308,7
"DLEU1",4,0,18,22,18.1818181818182,4
"DLEU2",4,0,18,22,18.1818181818182,4
"DMKN",4,2,30,36,11.1111111111111,6
"DMXL2",4,0,3,7,57.1428571428571,4
"DNAAF1",4,3,16,23,17.3913043478261,7
"DNAJA1",4,4,29,37,10.8108108108108,8
"DNAJC8",4,1,9,14,28.5714285714286,5
"DNASE1L2",4,1,3,8,50,5
"DOC2A",4,4,14,22,18.1818181818182,8
"DSTN",4,0,11,15,26.6666666666667,4
"DTL",4,4,18,26,15.3846153846154,8
"DUSP12",4,0,11,15,26.6666666666667,4
"E2F3",4,6,32,42,9.52380952380952,10
"E4F1",4,1,3,8,50,5
"EDC4",4,1,12,17,23.5294117647059,5
"EFCAB14",4,5,19,28,14.2857142857143,9
"EFHC1",4,4,24,32,12.5,8
"EGF",4,3,15,22,18.1818181818182,7
"EIF5A",4,4,16,24,16.6666666666667,8
"ELF1",4,1,6,11,36.3636363636364,5
"ELFN2",4,0,8,12,33.3333333333333,4
"ELOVL3",4,0,15,19,21.0526315789474,4
"EMG1",4,3,9,16,25,7
"EML2",4,0,5,9,44.4444444444444,4
"EMP1",4,0,24,28,14.2857142857143,4
"EMR3",4,0,3,7,57.1428571428571,4
"EN1",4,1,17,22,18.1818181818182,5
"ENKD1",4,0,25,29,13.7931034482759,4
"ENO4",4,1,7,12,33.3333333333333,5
"ENOPH1",4,0,12,16,25,4
"ERAP2",4,4,18,26,15.3846153846154,8
"ERC1",4,0,8,12,33.3333333333333,4
"ERCC1",4,1,7,12,33.3333333333333,5
"ERI1",4,3,28,35,11.4285714285714,7
"ERI2",4,2,8,14,28.5714285714286,6
"ERI3",4,0,16,20,20,4
"ESF1",4,2,10,16,25,6
"ETV5",4,1,7,12,33.3333333333333,5
"FAIM3",4,0,16,20,20,4
"FAM101A",4,2,42,48,8.33333333333333,6
"FAM101B",4,4,17,25,16,8
"FAM110D",4,2,15,21,19.047619047619,6
"FAM129A",4,2,11,17,23.5294117647059,6
"FAM194B",4,1,8,13,30.7692307692308,5
"FAM219B",4,1,12,17,23.5294117647059,5
"FAM228B",4,3,4,11,36.3636363636364,7
"FAM26E",4,3,21,28,14.2857142857143,7
"FAM57B",4,3,8,15,26.6666666666667,7
"FAM83F",4,1,21,26,15.3846153846154,5
"FAR2",4,3,12,19,21.0526315789474,7
"FARSB",4,2,10,16,25,6
"FASTKD3",4,4,33,41,9.75609756097561,8
"FBXL19",4,3,11,18,22.2222222222222,7
"FBXL19-AS1",4,3,11,18,22.2222222222222,7
"FBXO11",4,3,21,28,14.2857142857143,7
"FEM1C",4,14,45,63,6.34920634920635,18
"FGD2",4,4,23,31,12.9032258064516,8
"FGF11",4,2,17,23,17.3913043478261,6
"FGF8",4,3,15,22,18.1818181818182,7
"FKRP",4,0,9,13,30.7692307692308,4
"FLOT1",4,2,20,26,15.3846153846154,6
"FNBP4",4,8,28,40,10,12
"FSCN3",4,0,8,12,33.3333333333333,4
"FTL",4,0,17,21,19.047619047619,4
"FTSJ2",4,1,21,26,15.3846153846154,5
"GADD45A",4,0,17,21,19.047619047619,4
"GALNT4",4,1,8,13,30.7692307692308,5
"GALR2",4,2,12,18,22.2222222222222,6
"GAPDHP45",4,0,14,18,22.2222222222222,4
"GBA2",4,0,11,15,26.6666666666667,4
"GCC2",4,3,23,30,13.3333333333333,7
"GCG",4,0,1,5,80,4
"GCH1",4,0,21,25,16,4
"GFM1",4,1,11,16,25,5
"GGT6",4,1,11,16,25,5
"GHRH",4,0,7,11,36.3636363636364,4
"GJA3",4,1,3,8,50,5
"GLI1",4,1,10,15,26.6666666666667,5
"GNB2L1",4,0,10,14,28.5714285714286,4
"GOT1",4,2,10,16,25,6
"GPR88",4,0,4,8,50,4
"GPS2",4,4,19,27,14.8148148148148,8
"GSAP",4,3,29,36,11.1111111111111,7
"GSN",4,1,19,24,16.6666666666667,5
"HAPLN4",4,3,17,24,16.6666666666667,7
"HBS1L",4,1,4,9,44.4444444444444,5
"HCRT",4,2,19,25,16,6
"HDDC2",4,3,24,31,12.9032258064516,7
"HEATR3",4,1,25,30,13.3333333333333,5
"HINT1",4,1,12,17,23.5294117647059,5
"HIPK1",4,3,11,18,22.2222222222222,7
"HIST1H1E",4,1,25,30,13.3333333333333,5
"HIST1H1PS1",4,1,24,29,13.7931034482759,5
"HIST1H2AL",4,2,28,34,11.7647058823529,6
"HIST1H2BD",4,1,25,30,13.3333333333333,5
"HIST1H2BF",4,1,32,37,10.8108108108108,5
"HIST1H2BH",4,1,29,34,11.7647058823529,5
"HIST1H2BPS2",4,2,28,34,11.7647058823529,6
"HIST1H4D",4,1,24,29,13.7931034482759,5
"HIST1H4E",4,1,32,37,10.8108108108108,5
"HIST1H4F",4,0,22,26,15.3846153846154,4
"HIVEP2",4,1,8,13,30.7692307692308,5
"HK2",4,0,18,22,18.1818181818182,4
"HMGN3",4,5,3,12,33.3333333333333,9
"HMGN3-AS1",4,5,3,12,33.3333333333333,9
"HN1L",4,0,4,8,50,4
"HNRNPDL",4,0,12,16,25,4
"HNRNPK",4,4,30,38,10.5263157894737,8
"HOTTIP",4,6,26,36,11.1111111111111,10
"HOXA-AS2",4,1,5,10,40,5
"HOXA11",4,0,14,18,22.2222222222222,4
"HOXA11-AS",4,0,14,18,22.2222222222222,4
"HOXA13",4,6,26,36,11.1111111111111,10
"HOXA2",4,1,5,10,40,5
"HSDL1",4,3,12,19,21.0526315789474,7
"HTRA2",4,0,17,21,19.047619047619,4
"IBTK",4,6,15,25,16,10
"ID2",4,0,25,29,13.7931034482759,4
"IDH1",4,1,15,20,20,5
"IDH1-AS1",4,1,14,19,21.0526315789474,5
"IDI1",4,4,18,26,15.3846153846154,8
"IER3",4,2,20,26,15.3846153846154,6
"IFT27",4,2,28,34,11.7647058823529,6
"IFT74",4,4,29,37,10.8108108108108,8
"IK",4,1,15,20,20,5
"IKZF4",4,0,4,8,50,4
"IL12A",4,1,8,13,30.7692307692308,5
"IL19",4,0,16,20,20,4
"ILF2",4,2,20,26,15.3846153846154,6
"ILF3",4,0,7,11,36.3636363636364,4
"ILF3-AS1",4,0,7,11,36.3636363636364,4
"IMMT",4,0,15,19,21.0526315789474,4
"ING1",4,1,12,17,23.5294117647059,5
"INHBE",4,1,14,19,21.0526315789474,5
"INPP5K",4,1,11,16,25,5
"INTS3",4,3,20,27,14.8148148148148,7
"INTS7",4,4,18,26,15.3846153846154,8
"IRGC",4,3,11,18,22.2222222222222,7
"ISCU",4,2,18,24,16.6666666666667,6
"KANSL1",4,1,22,27,14.8148148148148,5
"KANSL1-AS1",4,1,22,27,14.8148148148148,5
"KAT6B",4,0,10,14,28.5714285714286,4
"KB-1639H6.4",4,5,21,30,13.3333333333333,9
"KB-431C1.4",4,2,7,13,30.7692307692308,6
"KCNH4",4,2,19,25,16,6
"KCNK9",4,2,21,27,14.8148148148148,6
"KCNN3",4,1,16,21,19.047619047619,5
"KDM4A-AS1",4,2,9,15,26.6666666666667,6
"KIAA0020",4,1,24,29,13.7931034482759,5
"KIAA0754",4,3,21,28,14.2857142857143,7
"KLF10",4,6,24,34,11.7647058823529,10
"KLF3",4,2,29,35,11.4285714285714,6
"KLF7",4,5,30,39,10.2564102564103,9
"KLLN",4,4,18,26,15.3846153846154,8
"KRT84",4,1,29,34,11.7647058823529,5
"KRT8P11",4,3,12,19,21.0526315789474,7
"KRTAP5",4,4,13,21,19.047619047619,8
"KRTCAP2",4,0,1,5,80,4
"KYNU",4,6,20,30,13.3333333333333,10
"LAMTOR1",4,1,13,18,22.2222222222222,5
"LCA5",4,9,17,30,13.3333333333333,13
"LCORL",4,7,25,36,11.1111111111111,11
"LDHA",4,3,8,15,26.6666666666667,7
"LEKR1",4,3,18,25,16,7
"LIG3",4,1,16,21,19.047619047619,5
"LIME1",4,0,9,13,30.7692307692308,4
"LINC00112",4,0,11,15,26.6666666666667,4
"LINC00479",4,0,11,15,26.6666666666667,4
"LINC00938",4,4,19,27,14.8148148148148,8
"LLPH",4,0,8,12,33.3333333333333,4
"LMAN1L",4,0,7,11,36.3636363636364,4
"LMNB1",4,5,19,28,14.2857142857143,9
"LMTK2",4,3,11,18,22.2222222222222,7
"LRIG1",4,3,13,20,20,7
"LRRC8C",4,2,25,31,12.9032258064516,6
"LTBP1",4,8,31,43,9.30232558139535,12
"LY6G5B",4,0,15,19,21.0526315789474,4
"LYRM1",4,1,5,10,40,5
"LYRM7",4,1,12,17,23.5294117647059,5
"MAD1L1",4,1,21,26,15.3846153846154,5
"MAGEL2",4,6,51,61,6.55737704918033,10
"MAP3K14-AS1",4,0,11,15,26.6666666666667,4
"MAP4K5",4,1,12,17,23.5294117647059,5
"MAPK6",4,2,26,32,12.5,6
"MARCH8",4,4,25,33,12.1212121212121,8
"MARVELD2",4,2,17,23,17.3913043478261,6
"MAT2A",4,0,21,25,16,4
"MBD2",4,0,19,23,17.3913043478261,4
"MBD6",4,0,10,14,28.5714285714286,4
"MCM8",4,3,20,27,14.8148148148148,7
"MDM2",4,2,14,20,20,6
"MEIS1-AS3",4,6,13,23,17.3913043478261,10
"MERTK",4,2,8,14,28.5714285714286,6
"METTL20",4,4,16,24,16.6666666666667,8
"MEX3B",4,0,12,16,25,4
"MFSD1",4,3,9,16,25,7
"MFSD9",4,0,11,15,26.6666666666667,4
"MICAL3",4,2,28,34,11.7647058823529,6
"MIR1200",4,0,2,6,66.6666666666667,4
"MIR1288",4,2,7,13,30.7692307692308,6
"MIR1538",4,1,16,21,19.047619047619,5
"MIR26B",4,0,3,7,57.1428571428571,4
"MIR29A",4,3,5,12,33.3333333333333,7
"MIR3159",4,3,8,15,26.6666666666667,7
"MIR3655",4,1,10,15,26.6666666666667,5
"MIR3913",4,2,8,14,28.5714285714286,6
"MIR4449",4,1,2,7,57.1428571428571,5
"MIR5009",4,0,7,11,36.3636363636364,4
"MIR548O",4,2,15,21,19.047619047619,6
"MIR5703",4,11,22,37,10.8108108108108,15
"MIR590",4,1,25,30,13.3333333333333,5
"MIR616",4,0,10,14,28.5714285714286,4
"MIR623",4,0,17,21,19.047619047619,4
"MIR624",4,2,7,13,30.7692307692308,6
"MIR630",4,0,4,8,50,4
"MIR936",4,3,16,23,17.3913043478261,7
"MITF",4,5,17,26,15.3846153846154,9
"MKLN1-AS",4,2,26,32,12.5,6
"MLKL",4,6,23,33,12.1212121212121,10
"MLST8",4,1,4,9,44.4444444444444,5
"MMP7",4,5,25,34,11.7647058823529,9
"MOGS",4,2,9,15,26.6666666666667,6
"MPDU1",4,0,14,18,22.2222222222222,4
"MRM1",4,0,4,8,50,4
"MRPL28",4,1,7,12,33.3333333333333,5
"MRPL33",4,2,18,24,16.6666666666667,6
"MRPL35",4,0,15,19,21.0526315789474,4
"MRPL53",4,2,9,15,26.6666666666667,6
"MRPS18A",4,3,24,31,12.9032258064516,7
"MRPS30",4,4,20,28,14.2857142857143,8
"MSI2",4,0,16,20,20,4
"MTFR2",4,2,2,8,50,6
"MTHFD2L",4,1,14,19,21.0526315789474,5
"MTRR",4,4,33,41,9.75609756097561,8
"MYBL1",4,2,25,31,12.9032258064516,6
"NAB1",4,2,11,17,23.5294117647059,6
"NABP2",4,1,17,22,18.1818181818182,5
"NCAPG",4,6,24,34,11.7647058823529,10
"NCL",4,5,18,27,14.8148148148148,9
"NCOR2",4,2,40,46,8.69565217391304,6
"NCR3LG1",4,2,11,17,23.5294117647059,6
"NDEL1",4,0,12,16,25,4
"NDRG1",4,0,7,11,36.3636363636364,4
"NDUFA2",4,1,15,20,20,5
"NDUFAF5",4,2,10,16,25,6
"NDUFS2",4,1,8,13,30.7692307692308,5
"NEAT1",4,0,11,15,26.6666666666667,4
"NEDD8-MDP1",4,0,18,22,18.1818181818182,4
"NEK1",4,1,12,17,23.5294117647059,5
"NFAM1",4,1,13,18,22.2222222222222,5
"NFAT5",4,1,16,21,19.047619047619,5
"NFKBIA",4,2,9,15,26.6666666666667,6
"NFX1",4,4,16,24,16.6666666666667,8
"NGLY1",4,6,35,45,8.88888888888889,10
"NHEJ1",4,2,23,29,13.7931034482759,6
"NIF3L1",4,1,21,26,15.3846153846154,5
"NIPBL",4,1,7,12,33.3333333333333,5
"NIT2",4,2,10,16,25,6
"NKAPL",4,1,10,15,26.6666666666667,5
"NKX6",4,5,8,17,23.5294117647059,9
"NMB",4,1,20,25,16,5
"NOL8",4,3,18,25,16,7
"NOLC1",4,0,12,16,25,4
"NPC1L1",4,0,22,26,15.3846153846154,4
"NPFF",4,2,11,17,23.5294117647059,6
"NPY4R",4,8,60,72,5.55555555555556,12
"NR4A3",4,3,37,44,9.09090909090909,7
"NRDE2",4,0,7,11,36.3636363636364,4
"NUP98",4,3,16,23,17.3913043478261,7
"NXN",4,5,32,41,9.75609756097561,9
"OAZ2",4,2,19,25,16,6
"ODC1",4,3,17,24,16.6666666666667,7
"OS9",4,3,10,17,23.5294117647059,7
"OSGIN1",4,4,12,20,20,8
"OSTC",4,1,6,11,36.3636363636364,5
"OXSM",4,6,35,45,8.88888888888889,10
"P2RY1",4,4,4,12,33.3333333333333,8
"PACS2",4,1,19,24,16.6666666666667,5
"PAFAH1B2",4,8,22,34,11.7647058823529,12
"PARD6A",4,0,24,28,14.2857142857143,4
"PARP14",4,2,5,11,36.3636363636364,6
"PARP2",4,1,4,9,44.4444444444444,5
"PAX4",4,0,12,16,25,4
"PCBD1",4,0,14,18,22.2222222222222,4
"PCBP1-AS1",4,5,16,25,16,9
"PCDHA10",4,0,13,17,23.5294117647059,4
"PCDHA14",4,0,13,17,23.5294117647059,4
"PCDHA5",4,0,18,22,18.1818181818182,4
"PCDHA6",4,0,18,22,18.1818181818182,4
"PCDHB16",4,0,18,22,18.1818181818182,4
"PCDHGA7",4,0,15,19,21.0526315789474,4
"PCDHGB1",4,0,15,19,21.0526315789474,4
"PDE3B",4,3,4,11,36.3636363636364,7
"PDE6A",4,0,9,13,30.7692307692308,4
"PELI2",4,0,24,28,14.2857142857143,4
"PEX2",4,2,12,18,22.2222222222222,6
"PEX26",4,3,31,38,10.5263157894737,7
"PGP",4,1,3,8,50,5
"PHB2",4,3,9,16,25,7
"PHF21A",4,0,10,14,28.5714285714286,4
"PHGDH",4,2,42,48,8.33333333333333,6
"PIBF1",4,3,6,13,30.7692307692308,7
"PIGC",4,0,13,17,23.5294117647059,4
"PIGV",4,1,18,23,17.3913043478261,5
"PIM1",4,1,20,25,16,5
"PIM3",4,0,5,9,44.4444444444444,4
"PITPNM2",4,0,12,16,25,4
"PKM",4,1,4,9,44.4444444444444,5
"PLA2G6",4,0,13,17,23.5294117647059,4
"PLAUR",4,3,10,17,23.5294117647059,7
"PLEKHF2",4,2,19,25,16,6
"PLEKHM3",4,2,17,23,17.3913043478261,6
"PLXDC2",4,0,11,15,26.6666666666667,4
"PLXNA1",4,0,2,6,66.6666666666667,4
"PNN",4,7,11,22,18.1818181818182,11
"POC1B",4,1,8,13,30.7692307692308,5
"POC1B-GALNT4",4,1,8,13,30.7692307692308,5
"POGLUT1",4,3,15,22,18.1818181818182,7
"POLE3",4,1,20,25,16,5
"POLR3B",4,2,13,19,21.0526315789474,6
"POLR3E",4,0,4,8,50,4
"PPAPDC1B",4,2,26,32,12.5,6
"PPBP",4,1,12,17,23.5294117647059,5
"PPFIBP1",4,0,6,10,40,4
"PPIAP28",4,1,3,8,50,5
"PPIL3",4,0,20,24,16.6666666666667,4
"PPM1N",4,1,8,13,30.7692307692308,5
"PPOX",4,0,4,8,50,4
"PPP1R2",4,4,7,15,26.6666666666667,8
"PPP2R5C",4,2,9,15,26.6666666666667,6
"PPWD1",4,3,17,24,16.6666666666667,7
"PRKACG",4,1,31,36,11.1111111111111,5
"PRKRIP1",4,2,15,21,19.047619047619,6
"PRM2",4,0,12,16,25,4
"PRND",4,0,11,15,26.6666666666667,4
"PRNT",4,4,14,22,18.1818181818182,8
"PRRC2C",4,10,16,30,13.3333333333333,14
"PRRT3",4,4,17,25,16,8
"PRSS23",4,0,12,16,25,4
"PRSS35",4,6,13,23,17.3913043478261,10
"PRSS51",4,0,7,11,36.3636363636364,4
"PSD",4,0,9,13,30.7692307692308,4
"PSMA1",4,3,4,11,36.3636363636364,7
"PTEN",4,4,18,26,15.3846153846154,8
"PTGS1",4,0,4,8,50,4
"PTK2",4,2,29,35,11.4285714285714,6
"PTPN1",4,0,18,22,18.1818181818182,4
"PUM2",4,6,34,44,9.09090909090909,10
"RAB28",4,6,40,50,8,10
"RAB34",4,0,5,9,44.4444444444444,4
"RAB35",4,1,10,15,26.6666666666667,5
"RABL6",4,1,6,11,36.3636363636364,5
"RAD52",4,0,8,12,33.3333333333333,4
"RAG1",4,0,8,12,33.3333333333333,4
"RARRES1",4,3,9,16,25,7
"RASGRP1",4,3,12,19,21.0526315789474,7
"RBM19",4,2,31,37,10.8108108108108,6
"RERE",4,4,21,29,13.7931034482759,8
"RESP18",4,2,18,24,16.6666666666667,6
"RGS16",4,3,22,29,13.7931034482759,7
"RGS22",4,0,15,19,21.0526315789474,4
"RGS3",4,2,25,31,12.9032258064516,6
"RHBG",4,0,10,14,28.5714285714286,4
"RITA1",4,2,29,35,11.4285714285714,6
"RLTPR",4,0,24,28,14.2857142857143,4
"RMI1",4,4,30,38,10.5263157894737,8
"RMI2",4,0,12,16,25,4
"RN7SL103P",4,2,18,24,16.6666666666667,6
"RN7SL391P",4,0,18,22,18.1818181818182,4
"RNA5SP192",4,0,6,10,40,4
"RNASE13",4,4,20,28,14.2857142857143,8
"RNF222",4,0,10,14,28.5714285714286,4
"RNF40",4,3,9,16,25,7
"RNF41",4,1,17,22,18.1818181818182,5
"RNF7",4,0,14,18,22.2222222222222,4
"RNU2-15P",4,0,14,18,22.2222222222222,4
"RNU4ATAC15P",4,2,12,18,22.2222222222222,6
"RNU6-1050P",4,3,12,19,21.0526315789474,7
"RNU6-1058P",4,0,7,11,36.3636363636364,4
"RNU6-1111P",4,0,7,11,36.3636363636364,4
"RNU6-1148P",4,1,17,22,18.1818181818182,5
"RNU6-128P",4,1,5,10,40,5
"RNU6-1309P",4,0,10,14,28.5714285714286,4
"RNU6-152P",4,1,8,13,30.7692307692308,5
"RNU6-189P",4,2,19,25,16,6
"RNU6-251P",4,1,5,10,40,5
"RNU6-312P",4,0,20,24,16.6666666666667,4
"RNU6-372P",4,0,11,15,26.6666666666667,4
"RNU6-431P",4,1,6,11,36.3636363636364,5
"RNU6-532P",4,0,1,5,80,4
"RNU6-709P",4,0,25,29,13.7931034482759,4
"RNU6-727P",4,0,2,6,66.6666666666667,4
"RNU6-762P",4,1,16,21,19.047619047619,5
"RNU6-773P",4,10,12,26,15.3846153846154,14
"RNU6-789P",4,8,24,36,11.1111111111111,12
"RNU6-792P",4,1,6,11,36.3636363636364,5
"RNU6-883P",4,0,7,11,36.3636363636364,4
"RNU6ATAC24P",4,4,7,15,26.6666666666667,8
"RNU7-111P",4,0,7,11,36.3636363636364,4
"RNU7-46P",4,1,18,23,17.3913043478261,5
"RNY4P17",4,3,17,24,16.6666666666667,7
"RP1-170O19.14",4,6,25,35,11.4285714285714,10
"RP1-234P15.4",4,8,28,40,10,12
"RP1-261D10.2",4,5,51,60,6.66666666666667,9
"RP1-27K12.4",4,5,29,38,10.5263157894737,9
"RP1-34B20.4",4,1,32,37,10.8108108108108,5
"RP1-63G5.5",4,0,8,12,33.3333333333333,4
"RP11-1020A11.2",4,4,17,25,16,8
"RP11-104H15.10",4,2,17,23,17.3913043478261,6
"RP11-104H15.8",4,2,17,23,17.3913043478261,6
"RP11-104H15.9",4,2,17,23,17.3913043478261,6
"RP11-109L13.5",4,8,22,34,11.7647058823529,12
"RP11-115H15.2",4,3,13,20,20,7
"RP11-1275H24.1",4,0,10,14,28.5714285714286,4
"RP11-1275H24.2",4,0,10,14,28.5714285714286,4
"RP11-1275H24.3",4,0,10,14,28.5714285714286,4
"RP11-133L14.5",4,1,18,23,17.3913043478261,5
"RP11-133N21.12",4,0,11,15,26.6666666666667,4
"RP11-146N23.4",4,1,9,14,28.5714285714286,5
"RP11-161H23.5",4,1,9,14,28.5714285714286,5
"RP11-162J8.3",4,3,19,26,15.3846153846154,7
"RP11-196H14.2",4,2,5,11,36.3636363636364,6
"RP11-199F11.2",4,0,10,14,28.5714285714286,4
"RP11-19E11.1",4,1,9,14,28.5714285714286,5
"RP11-203J24.9",4,0,6,10,40,4
"RP11-203M5.2",4,1,4,9,44.4444444444444,5
"RP11-216L13.18",4,1,9,14,28.5714285714286,5
"RP11-216L13.19",4,1,10,15,26.6666666666667,5
"RP11-216N14.8",4,3,20,27,14.8148148148148,7
"RP11-216N14.9",4,3,20,27,14.8148148148148,7
"RP11-219E7.2",4,2,15,21,19.047619047619,6
"RP11-254B13.4",4,2,27,33,12.1212121212121,6
"RP11-259N19.1",4,0,18,22,18.1818181818182,4
"RP11-298I3.4",4,0,8,12,33.3333333333333,4
"RP11-298I3.5",4,0,8,12,33.3333333333333,4
"RP11-301O19.1",4,0,15,19,21.0526315789474,4
"RP11-302M6.4",4,2,25,31,12.9032258064516,6
"RP11-304L19.11",4,1,3,8,50,5
"RP11-304L19.12",4,1,3,8,50,5
"RP11-304L19.8",4,1,3,8,50,5
"RP11-315O6.1",4,4,28,36,11.1111111111111,8
"RP11-317P15.4",4,3,22,29,13.7931034482759,7
"RP11-320M2.1",4,3,17,24,16.6666666666667,7
"RP11-337A23.3",4,4,28,36,11.1111111111111,8
"RP11-346I3.4",4,6,26,36,11.1111111111111,10
"RP11-347C18.3",4,2,18,24,16.6666666666667,6
"RP11-349J5.2",4,7,29,40,10,11
"RP11-359B12.2",4,0,8,12,33.3333333333333,4
"RP11-378A13.2",4,0,18,22,18.1818181818182,4
"RP11-379F4.4",4,3,9,16,25,7
"RP11-37E23.5",4,2,10,16,25,6
"RP11-384O8.1",4,4,11,19,21.0526315789474,8
"RP11-393M11.2",4,1,14,19,21.0526315789474,5
"RP11-407N17.4",4,7,11,22,18.1818181818182,11
"RP11-416K24.1",4,1,8,13,30.7692307692308,5
"RP11-425D10.10",4,1,16,21,19.047619047619,5
"RP11-429P3.3",4,1,25,30,13.3333333333333,5
"RP11-431M7.3",4,5,35,44,9.09090909090909,9
"RP11-434D11.4",4,5,19,28,14.2857142857143,9
"RP11-436I24.1",4,2,14,20,20,6
"RP11-441O15.3",4,2,13,19,21.0526315789474,6
"RP11-456K23.1",4,1,7,12,33.3333333333333,5
"RP11-463D19.2",4,4,25,33,12.1212121212121,8
"RP11-46C24.3",4,1,15,20,20,5
"RP11-483A20.3",4,3,17,24,16.6666666666667,7
"RP11-484D2.2",4,0,13,17,23.5294117647059,4
"RP11-485G7.5",4,0,12,16,25,4
"RP11-485G7.6",4,0,12,16,25,4
"RP11-485O10.3",4,3,9,16,25,7
"RP11-498E2.9",4,0,4,8,50,4
"RP11-536G4.2",4,1,9,14,28.5714285714286,5
"RP11-539I5.1",4,1,7,12,33.3333333333333,5
"RP11-53O19.1",4,4,20,28,14.2857142857143,8
"RP11-541P9.3",4,1,31,36,11.1111111111111,5
"RP11-545P7.4",4,2,21,27,14.8148148148148,6
"RP11-554F20.1",4,3,37,44,9.09090909090909,7
"RP11-571M6.7",4,3,10,17,23.5294117647059,7
"RP11-571M6.8",4,3,10,17,23.5294117647059,7
"RP11-603J24.4",4,2,15,21,19.047619047619,6
"RP11-603J24.6",4,1,22,27,14.8148148148148,5
"RP11-617D20.1",4,2,29,35,11.4285714285714,6
"RP11-61L14.6",4,2,16,22,18.1818181818182,6
"RP11-638I2.2",4,0,7,11,36.3636363636364,4
"RP11-638I2.9",4,0,13,17,23.5294117647059,4
"RP11-646I6.5",4,0,17,21,19.047619047619,4
"RP11-662I13.2",4,0,15,19,21.0526315789474,4
"RP11-66D17.5",4,7,23,34,11.7647058823529,11
"RP11-68I3.10",4,5,8,17,23.5294117647059,9
"RP11-696N14.1",4,1,12,17,23.5294117647059,5
"RP11-712B9.2",4,3,21,28,14.2857142857143,7
"RP11-712L6.5",4,3,11,18,22.2222222222222,7
"RP11-724O16.1",4,2,5,11,36.3636363636364,6
"RP11-734K2.4",4,1,8,13,30.7692307692308,5
"RP11-745O10.2",4,0,8,12,33.3333333333333,4
"RP11-755B10.4",4,1,6,11,36.3636363636364,5
"RP11-793H13.11",4,2,11,17,23.5294117647059,6
"RP11-79O8.1",4,1,27,32,12.5,5
"RP11-7N14.1",4,3,24,31,12.9032258064516,7
"RP11-829H16.5",4,2,7,13,30.7692307692308,6
"RP11-90P5.7",4,3,40,47,8.51063829787234,7
"RP11-946L16.1",4,3,12,19,21.0526315789474,7
"RP11-977G19.5",4,2,27,33,12.1212121212121,6
"RP11-998D10.1",4,4,20,28,14.2857142857143,8
"RP13-30A9.1",4,0,24,28,14.2857142857143,4
"RP13-30A9.2",4,0,24,28,14.2857142857143,4
"RP3-416H24.4",4,1,29,34,11.7647058823529,5
"RP3-496C20.1",4,0,13,17,23.5294117647059,4
"RP4-583P15.14",4,0,9,13,30.7692307692308,4
"RP4-681L3.2",4,1,8,13,30.7692307692308,5
"RP5-1007M22.2",4,2,25,31,12.9032258064516,6
"RP5-1029F21.3",4,4,17,25,16,8
"RP5-1061H20.5",4,3,48,55,7.27272727272727,7
"RP5-1073O3.7",4,3,11,18,22.2222222222222,7
"RP5-833A20.1",4,3,6,13,30.7692307692308,7
"RP5-899E9.1",4,3,29,36,11.1111111111111,7
"RP5-991C6.2",4,2,16,22,18.1818181818182,6
"RPE",4,6,20,30,13.3333333333333,10
"RPL5P21",4,1,21,26,15.3846153846154,5
"RPPH1",4,1,4,9,44.4444444444444,5
"RPS12",4,4,13,21,19.047619047619,8
"RPS13",4,3,23,30,13.3333333333333,7
"RPS26",4,2,15,21,19.047619047619,6
"RQCD1",4,1,16,21,19.047619047619,5
"RRH",4,1,6,11,36.3636363636364,5
"RRM2B",4,2,7,13,30.7692307692308,6
"RRS1",4,6,26,36,11.1111111111111,10
"RSPO3",4,1,10,15,26.6666666666667,5
"RTN2",4,1,8,13,30.7692307692308,5
"SAMD13",4,1,27,32,12.5,5
"SAMSN1-AS1",4,1,8,13,30.7692307692308,5
"SASS6",4,1,13,18,22.2222222222222,5
"SBF2",4,2,17,23,17.3913043478261,6
"SCAMP2",4,1,11,16,25,5
"SCAMP5",4,0,9,13,30.7692307692308,4
"SCARNA1",4,1,5,10,40,5
"SCARNA21",4,0,15,19,21.0526315789474,4
"SDHC",4,0,6,10,40,4
"SETBP1",4,1,7,12,33.3333333333333,5
"SETD5",4,0,13,17,23.5294117647059,4
"SETD5-AS1",4,0,13,17,23.5294117647059,4
"SF3B14",4,3,4,11,36.3636363636364,7
"SFR1",4,4,28,36,11.1111111111111,8
"SFTPB",4,3,13,20,20,7
"SH2B2",4,0,27,31,12.9032258064516,4
"SIPA1L1",4,5,51,60,6.66666666666667,9
"SLC23A3",4,2,23,29,13.7931034482759,6
"SLC25A40",4,3,11,18,22.2222222222222,7
"SLC25A51",4,6,46,56,7.14285714285714,10
"SLC26A9",4,1,8,13,30.7692307692308,5
"SLC2A4RG",4,0,9,13,30.7692307692308,4
"SLC35A5",4,0,18,22,18.1818181818182,4
"SLC39A10",4,2,10,16,25,6
"SLC39A13",4,3,14,21,19.047619047619,7
"SLC3A2",4,0,7,11,36.3636363636364,4
"SLC43A2",4,0,9,13,30.7692307692308,4
"SLC45A4",4,1,31,36,11.1111111111111,5
"SLC6A6",4,0,14,18,22.2222222222222,4
"SLC7A8",4,0,7,11,36.3636363636364,4
"SMAD9-AS1",4,3,12,19,21.0526315789474,7
"SMARCC2",4,2,27,33,12.1212121212121,6
"SMCO1",4,1,16,21,19.047619047619,5
"SMIM2",4,0,3,7,57.1428571428571,4
"SMIM2-AS1",4,0,9,13,30.7692307692308,4
"SNHG1",4,0,8,12,33.3333333333333,4
"SNHG12",4,0,4,8,50,4
"SNORA12.2",4,1,20,25,16,5
"SNORA14B",4,0,12,16,25,4
"SNORA25.18",4,7,12,23,17.3913043478261,11
"SNORA25.6",4,4,13,21,19.047619047619,8
"SNORA26",4,1,2,7,57.1428571428571,5
"SNORA33",4,4,13,21,19.047619047619,8
"SNORA34",4,1,10,15,26.6666666666667,5
"SNORA37",4,0,19,23,17.3913043478261,4
"SNORA46",4,12,48,64,6.25,16
"SNORA50.1",4,2,18,24,16.6666666666667,6
"SNORA70.8",4,2,16,22,18.1818181818182,6
"SNORA70G",4,2,27,33,12.1212121212121,6
"SNORA73.6",4,0,15,19,21.0526315789474,4
"SNORA75",4,7,18,29,13.7931034482759,11
"SNORA9.3",4,0,3,7,57.1428571428571,4
"SNORA9.4",4,1,8,13,30.7692307692308,5
"SNORD100",4,4,13,21,19.047619047619,8
"SNORD101",4,4,13,21,19.047619047619,8
"SNORD112.19",4,0,14,18,22.2222222222222,4
"SNORD14A",4,3,23,30,13.3333333333333,7
"SNORD14B",4,3,23,30,13.3333333333333,7
"SNORD17",4,3,22,29,13.7931034482759,7
"SNORD20",4,7,18,29,13.7931034482759,11
"SNORD82",4,5,17,26,15.3846153846154,9
"snoU13.106",4,3,25,32,12.5,7
"snoU13.233",4,1,13,18,22.2222222222222,5
"snoU13.24",4,5,26,35,11.4285714285714,9
"snoU13.240",4,1,14,19,21.0526315789474,5
"snoU13.256",4,2,23,29,13.7931034482759,6
"snoU13.272",4,1,25,30,13.3333333333333,5
"snoU13.399",4,1,10,15,26.6666666666667,5
"SNRPF",4,1,9,14,28.5714285714286,5
"SNX2",4,12,42,58,6.89655172413793,16
"SNX5",4,5,25,34,11.7647058823529,9
"SOS2",4,3,10,17,23.5294117647059,7
"SOWAHA",4,0,15,19,21.0526315789474,4
"SOX15",4,0,14,18,22.2222222222222,4
"SP7",4,1,14,19,21.0526315789474,5
"SPATA21",4,0,6,10,40,4
"SPATA32",4,0,11,15,26.6666666666667,4
"SPINK4",4,3,8,15,26.6666666666667,7
"SPTBN1",4,0,13,17,23.5294117647059,4
"SPTY2D1",4,0,8,12,33.3333333333333,4
"SRP68",4,2,12,18,22.2222222222222,6
"SRP72",4,1,14,19,21.0526315789474,5
"SRRM3",4,1,19,24,16.6666666666667,5
"SSH1",4,0,9,13,30.7692307692308,4
"ST3GAL3",4,2,9,15,26.6666666666667,6
"ST3GAL5",4,0,9,13,30.7692307692308,4
"ST6GALNAC6",4,0,6,10,40,4
"STPG2",4,1,3,8,50,5
"STRN4",4,0,10,14,28.5714285714286,4
"STX4",4,0,16,20,20,4
"SUMO2P19",4,2,7,13,30.7692307692308,6
"SUOX",4,1,6,11,36.3636363636364,5
"SYNC",4,1,13,18,22.2222222222222,5
"TAB2",4,0,13,17,23.5294117647059,4
"TACC1",4,2,12,18,22.2222222222222,6
"TADA3",4,4,20,28,14.2857142857143,8
"TAF1C",4,1,13,18,22.2222222222222,5
"TARBP2",4,2,11,17,23.5294117647059,6
"TBC1D23",4,5,40,49,8.16326530612245,9
"TEX2",4,1,11,16,25,5
"TFIP11",4,0,4,8,50,4
"THBD",4,6,59,69,5.79710144927536,10
"THNSL2",4,1,15,20,20,5
"THYN1",4,2,26,32,12.5,6
"TICAM2",4,9,40,53,7.54716981132075,13
"TM6SF2",4,3,18,25,16,7
"TM7SF3",4,7,21,32,12.5,11
"TMEM102",4,2,17,23,17.3913043478261,6
"TMEM110",4,7,20,31,12.9032258064516,11
"TMEM110-MUSTN1",4,7,20,31,12.9032258064516,11
"TMEM115",4,0,9,13,30.7692307692308,4
"TMEM123",4,4,28,36,11.1111111111111,8
"TMEM167A",4,1,37,42,9.52380952380952,5
"TMEM182",4,0,11,15,26.6666666666667,4
"TMEM190",4,0,9,13,30.7692307692308,4
"TMEM245",4,1,21,26,15.3846153846154,5
"TMEM30A",4,8,28,40,10,12
"TMEM39A",4,3,15,22,18.1818181818182,7
"TMEM44-AS1",4,1,2,7,57.1428571428571,5
"TMEM75",4,1,9,14,28.5714285714286,5
"TNFAIP8L2",4,0,3,7,57.1428571428571,4
"TNFRSF1A",4,0,18,22,18.1818181818182,4
"TNFSF12",4,2,13,19,21.0526315789474,6
"TNFSF12-TNFSF13",4,2,13,19,21.0526315789474,6
"TNKS1BP1",4,4,21,29,13.7931034482759,8
"TNRC18",4,0,12,16,25,4
"TNRC6B",4,0,13,17,23.5294117647059,4
"TOMM20",4,0,12,16,25,4
"TP53BP2",4,1,8,13,30.7692307692308,5
"TP53INP1",4,2,18,24,16.6666666666667,6
"TPPP2",4,4,20,28,14.2857142857143,8
"TPST2",4,0,5,9,44.4444444444444,4
"TRAF6",4,0,8,12,33.3333333333333,4
"TRAK1",4,0,7,11,36.3636363636364,4
"TRAPPC6B",4,7,11,22,18.1818181818182,11
"TREM1",4,2,5,11,36.3636363636364,6
"TRIM14",4,1,4,9,44.4444444444444,5
"TRIM33",4,3,7,14,28.5714285714286,7
"TRIM46",4,0,1,5,80,4
"TRIM59",4,0,2,6,66.6666666666667,4
"TRIM72",4,0,12,16,25,4
"TRMT13",4,2,9,15,26.6666666666667,6
"TRMT6",4,3,20,27,14.8148148148148,7
"TTC17",4,0,13,17,23.5294117647059,4
"TTC32",4,1,27,32,12.5,5
"TTC33",4,0,23,27,14.8148148148148,4
"TTC5",4,2,4,10,40,6
"TTLL11",4,1,12,17,23.5294117647059,5
"TTYH3",4,1,20,25,16,5
"TUBB",4,0,8,12,33.3333333333333,4
"TWF1",4,7,27,38,10.5263157894737,11
"U3.80",4,2,17,23,17.3913043478261,6
"UBAC1",4,2,10,16,25,6
"UBASH3B",4,2,14,20,20,6
"UBE2C",4,1,11,16,25,5
"UBE2D3P3",4,1,11,16,25,5
"UBE2W",4,4,25,33,12.1212121212121,8
"UBXN2A",4,2,17,23,17.3913043478261,6
"UGGT1",4,1,11,16,25,5
"UPP2",4,1,13,18,22.2222222222222,5
"USP20",4,0,5,9,44.4444444444444,4
"USP37",4,1,16,21,19.047619047619,5
"USP48",4,1,21,26,15.3846153846154,5
"USP54",4,0,11,15,26.6666666666667,4
"VCAN-AS1",4,3,23,30,13.3333333333333,7
"VIL1",4,0,9,13,30.7692307692308,4
"VNN2",4,4,15,23,17.3913043478261,8
"WARS",4,0,22,26,15.3846153846154,4
"WBP1",4,4,12,20,20,8
"WBP4",4,1,6,11,36.3636363636364,5
"WDR37",4,4,18,26,15.3846153846154,8
"WDR73",4,1,20,25,16,5
"WDR74",4,0,10,14,28.5714285714286,4
"WDR77",4,2,18,24,16.6666666666667,6
"WDR82",4,0,24,28,14.2857142857143,4
"WISP1",4,2,32,38,10.5263157894737,6
"XRCC4",4,1,37,42,9.52380952380952,5
"XXbac-B476C20.11",4,3,31,38,10.5263157894737,7
"XXbac-B476C20.9",4,3,31,38,10.5263157894737,7
"XXbac-BPG252P9.10",4,2,20,26,15.3846153846154,6
"XXbac-BPG252P9.9",4,0,8,12,33.3333333333333,4
"XXcos-LUCA11.5",4,0,14,18,22.2222222222222,4
"Y_RNA.151",4,0,9,13,30.7692307692308,4
"Y_RNA.249",4,2,29,35,11.4285714285714,6
"Y_RNA.495",4,8,31,43,9.30232558139535,12
"YOD1",4,4,24,32,12.5,8
"YWHAH",4,3,15,22,18.1818181818182,7
"Z97352.1",4,1,21,26,15.3846153846154,5
"ZACN",4,2,12,18,22.2222222222222,6
"ZAR1L",4,3,11,18,22.2222222222222,7
"ZBTB2",4,3,14,21,19.047619047619,7
"ZEB2",4,4,19,27,14.8148148148148,8
"ZFAND4",4,3,21,28,14.2857142857143,7
"ZGPAT",4,0,9,13,30.7692307692308,4
"ZHX3",4,4,22,30,13.3333333333333,8
"ZKSCAN4",4,1,10,15,26.6666666666667,5
"ZNF219",4,3,26,33,12.1212121212121,7
"ZNF259",4,4,19,27,14.8148148148148,8
"ZNF333",4,0,2,6,66.6666666666667,4
"ZNF428",4,4,11,19,21.0526315789474,8
"ZNF575",4,1,13,18,22.2222222222222,5
"ZNF585A",4,3,12,19,21.0526315789474,7
"ZNF620",4,1,9,14,28.5714285714286,5
"ZSCAN2",4,1,12,17,23.5294117647059,5
"ABCA17P",3,0,5,8,37.5,3
"ABCA2",3,0,7,10,30,3
"ABCA3",3,0,5,8,37.5,3
"ABCB5",3,1,8,12,25,4
"ABCB9",3,1,4,8,37.5,4
"ABCC1",3,3,13,19,15.7894736842105,6
"ABHD14A",3,0,6,9,33.3333333333333,3
"ABHD14A-ACY1",3,0,6,9,33.3333333333333,3
"ABHD14B",3,0,7,10,30,3
"ABHD16A",3,0,10,13,23.0769230769231,3
"ABHD4",3,0,10,13,23.0769230769231,3
"ABL1",3,2,15,20,15,5
"AC002117.1",3,0,12,15,20,3
"AC002310.7",3,1,10,14,21.4285714285714,4
"AC002467.7",3,5,12,20,15,8
"AC004069.1",3,1,19,23,13.0434782608696,4
"AC004221.2",3,1,7,11,27.2727272727273,4
"AC004837.4",3,0,1,4,75,3
"AC004893.11",3,4,14,21,14.2857142857143,7
"AC005027.3",3,1,5,9,33.3333333333333,4
"AC005037.3",3,0,15,18,16.6666666666667,3
"AC005042.4",3,0,10,13,23.0769230769231,3
"AC005083.1",3,2,15,20,15,5
"AC006994.2",3,1,12,16,18.75,4
"AC006994.3",3,1,12,16,18.75,4
"AC007242.1",3,1,30,34,8.82352941176471,4
"AC007285.7",3,0,6,9,33.3333333333333,3
"AC008277.1",3,3,5,11,27.2727272727273,6
"AC008592.4",3,3,19,25,12,6
"AC008592.5",3,6,18,27,11.1111111111111,9
"AC009065.1",3,0,2,5,60,3
"AC009506.1",3,2,10,15,20,5
"AC009961.3",3,5,23,31,9.67741935483871,8
"AC010247.1",3,1,17,21,14.2857142857143,4
"AC010376.1",3,0,4,7,42.8571428571429,3
"AC010746.3",3,3,18,24,12.5,6
"AC010761.6",3,0,8,11,27.2727272727273,3
"AC011893.3",3,0,8,11,27.2727272727273,3
"AC018755.2",3,2,27,32,9.375,5
"AC019201.1",3,0,18,21,14.2857142857143,3
"AC027281.1",3,4,28,35,8.57142857142857,7
"AC034102.1",3,1,4,8,37.5,4
"AC068039.4",3,0,0,3,100,3
"AC074286.1",3,0,10,13,23.0769230769231,3
"AC079080.1",3,4,27,34,8.82352941176471,7
"AC079753.1",3,2,29,34,8.82352941176471,5
"AC080037.1",3,0,11,14,21.4285714285714,3
"AC087069.1",3,0,0,3,100,3
"AC091132.2",3,0,8,11,27.2727272727273,3
"AC091633.3",3,2,2,7,42.8571428571429,5
"AC091814.3",3,1,10,14,21.4285714285714,4
"AC092573.2",3,0,1,4,75,3
"AC093110.3",3,0,11,14,21.4285714285714,3
"AC093267.1",3,9,33,45,6.66666666666667,12
"AC096649.2",3,2,7,12,25,5
"AC096649.4",3,0,1,4,75,3
"AC096670.3",3,5,22,30,10,8
"AC097468.4",3,0,10,13,23.0769230769231,3
"AC104076.3",3,6,17,26,11.5384615384615,9
"AC106782.20",3,2,6,11,27.2727272727273,5
"AC106873.4",3,1,3,7,42.8571428571429,4
"AC114803.3",3,1,11,15,20,4
"AC117395.1",3,0,12,15,20,3
"AC132186.1",3,3,19,25,12,6
"AC135050.5",3,0,7,10,30,3
"ACHE",3,0,4,7,42.8571428571429,3
"ACO2",3,1,4,8,37.5,4
"ACTA2",3,2,7,12,25,5
"ACTN1",3,0,5,8,37.5,3
"ACTN1-AS1",3,0,5,8,37.5,3
"ACTR1A",3,0,11,14,21.4285714285714,3
"ACTR3",3,4,27,34,8.82352941176471,7
"ACVR1",3,1,13,17,17.6470588235294,4
"ACY1",3,0,7,10,30,3
"ADAM19",3,6,13,22,13.6363636363636,9
"ADIPOQ-AS1",3,1,8,12,25,4
"ADM",3,4,22,29,10.3448275862069,7
"ADO",3,3,23,29,10.3448275862069,6
"ADPRH",3,1,7,11,27.2727272727273,4
"ADPRHL2",3,1,8,12,25,4
"ADRB1",3,0,15,18,16.6666666666667,3
"ADRB2",3,0,20,23,13.0434782608696,3
"ADRBK1",3,1,4,8,37.5,4
"AEBP1",3,0,26,29,10.3448275862069,3
"AEN",3,0,11,14,21.4285714285714,3
"AGAP7",3,4,33,40,7.5,7
"AGPAT9",3,1,0,4,75,4
"AGPS",3,0,10,13,23.0769230769231,3
"AL122015.1",3,8,32,43,6.97674418604651,11
"AL136419.6",3,0,32,35,8.57142857142857,3
"AL137118.1",3,2,2,7,42.8571428571429,5
"AL161790.1",3,0,0,3,100,3
"AL162431.1",3,0,7,10,30,3
"AL353671.1",3,1,17,21,14.2857142857143,4
"AL353671.2",3,1,17,21,14.2857142857143,4
"AL445204.1",3,1,13,17,17.6470588235294,4
"AL451051.1",3,1,6,10,30,4
"AL513547.1",3,4,13,20,15,7
"AL591034.1",3,6,35,44,6.81818181818182,9
"AL662800.2",3,1,9,13,23.0769230769231,4
"ALDOA",3,1,12,16,18.75,4
"ALG5",3,3,8,14,21.4285714285714,6
"ALG8",3,1,3,7,42.8571428571429,4
"AMN1",3,0,11,14,21.4285714285714,3
"AMPD3",3,4,22,29,10.3448275862069,7
"ANKRD10",3,2,8,13,23.0769230769231,5
"ANKRD33B",3,0,19,22,13.6363636363636,3
"ANKS1A",3,0,3,6,50,3
"ANKS3",3,6,23,32,9.375,9
"ANKUB1",3,0,13,16,18.75,3
"ANP32D",3,1,8,12,25,4
"AOX1",3,0,7,10,30,3
"AP001092.4",3,1,12,16,18.75,4
"AP001412.1",3,3,17,23,13.0434782608696,6
"AP001437.1",3,2,9,14,21.4285714285714,5
"AP002490.1",3,0,8,11,27.2727272727273,3
"AP003041.2",3,4,31,38,7.89473684210526,7
"AP003068.12",3,3,11,17,17.6470588235294,6
"AP003774.4",3,1,11,15,20,4
"AP006285.6",3,4,11,18,16.6666666666667,7
"AP5Z1",3,1,10,14,21.4285714285714,4
"APLP2",3,4,31,38,7.89473684210526,7
"APOA1",3,1,6,10,30,4
"ARAP3",3,2,14,19,15.7894736842105,5
"ARFIP2",3,2,18,23,13.0434782608696,5
"ARHGAP17",3,1,11,15,20,4
"ARHGAP27",3,0,8,11,27.2727272727273,3
"ARHGEF19-AS1",3,0,15,18,16.6666666666667,3
"ARID5A",3,0,13,16,18.75,3
"ARL13B",3,2,6,11,27.2727272727273,5
"ARMC12",3,2,6,11,27.2727272727273,5
"ARPC1A",3,3,19,25,12,6
"ASCC2",3,2,2,7,42.8571428571429,5
"ASPH",3,3,16,22,13.6363636363636,6
"ATAD2",3,0,10,13,23.0769230769231,3
"ATF2",3,2,7,12,25,5
"ATG16L2",3,0,19,22,13.6363636363636,3
"ATP1B3",3,2,12,17,17.6470588235294,5
"ATP5D",3,1,7,11,27.2727272727273,4
"ATP5G2",3,2,8,13,23.0769230769231,5
"ATP5H",3,2,10,15,20,5
"ATP6V1H",3,4,19,26,11.5384615384615,7
"ATP8B4",3,1,5,9,33.3333333333333,4
"ATPAF1",3,2,8,13,23.0769230769231,5
"AUH",3,2,23,28,10.7142857142857,5
"AZIN1",3,8,17,28,10.7142857142857,11
"B3GNT2",3,3,11,17,17.6470588235294,6
"B4GALT6",3,1,4,8,37.5,4
"BAALC",3,2,9,14,21.4285714285714,5
"BAP1",3,0,11,14,21.4285714285714,3
"BATF3",3,1,14,18,16.6666666666667,4
"BAZ2B",3,2,10,15,20,5
"BCAN",3,3,15,21,14.2857142857143,6
"BCAT2",3,0,9,12,25,3
"BCL2L11",3,5,22,30,10,8
"BCL6B",3,1,12,16,18.75,4
"BCL7C",3,2,6,11,27.2727272727273,5
"BDH2",3,6,24,33,9.09090909090909,9
"BHLHE41",3,2,26,31,9.67741935483871,5
"BIRC6",3,10,17,30,10,13
"BIVM",3,7,24,34,8.82352941176471,10
"BIVM-ERCC5",3,7,24,34,8.82352941176471,10
"BLOC1S2",3,1,8,12,25,4
"BLOC1S4",3,7,33,43,6.97674418604651,10
"BLOC1S5",3,0,15,18,16.6666666666667,3
"BLOC1S5-TXNDC5",3,0,14,17,17.6470588235294,3
"BOD1",3,2,25,30,10,5
"BTBD18",3,2,10,15,20,5
"BTBD19",3,1,4,8,37.5,4
"BTG1",3,6,29,38,7.89473684210526,9
"C10orf82",3,1,2,6,50,4
"C10orf91",3,3,26,32,9.375,6
"C12orf4",3,0,7,10,30,3
"C12orf61",3,2,15,20,15,5
"C12orf79",3,6,29,38,7.89473684210526,9
"C14orf164",3,0,8,11,27.2727272727273,3
"C14orf182",3,3,8,14,21.4285714285714,6
"C14orf183",3,8,24,35,8.57142857142857,11
"C15orf48",3,6,31,40,7.5,9
"C15orf52",3,1,10,14,21.4285714285714,4
"C19orf26",3,1,7,11,27.2727272727273,4
"C19orf60",3,0,15,18,16.6666666666667,3
"C1orf112",3,1,12,16,18.75,4
"C1orf134",3,0,3,6,50,3
"C1orf145",3,1,11,15,20,4
"C1orf147",3,0,10,13,23.0769230769231,3
"C1orf194",3,4,22,29,10.3448275862069,7
"C1QTNF2",3,0,15,18,16.6666666666667,3
"C20orf26",3,0,3,6,50,3
"C21orf33",3,1,10,14,21.4285714285714,4
"C2CD2L",3,2,20,25,12,5
"C2orf68",3,2,17,22,13.6363636363636,5
"C3orf18",3,0,4,7,42.8571428571429,3
"C3orf20",3,0,10,13,23.0769230769231,3
"C4BPA",3,3,19,25,12,6
"C4orf3",3,1,12,16,18.75,4
"C5orf28",3,3,6,12,25,6
"C5orf49",3,1,10,14,21.4285714285714,4
"C5orf54",3,3,18,24,12.5,6
"C5orf56",3,2,18,23,13.0434782608696,5
"C6orf120",3,4,13,20,15,7
"C6orf136",3,1,9,13,23.0769230769231,4
"C6orf25",3,0,10,13,23.0769230769231,3
"C6orf52",3,5,11,19,15.7894736842105,8
"C7orf25",3,1,21,25,12,4
"C9",3,1,18,22,13.6363636363636,4
"C9orf139",3,0,7,10,30,3
"C9orf172",3,1,4,8,37.5,4
"CA13",3,2,16,21,14.2857142857143,5
"CA2",3,2,25,30,10,5
"CACNA1C",3,0,8,11,27.2727272727273,3
"CACNA1C-AS3",3,0,8,11,27.2727272727273,3
"CACNA2D4",3,0,5,8,37.5,3
"CAGE1",3,0,21,24,12.5,3
"CAMK1",3,3,14,20,15,6
"CAPRIN2",3,6,18,27,11.1111111111111,9
"CARHSP1",3,2,14,19,15.7894736842105,5
"CARNS1",3,0,5,8,37.5,3
"CBLL1",3,5,12,20,15,8
"CCDC102B",3,7,16,26,11.5384615384615,10
"CCDC109B",3,2,4,9,33.3333333333333,5
"CCDC115",3,0,3,6,50,3
"CCDC116",3,1,8,12,25,4
"CCDC122",3,2,9,14,21.4285714285714,5
"CCDC148-AS1",3,0,12,15,20,3
"CCDC93",3,3,9,15,20,6
"CCM2",3,0,11,14,21.4285714285714,3
"CCNA2",3,0,5,8,37.5,3
"CCNJL",3,1,22,26,11.5384615384615,4
"CCNK",3,3,11,17,17.6470588235294,6
"CCNL1",3,5,14,22,13.6363636363636,8
"CCNYL1",3,4,8,15,20,7
"CCRL2",3,0,11,14,21.4285714285714,3
"CD101",3,4,23,30,10,7
"CD2AP",3,3,12,18,16.6666666666667,6
"CD2BP2",3,3,17,23,13.0434782608696,6
"CD300E",3,2,23,28,10.7142857142857,5
"CD3EAP",3,1,4,8,37.5,4
"CD63",3,0,7,10,30,3
"CD68",3,0,7,10,30,3
"CDC25A",3,1,12,16,18.75,4
"CDC26",3,2,12,17,17.6470588235294,5
"CDCA2",3,1,25,29,10.3448275862069,4
"CDCA7",3,0,1,4,75,3
"CDH16",3,1,0,4,75,4
"CDH24",3,1,7,11,27.2727272727273,4
"CDK13",3,1,6,10,30,4
"CDX1",3,0,7,10,30,3
"CEACAM18",3,2,21,26,11.5384615384615,5
"CELF6",3,4,5,12,25,7
"CEP290",3,1,9,13,23.0769230769231,4
"CEP57",3,5,9,17,17.6470588235294,8
"CEP57L1",3,0,3,6,50,3
"CFLAR-AS1",3,3,20,26,11.5384615384615,6
"CGN",3,9,39,51,5.88235294117647,12
"CH25H",3,3,19,25,12,6
"CHCHD2",3,1,17,21,14.2857142857143,4
"CHCHD6",3,1,16,20,15,4
"CHRM3",3,0,13,16,18.75,3
"CHTOP",3,1,15,19,15.7894736842105,4
"CIRBP",3,1,9,13,23.0769230769231,4
"CISH",3,2,14,19,15.7894736842105,5
"CKAP2L",3,1,16,20,15,4
"CLASP1",3,0,8,11,27.2727272727273,3
"CLASP2",3,2,11,16,18.75,5
"CLCN1",3,1,18,22,13.6363636363636,4
"CLDN7",3,2,12,17,17.6470588235294,5
"CLDND1",3,6,20,29,10.3448275862069,9
"CLEC12A",3,1,10,14,21.4285714285714,4
"CLEC12B",3,1,8,12,25,4
"CLEC1B",3,1,7,11,27.2727272727273,4
"CLEC2B",3,1,4,8,37.5,4
"CLEC5A",3,0,5,8,37.5,3
"CLRN3",3,3,39,45,6.66666666666667,6
"CMBL",3,2,18,23,13.0434782608696,5
"CMPK1",3,0,2,5,60,3
"CNIH3",3,2,13,18,16.6666666666667,5
"CNPPD1",3,0,19,22,13.6363636363636,3
"COG5",3,3,6,12,25,6
"COMMD3",3,0,11,14,21.4285714285714,3
"COMMD3-BMI1",3,0,11,14,21.4285714285714,3
"COMMD9",3,4,7,14,21.4285714285714,7
"COPB1",3,2,0,5,60,5
"COPS6",3,0,4,7,42.8571428571429,3
"COTL1",3,2,24,29,10.3448275862069,5
"COX5A",3,0,4,7,42.8571428571429,3
"COX6A1P2",3,2,19,24,12.5,5
"CPEB3",3,1,12,16,18.75,4
"CPN2",3,2,8,13,23.0769230769231,5
"CPOX",3,9,20,32,9.375,12
"CR1",3,1,11,15,20,4
"CRB2",3,0,8,11,27.2727272727273,3
"CREB3",3,0,10,13,23.0769230769231,3
"CREBL2",3,0,6,9,33.3333333333333,3
"CRIM1",3,1,43,47,6.38297872340426,4
"CRLF1",3,0,15,18,16.6666666666667,3
"CRNDE",3,2,17,22,13.6363636363636,5
"CRNKL1",3,0,3,6,50,3
"CRYBA4",3,0,5,8,37.5,3
"CRYBB1",3,0,5,8,37.5,3
"CSF1R",3,0,11,14,21.4285714285714,3
"CSF3",3,1,8,12,25,4
"CSK",3,0,11,14,21.4285714285714,3
"CSNK2B",3,0,13,16,18.75,3
"CTA-276O3.4",3,4,11,18,16.6666666666667,7
"CTA-941F9.9",3,0,5,8,37.5,3
"CTAGE5",3,5,8,16,18.75,8
"CTB-79E8.2",3,1,10,14,21.4285714285714,4
"CTC-338M12.6",3,0,8,11,27.2727272727273,3
"CTC-338M12.7",3,0,5,8,37.5,3
"CTC-432M15.3",3,0,10,13,23.0769230769231,3
"CTC-467M3.1",3,0,7,10,30,3
"CTC-467M3.2",3,0,11,14,21.4285714285714,3
"CTC-467M3.3",3,0,11,14,21.4285714285714,3
"CTC-498J12.3",3,3,14,20,15,6
"CTC-534A2.2",3,4,6,13,23.0769230769231,7
"CTD-2017C7.1",3,2,11,16,18.75,5
"CTD-2017C7.3",3,2,11,16,18.75,5
"CTD-2105E13.6",3,0,4,7,42.8571428571429,3
"CTD-2140B24.4",3,2,13,18,16.6666666666667,5
"CTD-2152M20.2",3,3,6,12,25,6
"CTD-2193P3.2",3,2,6,11,27.2727272727273,5
"CTD-2260A17.2",3,0,6,9,33.3333333333333,3
"CTD-2288O8.1",3,3,15,21,14.2857142857143,6
"CTD-2311M21.3",3,0,10,13,23.0769230769231,3
"CTD-2313J17.1",3,4,17,24,12.5,7
"CTD-2315E11.1",3,1,9,13,23.0769230769231,4
"CTD-2353F22.1",3,9,17,29,10.3448275862069,12
"CTD-2369P2.4",3,2,10,15,20,5
"CTD-2545G14.7",3,2,13,18,16.6666666666667,5
"CTD-2587H24.4",3,0,10,13,23.0769230769231,3
"CTD-2587H24.5",3,0,10,13,23.0769230769231,3
"CTD-2649C14.1",3,2,14,19,15.7894736842105,5
"CTD-3073N11.5",3,2,19,24,12.5,5
"CTDNEP1",3,2,13,18,16.6666666666667,5
"CTF1",3,2,6,11,27.2727272727273,5
"CTHRC1",3,2,23,28,10.7142857142857,5
"CTNND1",3,2,17,22,13.6363636363636,5
"CTSO",3,1,1,5,60,4
"CUEDC2",3,0,6,9,33.3333333333333,3
"CUL1",3,2,13,18,16.6666666666667,5
"CX3CR1",3,0,18,21,14.2857142857143,3
"CXCL16",3,0,7,10,30,3
"CYB561A3",3,2,9,14,21.4285714285714,5
"CYBRD1",3,0,6,9,33.3333333333333,3
"CYFIP1",3,8,36,47,6.38297872340426,11
"CYP11A1",3,0,10,13,23.0769230769231,3
"CYP7B1",3,1,3,7,42.8571428571429,4
"DAK",3,1,10,14,21.4285714285714,4
"DBX1",3,0,3,6,50,3
"DCAF11",3,0,21,24,12.5,3
"DCAF17",3,0,0,3,100,3
"DCAF6",3,2,16,21,14.2857142857143,5
"DCHS1",3,1,9,13,23.0769230769231,4
"DCTN2",3,1,9,13,23.0769230769231,4
"DDAH2",3,0,10,13,23.0769230769231,3
"DDB1",3,1,11,15,20,4
"DDX21",3,0,9,12,25,3
"DDX41",3,0,4,7,42.8571428571429,3
"DDX46",3,2,9,14,21.4285714285714,5
"DDX58",3,1,17,21,14.2857142857143,4
"DECR1",3,6,23,32,9.375,9
"DEPDC5",3,3,9,15,20,6
"DGKZ",3,0,7,10,30,3
"DGUOK",3,3,11,17,17.6470588235294,6
"DHX35",3,3,19,25,12,6
"DHX36",3,0,6,9,33.3333333333333,3
"DHX9",3,2,15,20,15,5
"DISP2",3,0,9,12,25,3
"DIXDC1",3,4,11,18,16.6666666666667,7
"DLEU7-AS1",3,5,18,26,11.5384615384615,8
"DLX1",3,1,8,12,25,4
"DLX3",3,3,36,42,7.14285714285714,6
"DNAAF3",3,0,10,13,23.0769230769231,3
"DNAJB2",3,1,22,26,11.5384615384615,4
"DNAJB8",3,0,7,10,30,3
"DNAJC2",3,4,11,18,16.6666666666667,7
"DNAJC22",3,1,10,14,21.4285714285714,4
"DNAJC5",3,2,12,17,17.6470588235294,5
"DNAJC7",3,2,13,18,16.6666666666667,5
"DOCK10",3,0,3,6,50,3
"DOCK4-AS1",3,1,6,10,30,4
"DOCK8",3,1,18,22,13.6363636363636,4
"DOK3",3,0,4,7,42.8571428571429,3
"DOLK",3,0,2,5,60,3
"DPAGT1",3,2,20,25,12,5
"DPPA3",3,0,4,7,42.8571428571429,3
"DSCAML1",3,3,46,52,5.76923076923077,6
"DSCR3",3,3,17,23,13.0434782608696,6
"DTHD1",3,6,35,44,6.81818181818182,9
"DTWD2",3,5,16,24,12.5,8
"DUPD1",3,0,4,7,42.8571428571429,3
"DUS4L",3,3,6,12,25,6
"DUSP13",3,0,6,9,33.3333333333333,3
"DUSP16",3,1,6,10,30,4
"DVL2",3,2,13,18,16.6666666666667,5
"DYNC1LI2",3,3,19,25,12,6
"DYNC2H1",3,0,6,9,33.3333333333333,3
"DYNLT1",3,0,14,17,17.6470588235294,3
"DYRK1A",3,2,9,14,21.4285714285714,5
"E2F4",3,0,6,9,33.3333333333333,3
"ECI1",3,0,2,5,60,3
"EEF1A1",3,6,23,32,9.375,9
"EEF1G",3,0,11,14,21.4285714285714,3
"EFCAB14-AS1",3,2,8,13,23.0769230769231,5
"EHBP1L1",3,0,3,6,50,3
"EIF2A",3,0,5,8,37.5,3
"EIF4A1",3,0,7,10,30,3
"EIF4A2",3,3,11,17,17.6470588235294,6
"ELF2",3,5,7,15,20,8
"ELP5",3,2,13,18,16.6666666666667,5
"EML3",3,0,13,16,18.75,3
"ENSA",3,1,15,19,15.7894736842105,4
"ENTPD3-AS1",3,3,15,21,14.2857142857143,6
"EPHB6",3,1,11,15,20,4
"ERP29",3,0,0,3,100,3
"ESR2",3,0,7,10,30,3
"ESYT2",3,6,28,37,8.10810810810811,9
"ETNK1",3,1,19,23,13.0434782608696,4
"ETS1",3,3,34,40,7.5,6
"ETV5-AS1",3,1,5,9,33.3333333333333,4
"EXOC3L1",3,0,6,9,33.3333333333333,3
"EXOSC8",3,3,8,14,21.4285714285714,6
"EXTL3",3,1,4,8,37.5,4
"FAM134A",3,0,19,22,13.6363636363636,3
"FAM174B",3,4,17,24,12.5,7
"FAM177A1",3,2,13,18,16.6666666666667,5
"FAM179A",3,4,25,32,9.375,7
"FAM179B",3,10,17,30,10,13
"FAM198B",3,1,3,7,42.8571428571429,4
"FAM20B",3,3,13,19,15.7894736842105,6
"FAM46A",3,2,14,19,15.7894736842105,5
"FAM47E",3,1,14,18,16.6666666666667,4
"FAM49A",3,0,20,23,13.0434782608696,3
"FAM53B",3,2,37,42,7.14285714285714,5
"FAM71E2",3,0,4,7,42.8571428571429,3
"FAM76B",3,5,9,17,17.6470588235294,8
"FAM89B",3,0,3,6,50,3
"FAM99B",3,4,11,18,16.6666666666667,7
"FANCM",3,10,18,31,9.67741935483871,13
"FAS",3,2,7,12,25,5
"FBN1",3,4,15,22,13.6363636363636,7
"FBRS",3,1,8,12,25,4
"FBXL15",3,0,9,12,25,3
"FBXL8",3,0,9,12,25,3
"FBXO32",3,0,9,12,25,3
"FGFR1",3,2,34,39,7.69230769230769,5
"FHL3",3,0,12,15,20,3
"FICD",3,2,8,13,23.0769230769231,5
"FJX1",3,4,14,21,14.2857142857143,7
"FKBP14",3,0,8,11,27.2727272727273,3
"FKBP3",3,10,18,31,9.67741935483871,13
"FKBP5",3,2,6,11,27.2727272727273,5
"FLI1",3,1,24,28,10.7142857142857,4
"FNIP1",3,0,10,13,23.0769230769231,3
"FOPNL",3,4,27,34,8.82352941176471,7
"FOXC1",3,2,19,24,12.5,5
"FPR1",3,1,14,18,16.6666666666667,4
"FPR2",3,1,14,18,16.6666666666667,4
"FPR3",3,2,20,25,12,5
"FRAS1",3,3,4,10,30,6
"GABARAP",3,2,13,18,16.6666666666667,5
"GAK",3,1,5,9,33.3333333333333,4
"GALC",3,3,27,33,9.09090909090909,6
"GAN",3,2,20,25,12,5
"GATM",3,5,27,35,8.57142857142857,8
"GDAP2",3,3,4,10,30,6
"GDF11",3,0,7,10,30,3
"GDF3",3,0,2,5,60,3
"GEMIN2",3,5,13,21,14.2857142857143,8
"GEMIN5",3,1,11,15,20,4
"GGCX",3,0,13,16,18.75,3
"GGNBP1",3,2,11,16,18.75,5
"GIMAP1",3,1,11,15,20,4
"GJB6",3,2,11,16,18.75,5
"GLIPR1",3,0,12,15,20,3
"GLS2",3,1,8,12,25,4
"GLYCTK",3,0,22,25,12,3
"GMIP",3,0,3,6,50,3
"GMNN",3,0,25,28,10.7142857142857,3
"GNB1",3,0,7,10,30,3
"GPA33",3,0,12,15,20,3
"GPANK1",3,0,13,16,18.75,3
"GPR19",3,1,12,16,18.75,4
"GPR3",3,0,18,21,14.2857142857143,3
"GPR56",3,0,5,8,37.5,3
"GPR98",3,1,12,16,18.75,4
"GPRC5D",3,0,5,8,37.5,3
"GRAMD2",3,0,3,6,50,3
"GRHPR",3,0,5,8,37.5,3
"GS1-251I9.3",3,3,7,13,23.0769230769231,6
"GS1-251I9.4",3,5,16,24,12.5,8
"GSK3B",3,3,9,15,20,6
"GSTK1",3,2,27,32,9.375,5
"GSTO2",3,7,18,28,10.7142857142857,10
"GTF2H1",3,3,8,14,21.4285714285714,6
"GTF2IRD1",3,1,12,16,18.75,4
"GTF3A",3,0,2,5,60,3
"GTF3C3",3,1,5,9,33.3333333333333,4
"GTSF1",3,0,4,7,42.8571428571429,3
"GUCA1A",3,0,7,10,30,3
"GUCA1B",3,0,6,9,33.3333333333333,3
"GUCY1A3",3,0,4,7,42.8571428571429,3
"GUF1",3,3,18,24,12.5,6
"H1FX",3,0,0,3,100,3
"H1FX-AS1",3,0,0,3,100,3
"H2AFX",3,2,18,23,13.0434782608696,5
"HAUS6",3,1,13,17,17.6470588235294,4
"HCG14",3,0,21,24,12.5,3
"HCLS1",3,1,6,10,30,4
"HDDC3",3,1,19,23,13.0434782608696,4
"HDGF",3,1,16,20,15,4
"HDGFRP3",3,1,4,8,37.5,4
"HELQ",3,3,5,11,27.2727272727273,6
"HEMK1",3,0,4,7,42.8571428571429,3
"HEXIM2",3,0,12,15,20,3
"HIBCH",3,0,9,12,25,3
"HINT2",3,0,5,8,37.5,3
"HINT3",3,3,17,23,13.0434782608696,6
"HIPK3",3,2,14,19,15.7894736842105,5
"HIST1H2AB",3,1,28,32,9.375,4
"HIST1H2AK",3,1,13,17,17.6470588235294,4
"HIST1H2BN",3,1,13,17,17.6470588235294,4
"HIST1H4C",3,0,20,23,13.0434782608696,3
"HKDC1",3,2,11,16,18.75,5
"HLA-DPA1",3,1,2,6,50,4
"HLA-DPB1",3,1,2,6,50,4
"HMBS",3,2,18,23,13.0434782608696,5
"HMG20A",3,1,3,7,42.8571428571429,4
"HNRNPC",3,1,11,15,20,4
"HNRNPUL1",3,1,3,7,42.8571428571429,4
"HOXD9",3,0,19,22,13.6363636363636,3
"HPS5",3,3,8,14,21.4285714285714,6
"HS3ST1",3,0,11,14,21.4285714285714,3
"HS6ST1",3,2,14,19,15.7894736842105,5
"HSF4",3,0,9,12,25,3
"HSPA12A",3,1,3,7,42.8571428571429,4
"HSPA1A",3,0,19,22,13.6363636363636,3
"HSPA1L",3,0,19,22,13.6363636363636,3
"HSPA9",3,4,15,22,13.6363636363636,7
"HTRA3",3,0,10,13,23.0769230769231,3
"ICAM1",3,2,10,15,20,5
"IDH2",3,1,9,13,23.0769230769231,4
"IFFO2",3,0,6,9,33.3333333333333,3
"IFT80",3,1,2,6,50,4
"IFT88",3,1,13,17,17.6470588235294,4
"IGF2BP3",3,3,17,23,13.0434782608696,6
"IGSF6",3,3,18,24,12.5,6
"IKBKE",3,0,9,12,25,3
"IKZF2",3,1,11,15,20,4
"IL11",3,0,4,7,42.8571428571429,3
"IL1A",3,1,22,26,11.5384615384615,4
"IL1B",3,3,42,48,6.25,6
"IL1R2",3,3,23,29,10.3448275862069,6
"IL20",3,0,11,14,21.4285714285714,3
"IL6R",3,0,5,8,37.5,3
"ILK",3,4,27,34,8.82352941176471,7
"IMP4",3,0,3,6,50,3
"INHBA",3,1,6,10,30,4
"INHBA-AS1",3,1,4,8,37.5,4
"INPP1",3,0,9,12,25,3
"INPP4B",3,0,12,15,20,3
"INTS1",3,0,3,6,50,3
"INTS10",3,2,17,22,13.6363636363636,5
"IPO11",3,0,12,15,20,3
"IPO9",3,2,19,24,12.5,5
"IPO9-AS1",3,2,19,24,12.5,5
"IQCE",3,0,10,13,23.0769230769231,3
"IRAK4",3,8,17,28,10.7142857142857,11
"IRX5",3,2,17,22,13.6363636363636,5
"ITGA1",3,3,15,21,14.2857142857143,6
"ITGAV",3,3,16,22,13.6363636363636,6
"IZUMO1",3,0,3,6,50,3
"JUN",3,2,29,34,8.82352941176471,5
"KANSL1L",3,1,12,16,18.75,4
"KAT2B",3,9,23,35,8.57142857142857,12
"KB-1410C5.5",3,1,16,20,15,4
"KB-1507C5.2",3,8,17,28,10.7142857142857,11
"KBTBD2",3,2,7,12,25,5
"KCMF1",3,3,14,20,15,6
"KCNH3",3,1,6,10,30,4
"KCTD2",3,2,11,16,18.75,5
"KCTD21-AS1",3,1,3,7,42.8571428571429,4
"KCTD9",3,1,25,29,10.3448275862069,4
"KDM1B",3,2,16,21,14.2857142857143,5
"KIAA0232",3,7,34,44,6.81818181818182,10
"KIAA0408",3,6,13,22,13.6363636363636,9
"KIAA0513",3,2,17,22,13.6363636363636,5
"KIAA0895L",3,0,8,11,27.2727272727273,3
"KIAA1279",3,1,17,21,14.2857142857143,4
"KIAA1324",3,4,22,29,10.3448275862069,7
"KIAA1324L",3,0,6,9,33.3333333333333,3
"KIAA1614",3,0,10,13,23.0769230769231,3
"KIF13A",3,0,12,15,20,3
"KIF20B",3,2,8,13,23.0769230769231,5
"KIF26B",3,0,19,22,13.6363636363636,3
"KIF5A",3,1,9,13,23.0769230769231,4
"KIFC1",3,0,5,8,37.5,3
"KITLG",3,2,4,9,33.3333333333333,5
"KLHDC9",3,0,16,19,15.7894736842105,3
"KLHL25",3,1,10,14,21.4285714285714,4
"KLHL28",3,10,17,30,10,13
"KLHL3",3,0,9,12,25,3
"KLHL36",3,0,9,12,25,3
"KLRB1",3,0,3,6,50,3
"KPNA1",3,0,2,5,60,3
"KRBA2",3,0,9,12,25,3
"KRI1",3,0,9,12,25,3
"KRR1",3,2,19,24,12.5,5
"KRT18P34",3,5,14,22,13.6363636363636,8
"KRT72",3,0,15,18,16.6666666666667,3
"KRT82",3,0,17,20,15,3
"KRT85",3,1,14,18,16.6666666666667,4
"KRTDAP",3,2,25,30,10,5
"LACC1",3,2,9,14,21.4285714285714,5
"LAMB3",3,9,61,73,4.10958904109589,12
"LAPTM4B",3,1,9,13,23.0769230769231,4
"LARP4B",3,7,34,44,6.81818181818182,10
"LARP7",3,1,13,17,17.6470588235294,4
"LCT",3,2,13,18,16.6666666666667,5
"LEFTY2",3,2,17,22,13.6363636363636,5
"LEP",3,2,9,14,21.4285714285714,5
"LEPR",3,0,14,17,17.6470588235294,3
"LEPROT",3,0,14,17,17.6470588235294,3
"LFNG",3,1,13,17,17.6470588235294,4
"LGI2",3,2,10,15,20,5
"LHX2",3,4,18,25,12,7
"LIF",3,1,9,13,23.0769230769231,4
"LIMD1-AS1",3,0,1,4,75,3
"LINC00336",3,1,11,15,20,4
"LINC00461",3,1,14,18,16.6666666666667,4
"LINC00610",3,3,12,18,16.6666666666667,6
"LINC00888",3,0,18,21,14.2857142857143,3
"LINC00917",3,1,4,8,37.5,4
"LINC01135",3,2,29,34,8.82352941176471,5
"LITAF",3,2,14,19,15.7894736842105,5
"LL22NC03-86G7.1",3,0,9,12,25,3
"LLGL1",3,2,8,13,23.0769230769231,5
"LNP1",3,1,8,12,25,4
"LNPEP",3,0,6,9,33.3333333333333,3
"LOH12CR1",3,2,19,24,12.5,5
"LOH12CR2",3,2,19,24,12.5,5
"LPAR2",3,0,3,6,50,3
"LPIN3",3,2,12,17,17.6470588235294,5
"LPP",3,1,14,18,16.6666666666667,4
"LPP-AS2",3,1,14,18,16.6666666666667,4
"LRCH1",3,2,24,29,10.3448275862069,5
"LRP1",3,4,20,27,11.1111111111111,7
"LRP4",3,0,6,9,33.3333333333333,3
"LRRC31",3,3,6,12,25,6
"LRRC71",3,5,14,22,13.6363636363636,8
"LRRFIP2",3,0,14,17,17.6470588235294,3
"LRRK1",3,4,14,21,14.2857142857143,7
"LSM14A",3,0,9,12,25,3
"LSM2",3,0,14,17,17.6470588235294,3
"LSM4",3,0,7,10,30,3
"LY6G5C",3,0,9,12,25,3
"LY6G6C",3,0,10,13,23.0769230769231,3
"LY6G6D",3,0,10,13,23.0769230769231,3
"LYRM9",3,6,33,42,7.14285714285714,9
"LYSMD3",3,1,12,16,18.75,4
"MACC1",3,2,15,20,15,5
"MACROD1",3,0,3,6,50,3
"MAMDC4",3,1,4,8,37.5,4
"MAN1A1",3,2,4,9,33.3333333333333,5
"MANBA",3,4,17,24,12.5,7
"MAP3K1",3,2,48,53,5.66037735849057,5
"MAP7",3,1,11,15,20,4
"MAPK8IP3",3,0,2,5,60,3
"MAPKAPK3",3,2,14,19,15.7894736842105,5
"MARCH5",3,1,12,16,18.75,4
"MARCH7",3,5,23,31,9.67741935483871,8
"MATN1",3,6,32,41,7.31707317073171,9
"MATN1-AS1",3,6,32,41,7.31707317073171,9
"MAU2",3,1,13,17,17.6470588235294,4
"MB",3,6,54,63,4.76190476190476,9
"MB21D2",3,2,20,25,12,5
"MCF2L2",3,0,24,27,11.1111111111111,3
"MCM3",3,3,19,25,12,6
"MCTP2",3,4,21,28,10.7142857142857,7
"MCU",3,1,6,10,30,4
"MDK",3,0,7,10,30,3
"MDP1",3,0,32,35,8.57142857142857,3
"MED12L",3,0,8,11,27.2727272727273,3
"MED28P1",3,1,17,21,14.2857142857143,4
"MED29",3,0,5,8,37.5,3
"MEF2B",3,2,15,20,15,5
"MEF2BNB",3,2,15,20,15,5
"MEF2BNB-MEF2B",3,2,15,20,15,5
"MEGF9",3,4,40,47,6.38297872340426,7
"MESDC2",3,2,20,25,12,5
"MESP2",3,1,11,15,20,4
"METTL13",3,2,17,22,13.6363636363636,5
"METTL18",3,1,12,16,18.75,4
"METTL8",3,0,0,3,100,3
"MFI2-AS1",3,0,10,13,23.0769230769231,3
"MFNG",3,0,3,6,50,3
"MFSD6",3,1,10,14,21.4285714285714,4
"MGARP",3,6,10,19,15.7894736842105,9
"MGAT4A",3,0,8,11,27.2727272727273,3
"MGC10955",3,1,21,25,12,4
"MGME1",3,5,24,32,9.375,8
"MICU1",3,2,10,15,20,5
"MIDN",3,1,7,11,27.2727272727273,4
"MINA",3,6,14,23,13.0434782608696,9
"MIOX",3,0,2,5,60,3
"MIR106B",3,0,4,7,42.8571428571429,3
"MIR1207",3,2,17,22,13.6363636363636,5
"MIR125A",3,2,27,32,9.375,5
"MIR1276",3,1,26,30,10,4
"MIR1284",3,1,3,7,42.8571428571429,4
"MIR1294",3,0,12,15,20,3
"MIR135A1",3,0,22,25,12,3
"MIR141",3,3,6,12,25,6
"MIR1471",3,1,26,30,10,4
"MIR153",3,1,24,28,10.7142857142857,4
"MIR17HG",3,2,11,16,18.75,5
"MIR200C",3,3,6,12,25,6
"MIR21",3,3,14,20,15,6
"MIR2355",3,3,19,25,12,6
"MIR25",3,0,4,7,42.8571428571429,3
"MIR302A",3,1,13,17,17.6470588235294,4
"MIR302B",3,1,12,16,18.75,4
"MIR302C",3,1,12,16,18.75,4
"MIR3165",3,0,8,11,27.2727272727273,3
"MIR330",3,0,5,8,37.5,3
"MIR3607",3,0,22,25,12,3
"MIR3654",3,0,14,17,17.6470588235294,3
"MIR375",3,0,10,13,23.0769230769231,3
"MIR378A",3,0,3,6,50,3
"MIR4470",3,3,16,22,13.6363636363636,6
"MIR4482",3,7,18,28,10.7142857142857,10
"MIR4638",3,0,5,8,37.5,3
"MIR548C",3,2,18,23,13.0434782608696,5
"MIR558",3,7,14,24,12.5,10
"MIR575",3,1,5,9,33.3333333333333,4
"MIR593",3,1,9,13,23.0769230769231,4
"MIR600HG",3,1,7,11,27.2727272727273,4
"MIR610",3,0,7,10,30,3
"MIR7",3,3,36,42,7.14285714285714,6
"MIR762",3,2,6,11,27.2727272727273,5
"MIR93",3,0,4,7,42.8571428571429,3
"MIR933",3,2,7,12,25,5
"MIR99B",3,2,27,32,9.375,5
"MIRLET7E",3,2,27,32,9.375,5
"MIRLET7I",3,2,15,20,15,5
"MIS18BP1",3,9,14,26,11.5384615384615,12
"MLLT10",3,0,14,17,17.6470588235294,3
"MMADHC",3,5,27,35,8.57142857142857,8
"MMP27",3,2,26,31,9.67741935483871,5
"MMS19",3,1,17,21,14.2857142857143,4
"MOB1A",3,1,11,15,20,4
"MOK",3,1,15,19,15.7894736842105,4
"MON1A",3,1,5,9,33.3333333333333,4
"MON2",3,1,10,14,21.4285714285714,4
"MPC2",3,2,16,21,14.2857142857143,5
"MPP4",3,1,13,17,17.6470588235294,4
"MPV17L2",3,1,3,7,42.8571428571429,4
"MPZ",3,0,5,8,37.5,3
"MRPL3",3,3,11,17,17.6470588235294,6
"MRPL38",3,1,15,19,15.7894736842105,4
"MRPL4",3,2,10,15,20,5
"MRPL47",3,5,15,23,13.0434782608696,8
"MRPS18C",3,3,5,11,27.2727272727273,6
"MRPS33",3,2,12,17,17.6470588235294,5
"MSMP",3,0,4,7,42.8571428571429,3
"MTAP",3,4,30,37,8.10810810810811,7
"MTCH1",3,0,15,18,16.6666666666667,3
"MTF1",3,1,13,17,17.6470588235294,4
"MTMR10",3,6,52,61,4.91803278688525,9
"MTSS1",3,2,43,48,6.25,5
"MUTYH",3,1,7,11,27.2727272727273,4
"MYCBP2",3,3,12,18,16.6666666666667,6
"MYCBP2-AS2",3,2,2,7,42.8571428571429,5
"MYCN",3,0,13,16,18.75,3
"MYCNOS",3,0,13,16,18.75,3
"MYH11",3,2,24,29,10.3448275862069,5
"MYO1C",3,0,8,11,27.2727272727273,3
"MYO1E",3,4,37,44,6.81818181818182,7
"MYO6",3,3,24,30,10,6
"MYOM1",3,1,22,26,11.5384615384615,4
"N4BP2L2",3,1,8,12,25,4
"N6AMT2",3,0,3,6,50,3
"NAA38",3,2,13,18,16.6666666666667,5
"NAA40",3,0,5,8,37.5,3
"NADK2",3,0,4,7,42.8571428571429,3
"NBN",3,6,23,32,9.375,9
"NCAPD3",3,3,30,36,8.33333333333333,6
"NCKAP1L",3,0,1,4,75,3
"NCOA6",3,0,7,10,30,3
"NCR2",3,1,8,12,25,4
"NDUFA10",3,0,24,27,11.1111111111111,3
"NDUFB1P1",3,0,5,8,37.5,3
"NDUFB2",3,3,5,11,27.2727272727273,6
"NDUFB2-AS1",3,3,5,11,27.2727272727273,6
"NDUFB5",3,6,15,24,12.5,9
"NDUFB8P2",3,4,10,17,17.6470588235294,7
"NDUFC2",3,2,5,10,30,5
"NDUFC2-KCTD14",3,2,5,10,30,5
"NDUFS1",3,8,18,29,10.3448275862069,11
"NEDD9",3,0,25,28,10.7142857142857,3
"NEUROG1",3,2,5,10,30,5
"NF2",3,0,2,5,60,3
"NKIRAS2",3,2,13,18,16.6666666666667,5
"NKX2",3,3,21,27,11.1111111111111,6
"NLE1",3,2,10,15,20,5
"NME1",3,2,27,32,9.375,5
"NME1-NME2",3,2,27,32,9.375,5
"NME2",3,2,27,32,9.375,5
"NME5",3,0,11,14,21.4285714285714,3
"NNMT",3,1,40,44,6.81818181818182,4
"NOB1",3,0,4,7,42.8571428571429,3
"NOM1",3,3,4,10,30,6
"NPM3",3,1,6,10,30,4
"NPPC",3,2,25,30,10,5
"NR1H3",3,1,10,14,21.4285714285714,4
"NR3C1",3,2,29,34,8.82352941176471,5
"NR4A2",3,3,28,34,8.82352941176471,6
"NRN1",3,2,7,12,25,5
"NRN1L",3,1,8,12,25,4
"NRXN2",3,1,22,26,11.5384615384615,4
"NSD1",3,4,9,16,18.75,7
"NSL1",3,0,8,11,27.2727272727273,3
"NT5C2",3,0,2,5,60,3
"NUBP1",3,1,21,25,12,4
"NUCB1",3,0,9,12,25,3
"NUDT16L1",3,5,22,30,10,8
"NUP107",3,2,13,18,16.6666666666667,5
"NUP155",3,3,5,11,27.2727272727273,6
"NUP188",3,0,2,5,60,3
"NUP210P3",3,0,0,3,100,3
"OGFOD2",3,1,4,8,37.5,4
"OPRD1",3,2,3,8,37.5,5
"OR13A1",3,2,13,18,16.6666666666667,5
"OR2H2",3,3,5,11,27.2727272727273,6
"OR2V2",3,1,4,8,37.5,4
"OR5A2",3,0,22,25,12,3
"OR5B21",3,2,9,14,21.4285714285714,5
"ORC2",3,0,15,18,16.6666666666667,3
"OSCP1",3,1,16,20,15,4
"OTUD6B",3,5,16,24,12.5,8
"OTX1",3,0,6,9,33.3333333333333,3
"PA2G4",3,1,11,15,20,4
"PABPC1P4",3,0,5,8,37.5,3
"PAF1",3,0,5,8,37.5,3
"PAK1IP1",3,5,11,19,15.7894736842105,8
"PAK4",3,2,11,16,18.75,5
"PANX1",3,3,6,12,25,6
"PAPLN",3,2,8,13,23.0769230769231,5
"PARP4",3,1,7,11,27.2727272727273,4
"PAX2",3,0,6,9,33.3333333333333,3
"PAXIP1",3,5,19,27,11.1111111111111,8
"PAXIP1-AS1",3,5,19,27,11.1111111111111,8
"PCBP1",3,2,9,14,21.4285714285714,5
"PCDHA1",3,0,14,17,17.6470588235294,3
"PCDHGA10",3,0,13,16,18.75,3
"PCDHGA11",3,0,13,16,18.75,3
"PCDHGA12",3,0,4,7,42.8571428571429,3
"PCDHGA8",3,0,9,12,25,3
"PCDHGA9",3,0,9,12,25,3
"PCDHGB4",3,0,13,16,18.75,3
"PCDHGB7",3,0,13,16,18.75,3
"PCMTD1",3,3,16,22,13.6363636363636,6
"PDCD10",3,3,24,30,10,6
"PDCD6IP",3,2,13,18,16.6666666666667,5
"PDIK1L",3,2,17,22,13.6363636363636,5
"PDZD2",3,0,11,14,21.4285714285714,3
"PDZD9",3,2,14,19,15.7894736842105,5
"PEAK1",3,1,3,7,42.8571428571429,4
"PEAR1",3,5,14,22,13.6363636363636,8
"PELO",3,3,15,21,14.2857142857143,6
"PEX19",3,1,10,14,21.4285714285714,4
"PEX5",3,2,9,14,21.4285714285714,5
"PFN2",3,1,12,16,18.75,4
"PGAP2",3,3,14,20,15,6
"PHF23",3,2,13,18,16.6666666666667,5
"PHF7",3,0,11,14,21.4285714285714,3
"PHGR1",3,1,10,14,21.4285714285714,4
"PHLDA1",3,12,45,60,5,15
"PHLDB3",3,0,2,5,60,3
"PHPT1",3,1,4,8,37.5,4
"PHTF2",3,6,42,51,5.88235294117647,9
"PI4K2B",3,3,17,23,13.0434782608696,6
"PIGL",3,2,4,9,33.3333333333333,5
"PIGT",3,2,7,12,25,5
"PIH1D1",3,0,5,8,37.5,3
"PIK3R1",3,1,12,16,18.75,4
"PIP5KL1",3,0,7,10,30,3
"PITPNA-AS1",3,1,7,11,27.2727272727273,4
"PLA2G12A",3,0,8,11,27.2727272727273,3
"PLCB2",3,2,28,33,9.09090909090909,5
"PLCL1",3,4,16,23,13.0434782608696,7
"PLEKHA8",3,0,8,11,27.2727272727273,3
"PLGRKT",3,2,17,22,13.6363636363636,5
"PLK3",3,1,4,8,37.5,4
"PLOD2",3,7,11,21,14.2857142857143,10
"PLS1",3,6,14,23,13.0434782608696,9
"PML",3,1,7,11,27.2727272727273,4
"PMPCB",3,10,21,34,8.82352941176471,13
"POLQ",3,3,11,17,17.6470588235294,6
"POLR3G",3,1,11,15,20,4
"POU3F1",3,0,16,19,15.7894736842105,3
"PPARGC1B",3,0,3,6,50,3
"PPCDC",3,0,7,10,30,3
"PPL",3,5,18,26,11.5384615384615,8
"PPM1F",3,0,9,12,25,3
"PPM1L",3,2,11,16,18.75,5
"PPP1CA",3,0,5,8,37.5,3
"PPP1R12C",3,1,14,18,16.6666666666667,4
"PPP1R13L",3,1,4,8,37.5,4
"PPP1R3C",3,1,15,19,15.7894736842105,4
"PPP3R1",3,2,13,18,16.6666666666667,5
"PPP4C",3,0,10,13,23.0769230769231,3
"PRDM13",3,0,3,6,50,3
"PRELP",3,3,12,18,16.6666666666667,6
"PRKAB1",3,1,2,6,50,4
"PRKCD",3,0,7,10,30,3
"PRKCQ",3,1,4,8,37.5,4
"PRKCQ-AS1",3,1,4,8,37.5,4
"PRM3",3,0,13,16,18.75,3
"PRMT3",3,1,4,8,37.5,4
"PRPF39",3,9,21,33,9.09090909090909,12
"PRPF4",3,2,12,17,17.6470588235294,5
"PRR14",3,1,9,13,23.0769230769231,4
"PRR14L",3,1,7,11,27.2727272727273,4
"PRR5",3,0,9,12,25,3
"PRR5L",3,2,12,17,17.6470588235294,5
"PRSS16",3,0,11,14,21.4285714285714,3
"PRSS53",3,0,6,9,33.3333333333333,3
"PSMC2",3,4,11,18,16.6666666666667,7
"PSMC6",3,2,5,10,30,5
"PSMD6-AS2",3,2,14,19,15.7894736842105,5
"PSME2",3,0,15,18,16.6666666666667,3
"PSMG2",3,3,31,37,8.10810810810811,6
"PSPC1",3,6,14,23,13.0434782608696,9
"PSTPIP2",3,0,3,6,50,3
"PTGR2",3,2,1,6,50,5
"PTPN21",3,0,10,13,23.0769230769231,3
"PTPN6",3,3,6,12,25,6
"PTPRE",3,5,39,47,6.38297872340426,8
"PTPRN",3,1,26,30,10,4
"PUS7L",3,8,17,28,10.7142857142857,11
"PXDC1",3,0,16,19,15.7894736842105,3
"PXK",3,1,10,14,21.4285714285714,4
"PYCR2",3,2,17,22,13.6363636363636,5
"PYGO2",3,2,5,10,30,5
"RAB20",3,2,15,20,15,5
"RAB26",3,1,9,13,23.0769230769231,4
"RAB3GAP2",3,1,21,25,12,4
"RAB42",3,0,3,6,50,3
"RAB8B",3,5,22,30,10,8
"RAD17",3,4,17,24,12.5,7
"RAD18",3,0,22,25,12,3
"RAD51AP1",3,0,7,10,30,3
"RAD9A",3,0,5,8,37.5,3
"RALA",3,0,2,5,60,3
"RALGPS2",3,1,10,14,21.4285714285714,4
"RAMP2",3,0,2,5,60,3
"RAMP2-AS1",3,0,2,5,60,3
"RANBP10",3,2,5,10,30,5
"RANBP3L",3,0,2,5,60,3
"RAP1GDS1",3,5,17,25,12,8
"RAP2B",3,5,20,28,10.7142857142857,8
"RASA2",3,1,10,14,21.4285714285714,4
"RASGRP3",3,3,9,15,20,6
"RASIP1",3,0,3,6,50,3
"RASSF1",3,0,6,9,33.3333333333333,3
"RASSF8",3,1,6,10,30,4
"RASSF8-AS1",3,1,6,10,30,4
"RBM45",3,4,11,18,16.6666666666667,7
"RBM6",3,0,4,7,42.8571428571429,3
"RBPJ",3,2,10,15,20,5
"RDH5",3,0,7,10,30,3
"REEP3",3,8,17,28,10.7142857142857,11
"RELL1",3,1,16,20,15,4
"REPS1",3,0,4,7,42.8571428571429,3
"REST",3,4,9,16,18.75,7
"RFC4",3,1,11,15,20,4
"RFTN1",3,1,13,17,17.6470588235294,4
"RFX8",3,2,15,20,15,5
"RFXANK",3,2,15,20,15,5
"RGP1",3,0,4,7,42.8571428571429,3
"RHOD",3,0,3,6,50,3
"RIOK1",3,0,21,24,12.5,3
"RN7SL104P",3,0,13,16,18.75,3
"RN7SL251P",3,0,13,16,18.75,3
"RN7SL312P",3,1,6,10,30,4
"RNA5SP143",3,6,14,23,13.0434782608696,9
"RNA5SP203",3,0,6,9,33.3333333333333,3
"RNA5SP351",3,4,11,18,16.6666666666667,7
"RNA5SP392",3,1,10,14,21.4285714285714,4
"RNASE11",3,2,23,28,10.7142857142857,5
"RNASEH2B",3,3,9,15,20,6
"RNASEH2B-AS1",3,3,9,15,20,6
"RNASEL",3,1,16,20,15,4
"RNF130",3,4,15,22,13.6363636363636,7
"RNF138",3,1,7,11,27.2727272727273,4
"RNF168",3,1,9,13,23.0769230769231,4
"RNF183",3,1,7,11,27.2727272727273,4
"RNF2",3,2,4,9,33.3333333333333,5
"RNPS1",3,0,2,5,60,3
"RNU1-117P",3,2,4,9,33.3333333333333,5
"RNU1-150P",3,0,3,6,50,3
"RNU1-83P",3,0,0,3,100,3
"RNU11-5P",3,0,1,4,75,3
"RNU2-2P",3,0,8,11,27.2727272727273,3
"RNU2-37P",3,0,6,9,33.3333333333333,3
"RNU4-20P",3,3,16,22,13.6363636363636,6
"RNU4-35P",3,0,4,7,42.8571428571429,3
"RNU6-1007P",3,3,24,30,10,6
"RNU6-1098P",3,0,18,21,14.2857142857143,3
"RNU6-1177P",3,3,8,14,21.4285714285714,6
"RNU6-1180P",3,1,17,21,14.2857142857143,4
"RNU6-1238P",3,0,5,8,37.5,3
"RNU6-1311P",3,2,6,11,27.2727272727273,5
"RNU6-1316P",3,2,6,11,27.2727272727273,5
"RNU6-1338P",3,2,23,28,10.7142857142857,5
"RNU6-192P",3,3,19,25,12,6
"RNU6-197P",3,0,6,9,33.3333333333333,3
"RNU6-213P",3,3,25,31,9.67741935483871,6
"RNU6-343P",3,0,4,7,42.8571428571429,3
"RNU6-418P",3,0,6,9,33.3333333333333,3
"RNU6-419P",3,2,7,12,25,5
"RNU6-422P",3,2,5,10,30,5
"RNU6-423P",3,2,11,16,18.75,5
"RNU6-450P",3,3,14,20,15,6
"RNU6-501P",3,0,11,14,21.4285714285714,3
"RNU6-511P",3,2,6,11,27.2727272727273,5
"RNU6-541P",3,9,16,28,10.7142857142857,12
"RNU6-57P",3,6,7,16,18.75,9
"RNU6-586P",3,0,4,7,42.8571428571429,3
"RNU6-594P",3,1,6,10,30,4
"RNU6-651P",3,0,7,10,30,3
"RNU6-700P",3,0,6,9,33.3333333333333,3
"RNU6-74P",3,4,4,11,27.2727272727273,7
"RNU6-787P",3,2,3,8,37.5,5
"RNU6-823P",3,0,5,8,37.5,3
"RNU6-862P",3,4,16,23,13.0434782608696,7
"RNU6-906P",3,1,6,10,30,4
"RNU6-910P",3,0,13,16,18.75,3
"RNU6-920P",3,6,9,18,16.6666666666667,9
"RNU6-921P",3,2,22,27,11.1111111111111,5
"RNU6ATAC32P",3,1,10,14,21.4285714285714,4
"RNU6ATAC38P",3,6,18,27,11.1111111111111,9
"RNU6ATAC8P",3,0,5,8,37.5,3
"RNU7-120P",3,0,11,14,21.4285714285714,3
"RNU7-128P",3,0,5,8,37.5,3
"RNU7-14P",3,1,31,35,8.57142857142857,4
"RNU7-151P",3,2,12,17,17.6470588235294,5
"RNU7-163P",3,2,7,12,25,5
"RNU7-177P",3,1,9,13,23.0769230769231,4
"RNU7-198P",3,2,12,17,17.6470588235294,5
"RNU7-3P",3,1,19,23,13.0434782608696,4
"RNU7-64P",3,0,13,16,18.75,3
"RNY1P6",3,1,17,21,14.2857142857143,4
"RP1-102K2.8",3,1,9,13,23.0769230769231,4
"RP1-139D8.6",3,0,7,10,30,3
"RP1-140A9.1",3,0,5,8,37.5,3
"RP1-144C9.2",3,0,18,21,14.2857142857143,3
"RP1-178F15.4",3,1,15,19,15.7894736842105,4
"RP1-178F15.5",3,1,15,19,15.7894736842105,4
"RP1-18D14.7",3,0,13,16,18.75,3
"RP1-261G23.7",3,5,29,37,8.10810810810811,8
"RP1-4G17.5",3,2,12,17,17.6470588235294,5
"RP1-55C23.7",3,3,6,12,25,6
"RP1-66C13.4",3,6,33,42,7.14285714285714,9
"RP11-1020M18.10",3,0,17,20,15,3
"RP11-1029J19.4",3,1,19,23,13.0434782608696,4
"RP11-1042B17.5",3,3,20,26,11.5384615384615,6
"RP11-105N14.1",3,1,11,15,20,4
"RP11-1094H24.3",3,3,36,42,7.14285714285714,6
"RP11-109P14.10",3,1,13,17,17.6470588235294,4
"RP11-10C24.1",3,2,13,18,16.6666666666667,5
"RP11-10C24.2",3,2,13,18,16.6666666666667,5
"RP11-10C24.3",3,2,13,18,16.6666666666667,5
"RP11-110G21.1",3,3,16,22,13.6363636363636,6
"RP11-110G21.2",3,3,16,22,13.6363636363636,6
"RP11-112J3.15",3,0,4,7,42.8571428571429,3
"RP11-122C5.3",3,0,11,14,21.4285714285714,3
"RP11-141B14.1",3,4,27,34,8.82352941176471,7
"RP11-145E5.5",3,4,30,37,8.10810810810811,7
"RP11-146F11.5",3,1,10,14,21.4285714285714,4
"RP11-151H2.1",3,0,7,10,30,3
"RP11-155D18.12",3,0,6,9,33.3333333333333,3
"RP11-155D18.14",3,0,6,9,33.3333333333333,3
"RP11-158M2.6",3,1,26,30,10,4
"RP11-158N24.1",3,1,6,10,30,4
"RP11-159F24.3",3,3,6,12,25,6
"RP11-161H23.9",3,1,10,14,21.4285714285714,4
"RP11-167P22.3",3,3,9,15,20,6
"RP11-16N11.2",3,2,11,16,18.75,5
"RP11-173P15.7",3,0,14,17,17.6470588235294,3
"RP11-180M15.5",3,0,6,9,33.3333333333333,3
"RP11-18H7.1",3,3,9,15,20,6
"RP11-190C22.8",3,0,7,10,30,3
"RP11-190C22.9",3,1,7,11,27.2727272727273,4
"RP11-196G11.1",3,0,6,9,33.3333333333333,3
"RP11-196G11.4",3,0,14,17,17.6470588235294,3
"RP11-197N18.2",3,1,4,8,37.5,4
"RP11-215P8.3",3,0,15,18,16.6666666666667,3
"RP11-219B4.5",3,2,16,21,14.2857142857143,5
"RP11-219O3.2",3,0,6,9,33.3333333333333,3
"RP11-224O19.2",3,7,28,38,7.89473684210526,10
"RP11-227D13.1",3,4,15,22,13.6363636363636,7
"RP11-227H4.5",3,6,20,29,10.3448275862069,9
"RP11-24F11.2",3,0,11,14,21.4285714285714,3
"RP11-266L9.1",3,1,11,15,20,4
"RP11-268P4.4",3,1,19,23,13.0434782608696,4
"RP11-273B20.3",3,2,9,14,21.4285714285714,5
"RP11-27K13.3",3,3,25,31,9.67741935483871,6
"RP11-283G6.3",3,2,26,31,9.67741935483871,5
"RP11-290L1.2",3,12,45,60,5,15
"RP11-290L1.3",3,12,45,60,5,15
"RP11-297K8.2",3,0,6,9,33.3333333333333,3
"RP11-304L19.5",3,1,9,13,23.0769230769231,4
"RP11-306G20.1",3,1,5,9,33.3333333333333,4
"RP11-307C12.12",3,2,5,10,30,5
"RP11-30K9.7",3,1,22,26,11.5384615384615,4
"RP11-317J10.2",3,2,25,30,10,5
"RP11-323J4.1",3,5,17,25,12,8
"RP11-326K13.4",3,3,17,23,13.0434782608696,6
"RP11-346C20.3",3,2,28,33,9.09090909090909,5
"RP11-346C20.4",3,2,28,33,9.09090909090909,5
"RP11-347C12.10",3,3,17,23,13.0434782608696,6
"RP11-34D15.2",3,1,14,18,16.6666666666667,4
"RP11-350G8.5",3,0,5,8,37.5,3
"RP11-350N15.4",3,2,23,28,10.7142857142857,5
"RP11-351I24.1",3,4,22,29,10.3448275862069,7
"RP11-363D14.1",3,1,19,23,13.0434782608696,4
"RP11-363N22.2",3,7,34,44,6.81818181818182,10
"RP11-385F7.1",3,3,12,18,16.6666666666667,6
"RP11-387H17.6",3,1,8,12,25,4
"RP11-392P7.6",3,0,6,9,33.3333333333333,3
"RP11-392P7.7",3,0,6,9,33.3333333333333,3
"RP11-409K20.6",3,0,4,7,42.8571428571429,3
"RP11-420K8.1",3,3,19,25,12,6
"RP11-420L9.2",3,0,16,19,15.7894736842105,3
"RP11-420L9.5",3,0,16,19,15.7894736842105,3
"RP11-421L21.2",3,1,18,22,13.6363636363636,4
"RP11-421M1.8",3,0,6,9,33.3333333333333,3
"RP11-428K3.1",3,1,10,14,21.4285714285714,4
"RP11-432J9.5",3,0,9,12,25,3
"RP11-436D10.3",3,3,23,29,10.3448275862069,6
"RP11-44N12.5",3,0,3,6,50,3
"RP11-465K1.2",3,3,17,23,13.0434782608696,6
"RP11-466F5.8",3,0,15,18,16.6666666666667,3
"RP11-467D6.1",3,1,6,10,30,4
"RP11-46A10.2",3,0,10,13,23.0769230769231,3
"RP11-46A10.5",3,0,7,10,30,3
"RP11-46C24.7",3,1,7,11,27.2727272727273,4
"RP11-474G23.1",3,2,13,18,16.6666666666667,5
"RP11-490M8.1",3,1,43,47,6.38297872340426,4
"RP11-498B4.5",3,1,2,6,50,4
"RP11-505P4.7",3,6,23,32,9.375,9
"RP11-512N4.2",3,3,18,24,12.5,6
"RP11-524O1.4",3,0,6,9,33.3333333333333,3
"RP11-529G21.2",3,5,20,28,10.7142857142857,8
"RP11-539L10.3",3,4,29,36,8.33333333333333,7
"RP11-53I6.3",3,1,7,11,27.2727272727273,4
"RP11-542K23.9",3,0,5,8,37.5,3
"RP11-544I20.2",3,0,7,10,30,3
"RP11-545M17.1",3,5,13,21,14.2857142857143,8
"RP11-545M17.3",3,5,13,21,14.2857142857143,8
"RP11-549B18.1",3,1,4,8,37.5,4
"RP11-552F3.12",3,1,15,19,15.7894736842105,4
"RP11-555M1.3",3,5,14,22,13.6363636363636,8
"RP11-55K13.1",3,2,20,25,12,5
"RP11-58E21.3",3,4,17,24,12.5,7
"RP11-58E21.5",3,8,24,35,8.57142857142857,11
"RP11-58E21.7",3,8,24,35,8.57142857142857,11
"RP11-597D13.9",3,1,3,7,42.8571428571429,4
"RP11-5A19.5",3,0,9,12,25,3
"RP11-61A14.4",3,3,19,25,12,6
"RP11-631N16.2",3,2,15,20,15,5
"RP11-637A17.2",3,2,13,18,16.6666666666667,5
"RP11-637O19.3",3,0,6,9,33.3333333333333,3
"RP11-638I2.4",3,1,17,21,14.2857142857143,4
"RP11-641A6.2",3,0,15,18,16.6666666666667,3
"RP11-644F5.11",3,0,7,10,30,3
"RP11-644F5.12",3,0,7,10,30,3
"RP11-651P23.5",3,0,12,15,20,3
"RP11-661D19.3",3,2,9,14,21.4285714285714,5
"RP11-66B24.4",3,4,14,21,14.2857142857143,7
"RP11-67C2.2",3,3,20,26,11.5384615384615,6
"RP11-68I3.11",3,6,9,18,16.6666666666667,9
"RP11-691N7.6",3,2,10,15,20,5
"RP11-69L16.4",3,0,18,21,14.2857142857143,3
"RP11-711G10.1",3,1,12,16,18.75,4
"RP11-719J20.1",3,3,2,8,37.5,6
"RP11-727F15.9",3,0,6,9,33.3333333333333,3
"RP11-728F11.3",3,3,46,52,5.76923076923077,6
"RP11-730K11.1",3,0,10,13,23.0769230769231,3
"RP11-732A19.2",3,4,25,32,9.375,7
"RP11-732A19.9",3,3,14,20,15,6
"RP11-74C1.4",3,9,33,45,6.66666666666667,12
"RP11-761I4.3",3,0,6,9,33.3333333333333,3
"RP11-768F21.1",3,1,2,6,50,4
"RP11-77G23.2",3,0,14,17,17.6470588235294,3
"RP11-77G23.5",3,0,12,15,20,3
"RP11-77H9.6",3,2,14,19,15.7894736842105,5
"RP11-77H9.8",3,4,16,23,13.0434782608696,7
"RP11-77I22.2",3,6,18,27,11.1111111111111,9
"RP11-796E2.4",3,6,29,38,7.89473684210526,9
"RP11-834C11.10",3,1,9,13,23.0769230769231,4
"RP11-834C11.8",3,1,9,13,23.0769230769231,4
"RP11-849F2.5",3,0,9,12,25,3
"RP11-849F2.7",3,0,3,6,50,3
"RP11-849H4.4",3,1,19,23,13.0434782608696,4
"RP11-857B24.5",3,11,16,30,10,14
"RP11-85O21.2",3,4,18,25,12,7
"RP11-85O21.4",3,4,18,25,12,7
"RP11-90L20.2",3,0,11,14,21.4285714285714,3
"RP11-91G21.1",3,2,2,7,42.8571428571429,5
"RP11-968A15.2",3,0,9,12,25,3
"RP11-96L14.7",3,4,23,30,10,7
"RP13-512J5.1",3,0,20,23,13.0434782608696,3
"RP13-890H12.2",3,0,12,15,20,3
"RP3-325F22.5",3,1,11,15,20,4
"RP3-414A15.11",3,4,12,19,15.7894736842105,7
"RP3-414A15.2",3,4,12,19,15.7894736842105,7
"RP3-417L20.4",3,3,2,8,37.5,6
"RP3-510O8.4",3,2,6,11,27.2727272727273,5
"RP3-521E19.2",3,0,9,12,25,3
"RP4-559A3.6",3,2,17,22,13.6363636363636,5
"RP4-559A3.7",3,2,17,22,13.6363636363636,5
"RP4-616B8.4",3,3,19,25,12,6
"RP4-647C14.2",3,2,7,12,25,5
"RP4-647C14.3",3,2,8,13,23.0769230769231,5
"RP4-665N4.4",3,1,8,12,25,4
"RP4-677H15.4",3,5,12,20,15,8
"RP4-706G24.1",3,0,15,18,16.6666666666667,3
"RP4-753D10.3",3,5,35,43,6.97674418604651,8
"RP4-753D10.5",3,5,35,43,6.97674418604651,8
"RP4-761J14.8",3,3,11,17,17.6470588235294,6
"RP4-800F24.1",3,0,17,20,15,3
"RP5-1002M8.4",3,0,1,4,75,3
"RP5-1021I20.4",3,2,1,6,50,5
"RP5-1096D14.3",3,0,5,8,37.5,3
"RP5-1115A15.1",3,3,16,22,13.6363636363636,6
"RP5-1170K4.7",3,3,39,45,6.66666666666667,6
"RP5-882C2.2",3,1,4,8,37.5,4
"RP5-884C9.2",3,0,16,19,15.7894736842105,3
"RPIA",3,5,18,26,11.5384615384615,8
"RPL14",3,3,15,21,14.2857142857143,6
"RPL26",3,0,3,6,50,3
"RPL32P1",3,1,2,6,50,4
"RPL7L1",3,1,4,8,37.5,4
"RPL7P42",3,2,13,18,16.6666666666667,5
"RPL7P51",3,2,31,36,8.33333333333333,5
"RPN1",3,1,12,16,18.75,4
"RPP14",3,1,13,17,17.6470588235294,4
"RPP25",3,0,7,10,30,3
"RPS6KB1",3,4,10,17,17.6470588235294,7
"RPSA",3,0,7,10,30,3
"RPUSD3",3,3,14,20,15,6
"RRAD",3,1,0,4,75,4
"RRM1",3,6,26,35,8.57142857142857,9
"RSAD1",3,1,12,16,18.75,4
"RSG1",3,1,15,19,15.7894736842105,4
"RUVBL1",3,0,6,9,33.3333333333333,3
"RUVBL1-AS1",3,0,6,9,33.3333333333333,3
"RWDD2B",3,0,30,33,9.09090909090909,3
"RXFP3",3,4,16,23,13.0434782608696,7
"RYK",3,2,11,16,18.75,5
"S100A1",3,1,15,19,15.7894736842105,4
"S100A13",3,1,15,19,15.7894736842105,4
"SACM1L",3,0,1,4,75,3
"SAE1",3,2,6,11,27.2727272727273,5
"SAMD8",3,0,6,9,33.3333333333333,3
"SAP18",3,2,9,14,21.4285714285714,5
"SAPCD1",3,0,13,16,18.75,3
"SAPCD1-AS1",3,0,13,16,18.75,3
"SAR1B",3,2,6,11,27.2727272727273,5
"SARNP",3,1,14,18,16.6666666666667,4
"SCAPER",3,2,10,15,20,5
"SCARB1",3,1,9,13,23.0769230769231,4
"SCARB2",3,1,14,18,16.6666666666667,4
"SCARNA12",3,3,6,12,25,6
"SCARNA16.4",3,1,16,20,15,4
"SCARNA5",3,5,21,29,10.3448275862069,8
"SCD",3,1,14,18,16.6666666666667,4
"SEC23A",3,5,13,21,14.2857142857143,8
"SEC24B",3,3,11,17,17.6470588235294,6
"SEC24B-AS1",3,3,11,17,17.6470588235294,6
"SENCR",3,1,22,26,11.5384615384615,4
"SENP6",3,2,23,28,10.7142857142857,5
"SEPSECS",3,3,17,23,13.0434782608696,6
"SERP1",3,0,8,11,27.2727272727273,3
"SERP2",3,0,13,16,18.75,3
"SERPINI1",3,3,24,30,10,6
"SESN1",3,0,3,6,50,3
"SETD1A",3,0,11,14,21.4285714285714,3
"SETD3",3,3,11,17,17.6470588235294,6
"SF3B1",3,12,42,57,5.26315789473684,15
"SFT2D1",3,5,7,15,20,8
"SGOL1",3,5,15,23,13.0434782608696,8
"SH3PXD2B",3,1,5,9,33.3333333333333,4
"SHE",3,1,8,12,25,4
"SIAH2",3,0,7,10,30,3
"SIAH2-AS1",3,0,7,10,30,3
"SIGLEC14",3,2,31,36,8.33333333333333,5
"SIGLEC5",3,2,31,36,8.33333333333333,5
"SIGLEC8",3,2,19,24,12.5,5
"SIM1",3,16,12,31,9.67741935483871,19
"SIPA1L3",3,0,8,11,27.2727272727273,3
"SIT1",3,0,3,6,50,3
"SIX1",3,3,18,24,12.5,6
"SIX4",3,3,15,21,14.2857142857143,6
"SLA",3,1,24,28,10.7142857142857,4
"SLC11A1",3,0,2,5,60,3
"SLC12A8",3,5,23,31,9.67741935483871,8
"SLC16A12",3,2,11,16,18.75,5
"SLC16A13",3,1,13,17,17.6470588235294,4
"SLC17A5",3,4,27,34,8.82352941176471,7
"SLC25A38",3,0,11,14,21.4285714285714,3
"SLC25A42",3,1,6,10,30,4
"SLC25A48",3,0,6,9,33.3333333333333,3
"SLC27A3",3,1,11,15,20,4
"SLC34A1",3,0,11,14,21.4285714285714,3
"SLC5A2",3,2,5,10,30,5
"SLFN12L",3,3,22,28,10.7142857142857,6
"SMAD6",3,0,14,17,17.6470588235294,3
"SMAD7",3,4,32,39,7.69230769230769,7
"SMU1",3,2,17,22,13.6363636363636,5
"SMURF1",3,1,14,18,16.6666666666667,4
"SNAI2",3,8,48,59,5.08474576271187,11
"SNN",3,0,4,7,42.8571428571429,3
"SNORA17.1",3,7,10,20,15,10
"SNORA2.1",3,0,4,7,42.8571428571429,3
"SNORA31.8",3,1,19,23,13.0434782608696,4
"SNORA4",3,1,6,10,30,4
"SNORA4.4",3,0,18,21,14.2857142857143,3
"SNORA40.21",3,1,8,12,25,4
"SNORA44.1",3,9,39,51,5.88235294117647,12
"SNORA48",3,0,7,10,30,3
"SNORA48.12",3,2,17,22,13.6363636363636,5
"SNORA48.3",3,0,13,16,18.75,3
"SNORA58.2",3,1,8,12,25,4
"SNORA6",3,0,7,10,30,3
"SNORA62.5",3,1,3,7,42.8571428571429,4
"SNORA63",3,1,6,10,30,4
"SNORA63.1",3,0,18,21,14.2857142857143,3
"SNORA63.6",3,1,6,10,30,4
"SNORA63.7",3,0,18,21,14.2857142857143,3
"SNORA67",3,0,7,10,30,3
"SNORA7.4",3,1,11,15,20,4
"SNORA70.25",3,2,2,7,42.8571428571429,5
"SNORA79",3,2,26,31,9.67741935483871,5
"SNORA81",3,1,6,10,30,4
"SNORA81.3",3,0,18,21,14.2857142857143,3
"SNORD10",3,0,7,10,30,3
"SNORD112.21",3,3,20,26,11.5384615384615,6
"SNORD112.49",3,0,5,8,37.5,3
"SNORD124",3,1,8,12,25,4
"SNORD127",3,7,15,25,12,10
"SNORD14E",3,0,15,18,16.6666666666667,3
"SNORD27.2",3,0,10,13,23.0769230769231,3
"SNORD60",3,1,9,13,23.0769230769231,4
"SNORD72",3,1,30,34,8.82352941176471,4
"snoU13.117",3,0,10,13,23.0769230769231,3
"snoU13.132",3,3,12,18,16.6666666666667,6
"snoU13.134",3,0,11,14,21.4285714285714,3
"snoU13.136",3,0,5,8,37.5,3
"snoU13.187",3,0,12,15,20,3
"snoU13.217",3,0,6,9,33.3333333333333,3
"snoU13.237",3,2,19,24,12.5,5
"snoU13.277",3,3,21,27,11.1111111111111,6
"snoU13.28",3,1,3,7,42.8571428571429,4
"snoU13.301",3,2,14,19,15.7894736842105,5
"snoU13.314",3,0,9,12,25,3
"snoU13.329",3,1,7,11,27.2727272727273,4
"snoU13.378",3,3,12,18,16.6666666666667,6
"snoU13.408",3,0,10,13,23.0769230769231,3
"snoU13.449",3,8,27,38,7.89473684210526,11
"snoU13.471",3,0,6,9,33.3333333333333,3
"snoU13.63",3,0,16,19,15.7894736842105,3
"SNX20",3,1,30,34,8.82352941176471,4
"SOCS6",3,6,34,43,6.97674418604651,9
"SOGA1",3,1,3,7,42.8571428571429,4
"SORL1",3,0,10,13,23.0769230769231,3
"SORT1",3,3,24,30,10,6
"SOS1",3,3,5,11,27.2727272727273,6
"SOX4",3,3,21,27,11.1111111111111,6
"SP110",3,1,19,23,13.0434782608696,4
"SPACA6P",3,2,27,32,9.375,5
"SPACA6P-AS",3,2,27,32,9.375,5
"SPAG9",3,2,23,28,10.7142857142857,5
"SPATA5L1",3,5,26,34,8.82352941176471,8
"SPATS2",3,1,13,17,17.6470588235294,4
"SPATS2L",3,4,22,29,10.3448275862069,7
"SPC25",3,1,11,15,20,4
"SPHK1",3,1,6,10,30,4
"SPRY1",3,2,15,20,15,5
"SPTLC2",3,2,32,37,8.10810810810811,5
"SREBF1",3,0,14,17,17.6470588235294,3
"SRFBP1",3,1,15,19,15.7894736842105,4
"SRGN",3,0,7,10,30,3
"SRSF11",3,10,15,28,10.7142857142857,13
"SRSF5",3,2,11,16,18.75,5
"SSSCA1",3,0,3,6,50,3
"ST3GAL4",3,1,2,6,50,4
"ST6GAL1",3,0,4,7,42.8571428571429,3
"ST6GALNAC4",3,0,7,10,30,3
"STAM2",3,9,31,43,6.97674418604651,12
"STARD5",3,0,6,9,33.3333333333333,3
"STAT5A",3,0,0,3,100,3
"STAT5B",3,1,8,12,25,4
"STAT6",3,3,20,26,11.5384615384615,6
"STAU2",3,2,15,20,15,5
"STK3",3,0,3,6,50,3
"STOML1",3,1,9,13,23.0769230769231,4
"STON2",3,3,26,32,9.375,6
"STRAP",3,3,14,20,15,6
"STX5",3,0,6,9,33.3333333333333,3
"STYK1",3,0,6,9,33.3333333333333,3
"SUCNR1",3,3,21,27,11.1111111111111,6
"SUGP1",3,1,13,17,17.6470588235294,4
"SUMO4",3,0,7,10,30,3
"SUPT16H",3,0,6,9,33.3333333333333,3
"SVIL",3,3,26,32,9.375,6
"SYCE3",3,0,7,10,30,3
"SYCP2L",3,0,7,10,30,3
"SYNGAP1",3,0,4,7,42.8571428571429,3
"SYT8",3,1,6,10,30,4
"SYTL3",3,0,14,17,17.6470588235294,3
"TADA1",3,0,2,5,60,3
"TAF10",3,4,25,32,9.375,7
"TAF11",3,0,3,6,50,3
"TAF1D",3,10,16,29,10.3448275862069,13
"TAF9",3,4,17,24,12.5,7
"TAGLN3",3,0,13,16,18.75,3
"TAL1",3,0,14,17,17.6470588235294,3
"TAOK2",3,2,9,14,21.4285714285714,5
"TARS2",3,1,5,9,33.3333333333333,4
"TATDN3",3,0,8,11,27.2727272727273,3
"TBC1D1",3,0,13,16,18.75,3
"TBC1D10C",3,0,5,8,37.5,3
"TBC1D14",3,1,18,22,13.6363636363636,4
"TBC1D2",3,1,9,13,23.0769230769231,4
"TBPL2",3,5,12,20,15,8
"TCTEX1D4",3,1,4,8,37.5,4
"TDRD10",3,1,8,12,25,4
"TEKT2",3,1,8,12,25,4
"TET2",3,2,30,35,8.57142857142857,5
"TEX38",3,2,8,13,23.0769230769231,5
"TEX9",3,0,3,6,50,3
"TGFB1I1",3,2,5,10,30,5
"TGFB2",3,7,28,38,7.89473684210526,10
"TGFBR2",3,0,32,35,8.57142857142857,3
"TGM2",3,3,21,27,11.1111111111111,6
"THBS1",3,3,45,51,5.88235294117647,6
"TIMELESS",3,0,16,19,15.7894736842105,3
"TIMM10B",3,2,18,23,13.0434782608696,5
"TIMMDC1",3,0,7,10,30,3
"TIMP3",3,0,40,43,6.97674418604651,3
"TLN1",3,0,10,13,23.0769230769231,3
"TLR10",3,1,18,22,13.6363636363636,4
"TLR9",3,0,17,20,15,3
"TM4SF1",3,0,7,10,30,3
"TM4SF1-AS1",3,0,7,10,30,3
"TM4SF19",3,0,13,16,18.75,3
"TM4SF4",3,0,6,9,33.3333333333333,3
"TMBIM6",3,0,15,18,16.6666666666667,3
"TMCO1",3,0,18,21,14.2857142857143,3
"TMED7",3,7,32,42,7.14285714285714,10
"TMEM116",3,0,0,3,100,3
"TMEM138",3,2,9,14,21.4285714285714,5
"TMEM14B",3,0,6,9,33.3333333333333,3
"TMEM14E",3,1,5,9,33.3333333333333,4
"TMEM175",3,1,5,9,33.3333333333333,4
"TMEM180",3,0,6,9,33.3333333333333,3
"TMEM212",3,1,20,24,12.5,4
"TMEM219",3,1,8,12,25,4
"TMEM237",3,1,7,11,27.2727272727273,4
"TMEM253",3,2,20,25,12,5
"TMEM260",3,6,25,34,8.82352941176471,9
"TMEM5-AS1",3,0,5,8,37.5,3
"TMEM60",3,6,42,51,5.88235294117647,9
"TMEM63A",3,1,6,10,30,4
"TMEM65",3,1,34,38,7.89473684210526,4
"TMEM8B",3,0,7,10,30,3
"TMPRSS6",3,3,39,45,6.66666666666667,6
"TMTC3",3,1,9,13,23.0769230769231,4
"TMX3",3,7,14,24,12.5,10
"TNFSF10",3,0,1,4,75,3
"TNNI2",3,1,6,10,30,4
"TNNI3",3,0,10,13,23.0769230769231,3
"TNNT1",3,1,15,19,15.7894736842105,4
"TNP2",3,0,13,16,18.75,3
"TOB1",3,0,12,15,20,3
"TOE1",3,1,7,11,27.2727272727273,4
"TOM1L2",3,0,11,14,21.4285714285714,3
"TOMM70A",3,1,8,12,25,4
"TOP2A",3,3,13,19,15.7894736842105,6
"TOPORS",3,1,17,21,14.2857142857143,4
"TOPORS-AS1",3,1,17,21,14.2857142857143,4
"TOR1A",3,0,5,8,37.5,3
"TP53I3",3,4,4,11,27.2727272727273,7
"TP53INP2",3,0,7,10,30,3
"TPMT",3,2,16,21,14.2857142857143,5
"TPP1",3,3,14,20,15,6
"TPST1",3,2,22,27,11.1111111111111,5
"TRA2B",3,3,18,24,12.5,6
"TRADD",3,0,9,12,25,3
"TRAF3",3,2,9,14,21.4285714285714,5
"TRAF4",3,0,8,11,27.2727272727273,3
"TRAF7",3,1,6,10,30,4
"TRAPPC13",3,4,6,13,23.0769230769231,7
"TREML2",3,1,2,6,50,4
"TRIB2",3,5,34,42,7.14285714285714,8
"TRIM23",3,4,6,13,23.0769230769231,7
"TRIM24",3,1,15,19,15.7894736842105,4
"TRIM4",3,0,10,13,23.0769230769231,3
"TRIM41",3,0,5,8,37.5,3
"TRIM7",3,0,8,11,27.2727272727273,3
"TRIO",3,5,50,58,5.17241379310345,8
"TRNAI6",3,1,6,10,30,4
"TROAP",3,1,10,14,21.4285714285714,4
"TSACC",3,0,3,6,50,3
"TSG101",3,2,5,10,30,5
"TSNAXIP1",3,2,8,13,23.0769230769231,5
"TSPAN3",3,4,11,18,16.6666666666667,7
"TSPYL5",3,0,8,11,27.2727272727273,3
"TTC27",3,5,19,27,11.1111111111111,8
"TTC7B",3,3,12,18,16.6666666666667,6
"TTL",3,0,11,14,21.4285714285714,3
"TUBA4A",3,1,22,26,11.5384615384615,4
"TUBA4B",3,1,22,26,11.5384615384615,4
"TUBD1",3,4,10,17,17.6470588235294,7
"TUFT1",3,9,34,46,6.52173913043478,12
"TULP2",3,0,9,12,25,3
"TUT1",3,0,14,17,17.6470588235294,3
"TWF2",3,0,17,20,15,3
"TXNRD3",3,1,11,15,20,4
"U2SURP",3,2,2,7,42.8571428571429,5
"U3.10",3,1,22,26,11.5384615384615,4
"U3.24",3,0,8,11,27.2727272727273,3
"U3.3",3,0,3,6,50,3
"U47924.27",3,3,6,12,25,6
"U47924.29",3,3,6,12,25,6
"UBALD2",3,2,10,15,20,5
"UBC",3,2,16,21,14.2857142857143,5
"UBE2E2",3,3,24,30,10,6
"UBE2E3",3,6,18,27,11.1111111111111,9
"UBL7",3,0,10,13,23.0769230769231,3
"UBL7-AS1",3,0,10,13,23.0769230769231,3
"UBTD1",3,1,17,21,14.2857142857143,4
"UBTF",3,1,4,8,37.5,4
"UBXN4",3,3,14,20,15,6
"UCHL1",3,4,16,23,13.0434782608696,7
"UCHL1-AS1",3,4,16,23,13.0434782608696,7
"UFC1",3,0,6,9,33.3333333333333,3
"UFSP1",3,0,4,7,42.8571428571429,3
"UNC119B",3,0,21,24,12.5,3
"UROC1",3,0,10,13,23.0769230769231,3
"USP1",3,0,6,9,33.3333333333333,3
"USP12-AS1",3,2,8,13,23.0769230769231,5
"USP21",3,0,6,9,33.3333333333333,3
"USP22",3,1,16,20,15,4
"USP7",3,4,16,23,13.0434782608696,7
"UTP11L",3,0,12,15,20,3
"VAMP1",3,2,19,24,12.5,5
"VAMP8",3,0,13,16,18.75,3
"VASP",3,0,4,7,42.8571428571429,3
"VCAM1",3,0,3,6,50,3
"VEGFA",3,5,29,37,8.10810810810811,8
"VEZF1",3,0,17,20,15,3
"VIPR1-AS1",3,0,11,14,21.4285714285714,3
"VKORC1",3,0,6,9,33.3333333333333,3
"VPRBP",3,1,11,15,20,4
"VPS25",3,0,2,5,60,3
"VPS26B",3,3,30,36,8.33333333333333,6
"VPS53",3,0,7,10,30,3
"VRK1",3,1,15,19,15.7894736842105,4
"VWA7",3,0,16,19,15.7894736842105,3
"WDFY2",3,1,17,21,14.2857142857143,4
"WDR26",3,1,5,9,33.3333333333333,4
"WDR27",3,4,13,20,15,7
"WDR3",3,3,4,10,30,6
"WDR55",3,0,7,10,30,3
"WDR87",3,0,8,11,27.2727272727273,3
"WDYHV1",3,0,10,13,23.0769230769231,3
"WNK1",3,0,12,15,20,3
"WWOX",3,5,21,29,10.3448275862069,8
"WWTR1",3,2,28,33,9.09090909090909,5
"WWTR1-AS1",3,2,27,32,9.375,5
"XPO4",3,0,4,7,42.8571428571429,3
"XPR1",3,1,7,11,27.2727272727273,4
"Y_RNA.118",3,8,27,38,7.89473684210526,11
"Y_RNA.191",3,0,8,11,27.2727272727273,3
"Y_RNA.248",3,0,13,16,18.75,3
"Y_RNA.379",3,2,12,17,17.6470588235294,5
"Y_RNA.388",3,3,5,11,27.2727272727273,6
"Y_RNA.399",3,1,9,13,23.0769230769231,4
"Y_RNA.691",3,2,1,6,50,5
"Y_RNA.740",3,0,3,6,50,3
"Y_RNA.784",3,1,3,7,42.8571428571429,4
"YIPF7",3,3,18,24,12.5,6
"YKT6",3,0,11,14,21.4285714285714,3
"YY1",3,1,17,21,14.2857142857143,4
"ZBTB11",3,3,6,12,25,6
"ZBTB11-AS1",3,3,6,12,25,6
"ZBTB39",3,4,23,30,10,7
"ZDHHC7",3,2,19,24,12.5,5
"ZEB1",3,3,11,17,17.6470588235294,6
"ZEB1-AS1",3,3,11,17,17.6470588235294,6
"ZEB2-AS1",3,4,15,22,13.6363636363636,7
"ZFAT",3,4,17,24,12.5,7
"ZFHX3",3,2,28,33,9.09090909090909,5
"ZMYND10",3,0,6,9,33.3333333333333,3
"ZMYND10-AS1",3,0,6,9,33.3333333333333,3
"ZMYND15",3,0,7,10,30,3
"ZNF10",3,2,13,18,16.6666666666667,5
"ZNF174",3,3,11,17,17.6470588235294,6
"ZNF184",3,0,12,15,20,3
"ZNF227",3,6,16,25,12,9
"ZNF268",3,2,13,18,16.6666666666667,5
"ZNF410",3,0,1,4,75,3
"ZNF45",3,5,14,22,13.6363636363636,8
"ZNF500",3,6,20,29,10.3448275862069,9
"ZNF593",3,4,23,30,10,7
"ZNF648",3,2,5,10,30,5
"ZNF669",3,3,14,20,15,6
"ZNF688",3,1,10,14,21.4285714285714,4
"ZNF706",3,1,16,20,15,4
"ZNF710",3,0,7,10,30,3
"ZNF746",3,2,10,15,20,5
"ZNF77",3,0,5,8,37.5,3
"ZNF778",3,1,7,11,27.2727272727273,4
"ZNF785",3,1,10,14,21.4285714285714,4
"ZNF804A",3,1,8,12,25,4
"ZNF891",3,2,13,18,16.6666666666667,5
"ZNHIT2",3,3,11,17,17.6470588235294,6
"ZNRD1",3,2,25,30,10,5
"ZNRD1-AS1",3,2,25,30,10,5
"ZNRF3",3,0,3,6,50,3
"ZSCAN25",3,0,13,16,18.75,3
"ZSCAN32",3,3,11,17,17.6470588235294,6
"A2ML1",2,0,6,8,25,2
"A2ML1-AS2",2,0,6,8,25,2
"AANAT",2,0,11,13,15.3846153846154,2
"AARS",2,0,15,17,11.7647058823529,2
"AASDHPPT",2,0,3,5,40,2
"ABCB8",2,0,6,8,25,2
"ABCE1",2,0,13,15,13.3333333333333,2
"AC000003.1",2,0,48,50,4,2
"AC000123.4",2,0,4,6,33.3333333333333,2
"AC003002.4",2,0,3,5,40,2
"AC004381.6",2,1,4,7,28.5714285714286,3
"AC004549.6",2,0,2,4,50,2
"AC004988.1",2,0,6,8,25,2
"AC005215.1",2,3,16,21,9.52380952380952,5
"AC005618.1",2,0,7,9,22.2222222222222,2
"AC005682.5",2,1,11,14,14.2857142857143,3
"AC005754.7",2,0,11,13,15.3846153846154,2
"AC005776.1",2,0,5,7,28.5714285714286,2
"AC006160.5",2,2,8,12,16.6666666666667,4
"AC006486.9",2,1,12,15,13.3333333333333,3
"AC007096.1",2,0,5,7,28.5714285714286,2
"AC007391.2",2,0,8,10,20,2
"AC007556.3",2,1,4,7,28.5714285714286,3
"AC007743.1",2,0,4,6,33.3333333333333,2
"AC008074.3",2,0,12,14,14.2857142857143,2
"AC008074.5",2,0,12,14,14.2857142857143,2
"AC008937.3",2,8,17,27,7.40740740740741,10
"AC008949.1",2,5,7,14,14.2857142857143,7
"AC009065.2",2,0,1,3,66.6666666666667,2
"AC009133.15",2,3,15,20,10,5
"AC009303.1",2,3,6,11,18.1818181818182,5
"AC009501.4",2,1,8,11,18.1818181818182,3
"AC009950.2",2,1,15,18,11.1111111111111,3
"AC009970.1",2,0,1,3,66.6666666666667,2
"AC010297.1",2,1,6,9,22.2222222222222,3
"AC010884.1",2,0,1,3,66.6666666666667,2
"AC011475.1",2,0,2,4,50,2
"AC012358.7",2,2,11,15,13.3333333333333,4
"AC012487.2",2,2,12,16,12.5,4
"AC012594.1",2,0,7,9,22.2222222222222,2
"AC013264.2",2,0,10,12,16.6666666666667,2
"AC013283.1",2,2,11,15,13.3333333333333,4
"AC013733.3",2,0,4,6,33.3333333333333,2
"AC015936.3",2,0,10,12,16.6666666666667,2
"AC016712.1",2,2,14,18,11.1111111111111,4
"AC016722.3",2,0,4,6,33.3333333333333,2
"AC016821.1",2,0,7,9,22.2222222222222,2
"AC017076.5",2,0,15,17,11.7647058823529,2
"AC017116.11",2,0,14,16,12.5,2
"AC018450.1",2,2,22,26,7.69230769230769,4
"AC018755.1",2,2,24,28,7.14285714285714,4
"AC018755.16",2,2,24,28,7.14285714285714,4
"AC018766.4",2,0,0,2,100,2
"AC018766.5",2,0,0,2,100,2
"AC018766.6",2,0,0,2,100,2
"AC019048.1",2,0,2,4,50,2
"AC019100.3",2,0,9,11,18.1818181818182,2
"AC020636.1",2,0,4,6,33.3333333333333,2
"AC020907.1",2,0,1,3,66.6666666666667,2
"AC021016.6",2,0,2,4,50,2
"AC021016.8",2,0,2,4,50,2
"AC022210.2",2,1,16,19,10.5263157894737,3
"AC022498.1",2,1,12,15,13.3333333333333,3
"AC023590.1",2,8,10,20,10,10
"AC024580.1",2,0,2,4,50,2
"AC025165.8",2,4,10,16,12.5,6
"AC025918.2",2,2,16,20,10,4
"AC026703.1",2,1,2,5,40,3
"AC026954.6",2,1,9,12,16.6666666666667,3
"AC034228.2",2,5,14,21,9.52380952380952,7
"AC064874.1",2,0,9,11,18.1818181818182,2
"AC067968.3",2,1,7,10,20,3
"AC068754.1",2,1,10,13,15.3846153846154,3
"AC072062.1",2,4,16,22,9.09090909090909,6
"AC073072.5",2,0,15,17,11.7647058823529,2
"AC073342.1",2,1,14,17,11.7647058823529,3
"AC074091.13",2,1,17,20,10,3
"AC074323.1",2,0,8,10,20,2
"AC078785.1",2,0,4,6,33.3333333333333,2
"AC079305.8",2,0,11,13,15.3846153846154,2
"AC079467.1",2,0,3,5,40,2
"AC079790.2",2,2,10,14,14.2857142857143,4
"AC079922.3",2,0,24,26,7.69230769230769,2
"AC092384.1",2,1,7,10,20,3
"AC092614.2",2,3,7,12,16.6666666666667,5
"AC092675.3",2,1,11,14,14.2857142857143,3
"AC092675.4",2,1,13,16,12.5,3
"AC092765.1",2,0,3,5,40,2
"AC092964.1",2,0,9,11,18.1818181818182,2
"AC093388.3",2,1,12,15,13.3333333333333,3
"AC093673.5",2,2,20,24,8.33333333333333,4
"AC093865.1",2,2,8,12,16.6666666666667,4
"AC096664.3",2,4,10,16,12.5,6
"AC096677.1",2,0,8,10,20,2
"AC097015.1",2,0,5,7,28.5714285714286,2
"AC097662.2",2,4,9,15,13.3333333333333,6
"AC099552.4",2,1,12,15,13.3333333333333,3
"AC100791.2",2,1,5,8,25,3
"AC102953.6",2,0,3,5,40,2
"AC103686.1",2,4,20,26,7.69230769230769,6
"AC103828.1",2,4,31,37,5.40540540540541,6
"AC104012.1",2,1,19,22,9.09090909090909,3
"AC104623.2",2,1,19,22,9.09090909090909,3
"AC104794.4",2,1,20,23,8.69565217391304,3
"AC105760.3",2,1,28,31,6.45161290322581,3
"AC106732.1",2,4,10,16,12.5,6
"AC110769.1",2,1,6,9,22.2222222222222,3
"AC112198.2",2,1,11,14,14.2857142857143,3
"AC116366.5",2,0,9,11,18.1818181818182,2
"AC116366.6",2,1,14,17,11.7647058823529,3
"AC121757.1",2,0,13,15,13.3333333333333,2
"AC132216.1",2,0,7,9,22.2222222222222,2
"AC135050.1",2,0,5,7,28.5714285714286,2
"AC139149.1",2,0,9,11,18.1818181818182,2
"AC144449.1",2,2,16,20,10,4
"AC147651.3",2,0,1,3,66.6666666666667,2
"ACAP2",2,2,3,7,28.5714285714286,4
"ACN9",2,0,5,7,28.5714285714286,2
"ACOT13",2,1,8,11,18.1818181818182,3
"ACP2",2,0,0,2,100,2
"ACP6",2,3,20,25,8,5
"ACSL1",2,1,19,22,9.09090909090909,3
"ACSL6",2,5,14,21,9.52380952380952,7
"ACSS1",2,1,8,11,18.1818181818182,3
"ACTG1",2,0,11,13,15.3846153846154,2
"ACTR3B",2,7,14,23,8.69565217391304,9
"ACTRT3",2,0,2,4,50,2
"ACYP1",2,3,18,23,8.69565217391304,5
"ADCK4",2,0,2,4,50,2
"ADCY2",2,0,1,3,66.6666666666667,2
"ADGB",2,1,14,17,11.7647058823529,3
"ADK",2,1,7,10,20,3
"ADRA1D",2,0,14,16,12.5,2
"ADSS",2,0,2,4,50,2
"ADTRP",2,2,5,9,22.2222222222222,4
"AES",2,0,2,4,50,2
"AF124730.4",2,2,39,43,4.65116279069767,4
"AF127577.12",2,1,11,14,14.2857142857143,3
"AF129075.5",2,2,11,15,13.3333333333333,4
"AF131215.3",2,1,1,4,50,3
"AF131215.5",2,1,1,4,50,3
"AF213884.2",2,0,14,16,12.5,2
"AF213884.3",2,1,10,13,15.3846153846154,3
"AFMID",2,2,1,5,40,4
"AGGF1",2,0,0,2,100,2
"AGL",2,1,6,9,22.2222222222222,3
"AGPAT1",2,1,11,14,14.2857142857143,3
"AGTPBP1",2,2,20,24,8.33333333333333,4
"AHCTF1",2,1,18,21,9.52380952380952,3
"AHCYL2",2,5,3,10,20,7
"AHDC1",2,2,14,18,11.1111111111111,4
"AHSA1",2,1,15,18,11.1111111111111,3
"AIG1",2,1,5,8,25,3
"AK4",2,0,7,9,22.2222222222222,2
"AK9",2,0,1,3,66.6666666666667,2
"AKAP8L",2,0,3,5,40,2
"AKIRIN2",2,1,15,18,11.1111111111111,3
"AKR7A2",2,0,3,5,40,2
"AKT1S1",2,0,0,2,100,2
"AL021917.1",2,0,8,10,20,2
"AL022328.1",2,0,4,6,33.3333333333333,2
"AL031005.1",2,1,3,6,33.3333333333333,3
"AL035106.1",2,0,2,4,50,2
"AL078585.1",2,1,12,15,13.3333333333333,3
"AL096677.1",2,1,25,28,7.14285714285714,3
"AL121588.1",2,0,14,16,12.5,2
"AL121901.1",2,0,4,6,33.3333333333333,2
"AL121952.1",2,4,10,16,12.5,6
"AL121987.1",2,0,7,9,22.2222222222222,2
"AL132780.1",2,1,3,6,33.3333333333333,3
"AL133410.1",2,0,1,3,66.6666666666667,2
"AL136160.1",2,4,16,22,9.09090909090909,6
"AL138963.1",2,4,8,14,14.2857142857143,6
"AL139099.1",2,1,3,6,33.3333333333333,3
"AL139333.1",2,2,15,19,10.5263157894737,4
"AL139815.1",2,1,6,9,22.2222222222222,3
"AL157871.1",2,0,7,9,22.2222222222222,2
"AL158151.2",2,0,5,7,28.5714285714286,2
"AL162590.1",2,0,11,13,15.3846153846154,2
"AL163952.2",2,0,4,6,33.3333333333333,2
"AL353147.1",2,0,3,5,40,2
"AL353354.1",2,1,5,8,25,3
"AL353354.2",2,1,5,8,25,3
"AL354833.1",2,3,6,11,18.1818181818182,5
"AL354833.2",2,3,6,11,18.1818181818182,5
"AL354833.3",2,3,6,11,18.1818181818182,5
"AL357673.1",2,0,10,12,16.6666666666667,2
"AL391384.1",2,4,4,10,20,6
"AL513185.1",2,2,8,12,16.6666666666667,4
"AL590113.1",2,0,2,4,50,2
"AL662800.1",2,0,2,4,50,2
"AL928654.1",2,0,6,8,25,2
"ALDH16A1",2,0,3,5,40,2
"ALDH1A3",2,4,14,20,10,6
"ALDH5A1",2,3,3,8,25,5
"ALG9",2,1,14,17,11.7647058823529,3
"ALKBH1",2,1,14,17,11.7647058823529,3
"ALKBH3",2,2,10,14,14.2857142857143,4
"ALOX5",2,2,15,19,10.5263157894737,4
"ALX4",2,3,6,11,18.1818181818182,5
"AMDHD1",2,0,5,7,28.5714285714286,2
"AMIGO3",2,1,0,3,66.6666666666667,3
"ANAPC10",2,0,13,15,13.3333333333333,2
"ANAPC16",2,1,4,7,28.5714285714286,3
"ANGEL2",2,0,3,5,40,2
"ANKRD12",2,1,2,5,40,3
"ANKRD13D",2,1,3,6,33.3333333333333,3
"ANKRD27",2,1,15,18,11.1111111111111,3
"ANKRD31",2,0,6,8,25,2
"ANKRD33",2,0,6,8,25,2
"ANKRD37",2,0,10,12,16.6666666666667,2
"ANKRD6",2,2,15,19,10.5263157894737,4
"ANKRD63",2,2,20,24,8.33333333333333,4
"ANKZF1",2,0,8,10,20,2
"ANXA1",2,2,5,9,22.2222222222222,4
"ANXA4",2,0,11,13,15.3846153846154,2
"ANXA6",2,1,16,19,10.5263157894737,3
"AOC1",2,1,5,8,25,3
"AP000230.1",2,1,27,30,6.66666666666667,3
"AP000251.3",2,5,22,29,6.89655172413793,7
"AP000295.9",2,5,13,20,10,7
"AP000908.1",2,0,24,26,7.69230769230769,2
"AP000974.1",2,4,12,18,11.1111111111111,6
"AP001178.1",2,2,20,24,8.33333333333333,4
"AP001362.1",2,0,2,4,50,2
"AP001623.1",2,0,1,3,66.6666666666667,2
"AP005718.1",2,0,3,5,40,2
"AP2B1",2,1,12,15,13.3333333333333,3
"AP3B2",2,4,4,10,20,6
"AP3M1",2,1,7,10,20,3
"AP3S1",2,5,26,33,6.06060606060606,7
"AP5M1",2,1,18,21,9.52380952380952,3
"APCDD1",2,0,15,17,11.7647058823529,2
"APCS",2,0,7,9,22.2222222222222,2
"APOA1-AS",2,2,2,6,33.3333333333333,4
"APOA4",2,2,2,6,33.3333333333333,4
"APOBEC3B-AS1",2,1,8,11,18.1818181818182,3
"APOC3",2,2,2,6,33.3333333333333,4
"APOL6",2,4,36,42,4.76190476190476,6
"APOM",2,0,12,14,14.2857142857143,2
"APP",2,1,27,30,6.66666666666667,3
"APRT",2,1,7,10,20,3
"AQP10",2,0,5,7,28.5714285714286,2
"AQP6",2,0,11,13,15.3846153846154,2
"ARAP1",2,1,15,18,11.1111111111111,3
"ARAP1-AS1",2,1,10,13,15.3846153846154,3
"ARCN1",2,0,4,6,33.3333333333333,2
"ARFGAP2",2,2,16,20,10,4
"ARHGAP10",2,4,25,31,6.45161290322581,6
"ARHGAP23",2,0,3,5,40,2
"ARHGAP25",2,0,1,3,66.6666666666667,2
"ARHGAP31",2,0,7,9,22.2222222222222,2
"ARHGAP35",2,2,3,7,28.5714285714286,4
"ARHGEF19",2,1,10,13,15.3846153846154,3
"ARHGEF25",2,4,10,16,12.5,6
"ARID4B",2,0,5,7,28.5714285714286,2
"ARID5B",2,1,17,20,10,3
"ARL3",2,0,6,8,25,2
"ARL5A",2,1,5,8,25,3
"ARL8B",2,0,0,2,100,2
"ARMC9",2,1,6,9,22.2222222222222,3
"ARPC1B",2,3,12,17,11.7647058823529,5
"ARPP19",2,0,5,7,28.5714285714286,2
"ARSA",2,0,6,8,25,2
"ASB13",2,3,6,11,18.1818181818182,5
"ASB16",2,0,3,5,40,2
"ASB7",2,3,9,14,14.2857142857143,5
"ASCC1",2,1,4,7,28.5714285714286,3
"ASCC3",2,0,3,5,40,2
"ASF1B",2,0,5,7,28.5714285714286,2
"ASH1L",2,8,24,34,5.88235294117647,10
"ASH2L",2,0,8,10,20,2
"ASIC1",2,0,5,7,28.5714285714286,2
"ASPN",2,1,9,12,16.6666666666667,3
"ASPSCR1",2,0,2,4,50,2
"ASTL",2,3,21,26,7.69230769230769,5
"ATAT1",2,0,2,4,50,2
"ATF3",2,1,7,10,20,3
"ATF7",2,2,3,7,28.5714285714286,4
"ATG12",2,5,26,33,6.06060606060606,7
"ATG9A",2,0,9,11,18.1818181818182,2
"ATG9B",2,0,6,8,25,2
"ATP11A",2,2,11,15,13.3333333333333,4
"ATP11B",2,3,12,17,11.7647058823529,5
"ATP2A3",2,2,8,12,16.6666666666667,4
"ATP4A",2,0,12,14,14.2857142857143,2
"ATP5E",2,1,6,9,22.2222222222222,3
"ATP5J",2,3,14,19,10.5263157894737,5
"ATP5J2",2,0,5,7,28.5714285714286,2
"ATP5J2-PTCD1",2,0,5,7,28.5714285714286,2
"ATP6V1D",2,0,3,5,40,2
"ATP6V1F",2,1,5,8,25,3
"ATP8B2",2,0,5,7,28.5714285714286,2
"ATRIP",2,1,18,21,9.52380952380952,3
"ATXN1",2,5,56,63,3.17460317460317,7
"ATXN7L1",2,0,4,6,33.3333333333333,2
"AVPR1B",2,2,15,19,10.5263157894737,4
"AXDND1",2,1,11,14,14.2857142857143,3
"B3GALNT2",2,1,7,10,20,3
"B4GALT4",2,0,6,8,25,2
"B4GALT5",2,0,7,9,22.2222222222222,2
"BAG6",2,0,12,14,14.2857142857143,2
"BARD1",2,4,16,22,9.09090909090909,6
"BATF",2,0,7,9,22.2222222222222,2
"BAZ2A",2,1,18,21,9.52380952380952,3
"BBC3",2,0,1,3,66.6666666666667,2
"BBS4",2,0,1,3,66.6666666666667,2
"BCAR3",2,1,28,31,6.45161290322581,3
"BCKDK",2,0,5,7,28.5714285714286,2
"BCL10",2,0,2,4,50,2
"BCL2A1",2,1,14,17,11.7647058823529,3
"BCL2L1",2,1,8,11,18.1818181818182,3
"BEND6",2,10,24,36,5.55555555555556,12
"BGLAP",2,2,11,15,13.3333333333333,4
"BHLHE22",2,1,0,3,66.6666666666667,3
"BID",2,5,8,15,13.3333333333333,7
"BIN3",2,3,24,29,6.89655172413793,5
"BIRC2",2,7,45,54,3.7037037037037,9
"BIRC3",2,4,14,20,10,6
"BLK",2,3,25,30,6.66666666666667,5
"BLOC1S6",2,8,15,25,8,10
"BMF",2,1,16,19,10.5263157894737,3
"BMP10",2,0,4,6,33.3333333333333,2
"BMP2K",2,2,13,17,11.7647058823529,4
"BMPER",2,1,7,10,20,3
"BPIFA1",2,0,4,6,33.3333333333333,2
"BPIFA3",2,0,2,4,50,2
"BPIFB4",2,1,7,10,20,3
"BRD4",2,0,5,7,28.5714285714286,2
"BSPRY",2,1,4,7,28.5714285714286,3
"BTBD2",2,1,10,13,15.3846153846154,3
"BTBD9-AS1",2,3,20,25,8,5
"BTN1A1",2,1,13,16,12.5,3
"BTN2A1",2,1,5,8,25,3
"BTN2A2",2,1,8,11,18.1818181818182,3
"BTN3A2",2,0,8,10,20,2
"BUB3",2,2,15,19,10.5263157894737,4
"BYSL",2,0,10,12,16.6666666666667,2
"BZRAP1",2,0,1,3,66.6666666666667,2
"BZRAP1-AS1",2,0,1,3,66.6666666666667,2
"C10orf128",2,2,5,9,22.2222222222222,4
"C10orf25",2,3,18,23,8.69565217391304,5
"C10orf55",2,0,5,7,28.5714285714286,2
"C11orf48",2,0,8,10,20,2
"C11orf65",2,0,3,5,40,2
"C11orf82",2,9,26,37,5.40540540540541,11
"C12orf23",2,1,11,14,14.2857142857143,3
"C12orf29",2,2,8,12,16.6666666666667,4
"C12orf5",2,0,10,12,16.6666666666667,2
"C12orf50",2,2,8,12,16.6666666666667,4
"C12orf60",2,2,22,26,7.69230769230769,4
"C12orf66",2,5,11,18,11.1111111111111,7
"C13orf45",2,6,19,27,7.40740740740741,8
"C14orf178",2,1,14,17,11.7647058823529,3
"C15orf53",2,5,9,16,12.5,7
"C17orf61-PLSCR3",2,1,6,9,22.2222222222222,3
"C17orf64",2,0,5,7,28.5714285714286,2
"C17orf74",2,2,5,9,22.2222222222222,4
"C17orf96",2,2,6,10,20,4
"C18orf54",2,1,7,10,20,3
"C19orf40",2,0,6,8,25,2
"C19orf82",2,0,2,4,50,2
"C1orf101",2,0,2,4,50,2
"C1orf131",2,0,8,10,20,2
"C1orf132",2,3,22,27,7.40740740740741,5
"C1orf189",2,0,9,11,18.1818181818182,2
"C1orf192",2,0,2,4,50,2
"C1orf21",2,3,9,14,14.2857142857143,5
"C1orf27",2,1,7,10,20,3
"C1orf50",2,0,6,8,25,2
"C1QTNF4",2,3,17,22,9.09090909090909,5
"C1R",2,3,9,14,14.2857142857143,5
"C1RL",2,3,11,16,12.5,5
"C1RL-AS1",2,2,11,15,13.3333333333333,4
"C20orf62",2,1,18,21,9.52380952380952,3
"C21orf119",2,1,5,8,25,3
"C21orf128",2,1,17,20,10,3
"C21orf49",2,2,5,9,22.2222222222222,4
"C22orf31",2,0,2,4,50,2
"C2orf62",2,0,2,4,50,2
"C2orf78",2,1,5,8,25,3
"C3orf52",2,4,16,22,9.09090909090909,6
"C4BPB",2,3,18,23,8.69565217391304,5
"C4orf21",2,1,10,13,15.3846153846154,3
"C4orf22",2,0,2,4,50,2
"C4orf33",2,2,15,19,10.5263157894737,4
"C5orf22",2,1,4,7,28.5714285714286,3
"C5orf45",2,0,16,18,11.1111111111111,2
"C5orf51",2,1,8,11,18.1818181818182,3
"C5orf66",2,3,7,12,16.6666666666667,5
"C6orf211",2,4,13,19,10.5263157894737,6
"C6orf223",2,1,20,23,8.69565217391304,3
"C6orf226",2,0,1,3,66.6666666666667,2
"C6orf48",2,0,17,19,10.5263157894737,2
"C6ORF50",2,4,13,19,10.5263157894737,6
"C6orf89",2,0,7,9,22.2222222222222,2
"C7",2,0,0,2,100,2
"C7orf31",2,0,5,7,28.5714285714286,2
"C7orf43",2,0,4,6,33.3333333333333,2
"C7orf50",2,0,2,4,50,2
"C8G",2,0,8,10,20,2
"C8orf12",2,0,9,11,18.1818181818182,2
"C8orf44-SGK3",2,2,17,21,9.52380952380952,4
"C8orf56",2,3,8,13,15.3846153846154,5
"CA1",2,1,10,13,15.3846153846154,3
"CA11",2,0,12,14,14.2857142857143,2
"CA7",2,3,26,31,6.45161290322581,5
"CABLES2",2,0,7,9,22.2222222222222,2
"CABP7",2,0,2,4,50,2
"CACNA1G",2,1,27,30,6.66666666666667,3
"CACNA1G-AS1",2,1,27,30,6.66666666666667,3
"CACNB4",2,2,10,14,14.2857142857143,4
"CACYBP",2,5,10,17,11.7647058823529,7
"CALCB",2,4,7,13,15.3846153846154,6
"CALM2",2,5,26,33,6.06060606060606,7
"CALML3",2,3,2,7,28.5714285714286,5
"CALML3-AS1",2,3,2,7,28.5714285714286,5
"CALML6",2,2,3,7,28.5714285714286,4
"CAMK2B",2,0,5,7,28.5714285714286,2
"CAP1",2,0,14,16,12.5,2
"CAPN11",2,5,25,32,6.25,7
"CAPS2",2,1,5,8,25,3
"CASKIN2",2,0,7,9,22.2222222222222,2
"CASP8",2,1,11,14,14.2857142857143,3
"CASQ1",2,0,5,7,28.5714285714286,2
"CASZ1",2,0,7,9,22.2222222222222,2
"CBFA2T3",2,3,17,22,9.09090909090909,5
"CBFB",2,2,5,9,22.2222222222222,4
"CBX3P2",2,2,6,10,20,4
"CBX4",2,1,5,8,25,3
"CC2D1B",2,0,7,9,22.2222222222222,2
"CCAR1",2,9,19,30,6.66666666666667,11
"CCAR2",2,3,21,26,7.69230769230769,5
"CCDC12",2,2,8,12,16.6666666666667,4
"CCDC121",2,0,7,9,22.2222222222222,2
"CCDC142",2,0,8,10,20,2
"CCDC148",2,0,13,15,13.3333333333333,2
"CCDC150",2,0,0,2,100,2
"CCDC28A",2,1,9,12,16.6666666666667,3
"CCDC3",2,1,10,13,15.3846153846154,3
"CCDC38",2,1,6,9,22.2222222222222,3
"CCDC42B",2,0,12,14,14.2857142857143,2
"CCDC57",2,1,6,9,22.2222222222222,3
"CCDC62",2,0,6,8,25,2
"CCDC70",2,2,7,11,18.1818181818182,4
"CCDC83",2,4,12,18,11.1111111111111,6
"CCDC85A",2,0,4,6,33.3333333333333,2
"CCDC88C",2,0,6,8,25,2
"CCDC9",2,0,1,3,66.6666666666667,2
"CCDC91",2,1,12,15,13.3333333333333,3
"CCER1",2,3,9,14,14.2857142857143,5
"CCER2",2,1,3,6,33.3333333333333,3
"CCL20",2,3,16,21,9.52380952380952,5
"CCL26",2,1,19,22,9.09090909090909,3
"CCND3",2,0,7,9,22.2222222222222,2
"CCNI2",2,0,5,7,28.5714285714286,2
"CCR2",2,0,18,20,10,2
"CCR5",2,0,17,19,10.5263157894737,2
"CCR7",2,2,8,12,16.6666666666667,4
"CCT8",2,3,21,26,7.69230769230769,5
"CD109",2,3,18,23,8.69565217391304,5
"CD27-AS1",2,1,11,14,14.2857142857143,3
"CD274",2,0,17,19,10.5263157894737,2
"CD276",2,1,10,13,15.3846153846154,3
"CD300LD",2,1,17,20,10,3
"CD302",2,1,2,5,40,3
"CD3D",2,0,7,9,22.2222222222222,2
"CD3E",2,0,5,7,28.5714285714286,2
"CD3G",2,0,7,9,22.2222222222222,2
"CD55",2,1,26,29,6.89655172413793,3
"CD58",2,2,23,27,7.40740740740741,4
"CD72",2,0,1,3,66.6666666666667,2
"CD79B",2,0,6,8,25,2
"CD80",2,1,7,10,20,3
"CD84",2,0,4,6,33.3333333333333,2
"CDC25B",2,1,5,8,25,3
"CDC37L1",2,0,3,5,40,2
"CDC40",2,0,1,3,66.6666666666667,2
"CDC42BPG",2,3,16,21,9.52380952380952,5
"CDC7",2,1,7,10,20,3
"CDCA7L",2,0,4,6,33.3333333333333,2
"CDHR3",2,0,4,6,33.3333333333333,2
"CDK15",2,0,17,19,10.5263157894737,2
"CDK2",2,1,6,9,22.2222222222222,3
"CDK3",2,0,6,8,25,2
"CDKAL1",2,3,19,24,8.33333333333333,5
"CDKN1A",2,1,8,11,18.1818181818182,3
"CDS1",2,2,2,6,33.3333333333333,4
"CDT1",2,1,7,10,20,3
"CDX2",2,1,7,10,20,3
"CEBPE",2,0,5,7,28.5714285714286,2
"CEBPG",2,2,19,23,8.69565217391304,4
"CELF3",2,8,40,50,4,10
"CENPB",2,1,5,8,25,3
"CENPL",2,3,16,21,9.52380952380952,5
"CENPM",2,0,9,11,18.1818181818182,2
"CENPT",2,1,3,6,33.3333333333333,3
"CEP170",2,3,8,13,15.3846153846154,5
"CEP76",2,2,23,27,7.40740740740741,4
"CEP89",2,0,6,8,25,2
"CERKL",2,0,4,6,33.3333333333333,2
"CES3",2,1,2,5,40,3
"CFL2",2,0,6,8,25,2
"CHN1",2,4,12,18,11.1111111111111,6
"CHRAC1",2,0,12,14,14.2857142857143,2
"CHRNB1",2,1,3,6,33.3333333333333,3
"CHST15",2,6,29,37,5.40540540540541,8
"CHTF8",2,2,11,15,13.3333333333333,4
"CIDECP",2,0,6,8,25,2
"CIRH1A",2,2,11,15,13.3333333333333,4
"CISD2",2,3,9,14,14.2857142857143,5
"CISD3",2,1,2,5,40,3
"CITF22-24E5.1",2,1,15,18,11.1111111111111,3
"CKAP4",2,0,4,6,33.3333333333333,2
"CKLF",2,4,18,24,8.33333333333333,6
"CKLF-CMTM1",2,4,18,24,8.33333333333333,6
"CKS2",2,0,16,18,11.1111111111111,2
"CLEC10A",2,4,5,11,18.1818181818182,6
"CLEC3B",2,2,12,16,12.5,4
"CLEC4E",2,0,13,15,13.3333333333333,2
"CLHC1",2,2,11,15,13.3333333333333,4
"CLIP2",2,1,16,19,10.5263157894737,3
"CLLU1",2,0,3,5,40,2
"CLOCK",2,0,8,10,20,2
"CLPB",2,1,9,12,16.6666666666667,3
"CLSTN3",2,0,8,10,20,2
"CLU",2,3,7,12,16.6666666666667,5
"CLUL1",2,2,23,27,7.40740740740741,4
"CLYBL-AS2",2,1,5,8,25,3
"CMTM6",2,1,7,10,20,3
"CNDP2",2,1,16,19,10.5263157894737,3
"CNFN",2,1,13,16,12.5,3
"CNGA3",2,1,13,16,12.5,3
"CNN3",2,2,8,12,16.6666666666667,4
"CNOT1",2,9,22,33,6.06060606060606,11
"CNOT2",2,3,6,11,18.1818181818182,5
"CNST",2,0,2,4,50,2
"COA5",2,1,17,20,10,3
"COG1",2,1,19,22,9.09090909090909,3
"COL14A1",2,0,6,8,25,2
"COLEC12",2,2,26,30,6.66666666666667,4
"COMT",2,0,1,3,66.6666666666667,2
"COPS2",2,2,13,17,11.7647058823529,4
"COPS3",2,2,3,7,28.5714285714286,4
"COPS4",2,1,10,13,15.3846153846154,3
"COPS7A",2,1,6,9,22.2222222222222,3
"COQ10A",2,0,12,14,14.2857142857143,2
"CORO2A",2,1,3,6,33.3333333333333,3
"COX6B2",2,0,7,9,22.2222222222222,2
"COX6C",2,0,0,2,100,2
"CPA3",2,1,3,6,33.3333333333333,3
"CPED1",2,9,21,32,6.25,11
"CPNE9",2,1,11,14,14.2857142857143,3
"CRAT",2,0,5,7,28.5714285714286,2
"CREM",2,1,27,30,6.66666666666667,3
"CRIPT",2,0,2,4,50,2
"CRISP3",2,3,3,8,25,5
"CRTAP",2,2,16,20,10,4
"CRYBA2",2,0,8,10,20,2
"CRYL1",2,1,15,18,11.1111111111111,3
"CS",2,0,13,15,13.3333333333333,2
"CSAD",2,0,7,9,22.2222222222222,2
"CSGALNACT1",2,1,19,22,9.09090909090909,3
"CSRNP2",2,1,13,16,12.5,3
"CST9",2,1,3,6,33.3333333333333,3
"CTA-134P22.2",2,2,9,13,15.3846153846154,4
"CTA-204B4.2",2,0,12,14,14.2857142857143,2
"CTB-174O21.2",2,0,5,7,28.5714285714286,2
"CTB-49A3.4",2,0,0,2,100,2
"CTB-50E14.4",2,0,7,9,22.2222222222222,2
"CTB-55O6.12",2,0,5,7,28.5714285714286,2
"CTB-60E11.9",2,0,8,10,20,2
"CTC-203F4.2",2,1,2,5,40,3
"CTC-228N24.3",2,1,4,7,28.5714285714286,3
"CTC-329D1.3",2,0,24,26,7.69230769230769,2
"CTC-338M12.1",2,0,4,6,33.3333333333333,2
"CTC-461F20.1",2,0,6,8,25,2
"CTC-487M23.8",2,8,23,33,6.06060606060606,10
"CTC-492K19.4",2,1,6,9,22.2222222222222,3
"CTC-503K11.2",2,0,8,10,20,2
"CTC-512J12.4",2,4,11,17,11.7647058823529,6
"CTC-558O19.1",2,1,3,6,33.3333333333333,3
"CTD-2001C12.1",2,4,8,14,14.2857142857143,6
"CTD-2006C1.2",2,3,21,26,7.69230769230769,5
"CTD-2022H16.1",2,4,17,23,8.69565217391304,6
"CTD-2026K11.1",2,2,7,11,18.1818181818182,4
"CTD-2026K11.3",2,1,3,6,33.3333333333333,3
"CTD-2033A16.1",2,1,10,13,15.3846153846154,3
"CTD-2033C11.1",2,2,11,15,13.3333333333333,4
"CTD-2132N18.3",2,3,18,23,8.69565217391304,5
"CTD-2176I21.2",2,0,15,17,11.7647058823529,2
"CTD-2260A17.1",2,4,9,15,13.3333333333333,6
"CTD-2260A17.3",2,0,1,3,66.6666666666667,2
"CTD-2267D19.4",2,2,6,10,20,4
"CTD-2270F17.1",2,0,6,8,25,2
"CTD-2290P7.1",2,1,3,6,33.3333333333333,3
"CTD-2308N23.2",2,3,11,16,12.5,5
"CTD-2319I12.1",2,0,4,6,33.3333333333333,2
"CTD-2319I12.2",2,0,4,6,33.3333333333333,2
"CTD-2325P2.4",2,2,18,22,9.09090909090909,4
"CTD-2337A12.1",2,21,30,53,3.77358490566038,23
"CTD-2369P2.8",2,0,5,7,28.5714285714286,2
"CTD-2376I20.1",2,1,9,12,16.6666666666667,3
"CTD-2527I21.9",2,0,4,6,33.3333333333333,2
"CTD-2532N20.1",2,1,17,20,10,3
"CTD-2534I21.8",2,0,0,2,100,2
"CTD-2537I9.16",2,0,8,10,20,2
"CTD-2553L13.7",2,0,9,11,18.1818181818182,2
"CTD-2555K7.2",2,2,21,25,8,4
"CTD-2631K10.1",2,8,37,47,4.25531914893617,10
"CTD-2651B20.6",2,5,14,21,9.52380952380952,7
"CTD-2651B20.7",2,5,14,21,9.52380952380952,7
"CTD-3028N15.1",2,9,18,29,6.89655172413793,11
"CTD-3065J16.9",2,1,7,10,20,3
"CTD-3148I10.15",2,0,2,4,50,2
"CTD-3203P2.2",2,2,17,21,9.52380952380952,4
"CTR9",2,0,13,15,13.3333333333333,2
"CTRB2",2,2,7,11,18.1818181818182,4
"CTSA",2,0,9,11,18.1818181818182,2
"CTSC",2,2,20,24,8.33333333333333,4
"CUTA",2,0,2,4,50,2
"CUX2",2,1,15,18,11.1111111111111,3
"CXCL1",2,0,3,5,40,2
"CXCL14",2,2,7,11,18.1818181818182,4
"CXCR6",2,0,10,12,16.6666666666667,2
"CXXC11",2,1,4,7,28.5714285714286,3
"CYB5A",2,0,5,7,28.5714285714286,2
"CYB5R3",2,1,10,13,15.3846153846154,3
"CYB5R4",2,3,11,16,12.5,5
"CYCS",2,0,7,9,22.2222222222222,2
"CYGB",2,0,10,12,16.6666666666667,2
"CYP17A1-AS1",2,0,4,6,33.3333333333333,2
"CYR61",2,5,11,18,11.1111111111111,7
"CYSTM1",2,0,5,7,28.5714285714286,2
"DARC",2,2,9,13,15.3846153846154,4
"DARS2",2,3,16,21,9.52380952380952,5
"DBN1",2,0,1,3,66.6666666666667,2
"DBP",2,0,12,14,14.2857142857143,2
"DCBLD1",2,2,7,11,18.1818181818182,4
"DCDC2B",2,1,11,14,14.2857142857143,3
"DCTN1",2,1,9,12,16.6666666666667,3
"DCTPP1",2,2,14,18,11.1111111111111,4
"DCUN1D4",2,1,7,10,20,3
"DDHD2",2,1,6,9,22.2222222222222,3
"DDIT4",2,1,3,6,33.3333333333333,3
"DDR1",2,3,11,16,12.5,5
"DDX10",2,4,11,17,11.7647058823529,6
"DDX19B",2,0,15,17,11.7647058823529,2
"DDX31",2,0,1,3,66.6666666666667,2
"DDX39B",2,0,19,21,9.52380952380952,2
"DDX39B-AS1",2,0,19,21,9.52380952380952,2
"DEFB134",2,0,13,15,13.3333333333333,2
"DEFB136",2,1,23,26,7.69230769230769,3
"DEXI",2,2,19,23,8.69565217391304,4
"DGCR14",2,0,12,14,14.2857142857143,2
"DGKA",2,0,11,13,15.3846153846154,2
"DGKH",2,2,10,14,14.2857142857143,4
"DHRS1",2,1,22,25,8,3
"DHRS13",2,0,10,12,16.6666666666667,2
"DHX32",2,5,44,51,3.92156862745098,7
"DIAPH3",2,1,4,7,28.5714285714286,3
"DIMT1",2,0,10,12,16.6666666666667,2
"DISC1",2,0,4,6,33.3333333333333,2
"DLD",2,3,9,14,14.2857142857143,5
"DLG2",2,1,7,10,20,3
"DLGAP1-AS1",2,1,24,27,7.40740740740741,3
"DLK2",2,0,4,6,33.3333333333333,2
"DNAH11",2,1,3,6,33.3333333333333,3
"DNAH2",2,0,9,11,18.1818181818182,2
"DNAJB6",2,6,15,23,8.69565217391304,8
"DND1",2,0,7,9,22.2222222222222,2
"DNTTIP1",2,6,11,19,10.5263157894737,8
"DNTTIP2",2,0,4,6,33.3333333333333,2
"DOK1",2,0,13,15,13.3333333333333,2
"DOK2",2,3,21,26,7.69230769230769,5
"DOLPP1",2,0,4,6,33.3333333333333,2
"DOPEY1",2,2,15,19,10.5263157894737,4
"DPH5",2,1,18,21,9.52380952380952,3
"DR1",2,1,3,6,33.3333333333333,3
"DRGX",2,0,9,11,18.1818181818182,2
"DROSHA",2,1,4,7,28.5714285714286,3
"DSE",2,2,15,19,10.5263157894737,4
"DST",2,10,24,36,5.55555555555556,12
"DTX1",2,0,5,7,28.5714285714286,2
"DTX3",2,4,10,16,12.5,6
"DUOX1",2,7,13,22,9.09090909090909,9
"DUOXA1",2,7,13,22,9.09090909090909,9
"DUSP11",2,1,5,8,25,3
"DUSP27",2,0,7,9,22.2222222222222,2
"DUSP4",2,3,41,46,4.34782608695652,5
"DUSP7",2,3,6,11,18.1818181818182,5
"DYM",2,0,7,9,22.2222222222222,2
"DZIP3",2,1,5,8,25,3
"EAF1",2,2,8,12,16.6666666666667,4
"EAF1-AS1",2,4,9,15,13.3333333333333,6
"EAF2",2,1,19,22,9.09090909090909,3
"EBAG9",2,0,5,7,28.5714285714286,2
"ECM1",2,1,5,8,25,3
"EDEM2",2,0,14,16,12.5,2
"EDEM3",2,1,2,5,40,3
"EDN1",2,3,28,33,6.06060606060606,5
"EEPD1",2,1,10,13,15.3846153846154,3
"EFCAB11",2,0,3,5,40,2
"EGFL8",2,0,4,6,33.3333333333333,2
"EGLN3",2,0,3,5,40,2
"EID2",2,0,9,11,18.1818181818182,2
"EID2B",2,0,8,10,20,2
"EIF2AK1",2,0,17,19,10.5263157894737,2
"EIF2B1",2,0,2,4,50,2
"EIF2D",2,0,8,10,20,2
"EIF2S1",2,0,3,5,40,2
"EIF3A",2,7,23,32,6.25,9
"EIF3I",2,1,11,14,14.2857142857143,3
"EIF4G3",2,1,3,6,33.3333333333333,3
"ELL2",2,19,28,49,4.08163265306122,21
"ELMO1-AS1",2,0,0,2,100,2
"ELMO2",2,3,10,15,13.3333333333333,5
"ELMO3",2,0,11,13,15.3846153846154,2
"ELOVL5",2,2,23,27,7.40740740740741,4
"EMC2",2,0,4,6,33.3333333333333,2
"EMC7",2,1,6,9,22.2222222222222,3
"EME1",2,0,2,4,50,2
"EMILIN1",2,1,10,13,15.3846153846154,3
"EML6",2,0,4,6,33.3333333333333,2
"ENG",2,0,6,8,25,2
"ENKUR",2,2,31,35,5.71428571428571,4
"ENTPD7",2,0,4,6,33.3333333333333,2
"EPB41L4A-AS1",2,4,13,19,10.5263157894737,6
"EPB41L4B",2,1,9,12,16.6666666666667,3
"EPDR1",2,0,0,2,100,2
"EPG5",2,2,7,11,18.1818181818182,4
"EPHA1",2,2,23,27,7.40740740740741,4
"EPHA1-AS1",2,2,23,27,7.40740740740741,4
"EPHB3",2,2,20,24,8.33333333333333,4
"EPN3",2,2,31,35,5.71428571428571,4
"EPS15",2,5,13,20,10,7
"ERAL1",2,0,4,6,33.3333333333333,2
"ERAP1",2,0,1,3,66.6666666666667,2
"ERBB2IP",2,2,11,15,13.3333333333333,4
"ERG",2,0,8,10,20,2
"ERH",2,0,11,13,15.3846153846154,2
"ERMARD",2,1,11,14,14.2857142857143,3
"ERO1L",2,2,6,10,20,4
"ESYT1",2,2,17,21,9.52380952380952,4
"EVA1B",2,1,7,10,20,3
"EVI5",2,0,0,2,100,2
"EVPL",2,0,6,8,25,2
"EVX1",2,1,8,11,18.1818181818182,3
"EVX1-AS",2,1,8,11,18.1818181818182,3
"EXO1",2,1,5,8,25,3
"EXOC5",2,1,18,21,9.52380952380952,3
"EXOC6",2,0,1,3,66.6666666666667,2
"EXOSC4",2,1,7,10,20,3
"EXT1",2,16,37,55,3.63636363636364,18
"EXTL1",2,1,12,15,13.3333333333333,3
"EYA3",2,1,9,12,16.6666666666667,3
"EZH1",2,0,2,4,50,2
"F3",2,2,26,30,6.66666666666667,4
"F5",2,1,5,8,25,3
"FABP6",2,0,14,16,12.5,2
"FAF1",2,2,7,11,18.1818181818182,4
"FAF2",2,1,7,10,20,3
"FAM122A",2,2,24,28,7.14285714285714,4
"FAM131B",2,1,19,22,9.09090909090909,3
"FAM134B",2,0,6,8,25,2
"FAM174A",2,4,8,14,14.2857142857143,6
"FAM180B",2,2,11,15,13.3333333333333,4
"FAM181B",2,0,4,6,33.3333333333333,2
"FAM183B",2,0,2,4,50,2
"FAM187B",2,0,23,25,8,2
"FAM187B2P",2,0,23,25,8,2
"FAM196B",2,1,10,13,15.3846153846154,3
"FAM19A5",2,1,14,17,11.7647058823529,3
"FAM208B",2,3,11,16,12.5,5
"FAM210A",2,1,19,22,9.09090909090909,3
"FAM213B",2,2,5,9,22.2222222222222,4
"FAM214B",2,1,15,18,11.1111111111111,3
"FAM222B",2,0,4,6,33.3333333333333,2
"FAM229B",2,2,14,18,11.1111111111111,4
"FAM63A",2,1,3,6,33.3333333333333,3
"FAM63B",2,1,19,22,9.09090909090909,3
"FAM65A",2,0,7,9,22.2222222222222,2
"FAM65B",2,1,6,9,22.2222222222222,3
"FAM71A",2,1,12,15,13.3333333333333,3
"FAM81A",2,2,30,34,5.88235294117647,4
"FAM83A",2,0,7,9,22.2222222222222,2
"FAM83A-AS1",2,0,11,13,15.3846153846154,2
"FAM83G",2,0,0,2,100,2
"FAM96AP2",2,0,1,3,66.6666666666667,2
"FAM98A",2,1,10,13,15.3846153846154,3
"FAM98C",2,2,3,7,28.5714285714286,4
"FAN1",2,3,19,24,8.33333333333333,5
"FANCD2",2,0,6,8,25,2
"FANK1",2,6,45,53,3.77358490566038,8
"FASTK",2,0,8,10,20,2
"FASTKD2",2,3,11,16,12.5,5
"FAU",2,3,10,15,13.3333333333333,5
"FBF1",2,1,5,8,25,3
"FBXO24",2,0,13,15,13.3333333333333,2
"FBXO4",2,2,6,10,20,4
"FBXO42",2,1,13,16,12.5,3
"FBXO43",2,0,12,14,14.2857142857143,2
"FBXO45",2,0,3,5,40,2
"FBXW5",2,0,8,10,20,2
"FCER1A",2,0,5,7,28.5714285714286,2
"FCER1G",2,0,4,6,33.3333333333333,2
"FDX1",2,1,5,8,25,3
"FER1L5",2,1,5,8,25,3
"FERMT3",2,0,3,5,40,2
"FEV",2,0,8,10,20,2
"FFAR2",2,2,21,25,8,4
"FGB",2,1,5,8,25,3
"FGD4",2,1,9,12,16.6666666666667,3
"FGD6",2,2,13,17,11.7647058823529,4
"FGF1",2,1,11,14,14.2857142857143,3
"FGF17",2,0,3,5,40,2
"FGFR1OP",2,2,21,25,8,4
"FIG4",2,0,1,3,66.6666666666667,2
"FIGNL1",2,0,9,11,18.1818181818182,2
"FIZ1",2,0,8,10,20,2
"FKBP1A",2,0,2,4,50,2
"FKBPL",2,0,4,6,33.3333333333333,2
"FLAD1",2,1,2,5,40,3
"FLNB",2,1,21,24,8.33333333333333,3
"FLRT1",2,0,2,4,50,2
"FLT3LG",2,0,2,4,50,2
"FLVCR1",2,0,2,4,50,2
"FLVCR1-AS1",2,0,2,4,50,2
"FMN1",2,10,27,39,5.12820512820513,12
"FMNL2",2,9,45,56,3.57142857142857,11
"FNBP1",2,0,10,12,16.6666666666667,2
"FNDC3A",2,1,4,7,28.5714285714286,3
"FNDC9",2,1,12,15,13.3333333333333,3
"FNTB",2,1,14,17,11.7647058823529,3
"FOLR3",2,0,7,9,22.2222222222222,2
"FPGS",2,3,13,18,11.1111111111111,5
"FRS3",2,1,23,26,7.69230769230769,3
"FSD2",2,10,18,30,6.66666666666667,12
"FSTL4",2,3,8,13,15.3846153846154,5
"FTLP1",2,0,3,5,40,2
"FTO",2,0,3,5,40,2
"FXN",2,0,13,15,13.3333333333333,2
"FYN",2,2,24,28,7.14285714285714,4
"FZD3",2,0,8,10,20,2
"FZD7",2,1,14,17,11.7647058823529,3
"FZD9",2,0,4,6,33.3333333333333,2
"GABARAPL2",2,2,13,17,11.7647058823529,4
"GABARAPL3",2,0,8,10,20,2
"GABPA",2,3,14,19,10.5263157894737,5
"GADD45G",2,1,36,39,5.12820512820513,3
"GAL3ST4",2,0,4,6,33.3333333333333,2
"GALK2",2,2,13,17,11.7647058823529,4
"GALNS",2,1,7,10,20,3
"GALNT15",2,1,3,6,33.3333333333333,3
"GALNT2",2,1,2,5,40,3
"GALNT6",2,0,3,5,40,2
"GAPDHS",2,0,9,11,18.1818181818182,2
"GAPT",2,1,13,16,12.5,3
"GAS7",2,0,35,37,5.40540540540541,2
"GATA2",2,0,10,12,16.6666666666667,2
"GATAD1",2,6,15,23,8.69565217391304,8
"GATAD2A",2,0,9,11,18.1818181818182,2
"GATC",2,0,9,11,18.1818181818182,2
"GBE1",2,2,17,21,9.52380952380952,4
"GBF1",2,0,13,15,13.3333333333333,2
"GBP5",2,2,12,16,12.5,4
"GCA",2,0,2,4,50,2
"GCAT",2,0,4,6,33.3333333333333,2
"GCC1",2,0,2,4,50,2
"GCNT6",2,0,4,6,33.3333333333333,2
"GDF10",2,3,25,30,6.66666666666667,5
"GEMIN8P4",2,4,16,22,9.09090909090909,6
"GEN1",2,0,19,21,9.52380952380952,2
"GFAP",2,0,10,12,16.6666666666667,2
"GFI1",2,0,1,3,66.6666666666667,2
"GFOD2",2,1,4,7,28.5714285714286,3
"GGA1",2,0,5,7,28.5714285714286,2
"GGA3",2,0,1,3,66.6666666666667,2
"GGPS1",2,0,5,7,28.5714285714286,2
"GHDC",2,1,5,8,25,3
"GIMAP4",2,0,6,8,25,2
"GIMAP6",2,1,6,9,22.2222222222222,3
"GIMAP8",2,1,18,21,9.52380952380952,3
"GIN1",2,6,17,25,8,8
"GJA8",2,5,28,35,5.71428571428571,7
"GJD3",2,2,6,10,20,4
"GLB1",2,1,12,15,13.3333333333333,3
"GLIPR1L2",2,1,5,8,25,3
"GMPPB",2,1,0,3,66.6666666666667,3
"GNAQ",2,8,33,43,4.65116279069767,10
"GNAS",2,1,18,21,9.52380952380952,3
"GNAS-AS1",2,1,14,17,11.7647058823529,3
"GNL3",2,2,14,18,11.1111111111111,4
"GNPAT",2,0,8,10,20,2
"GORASP1",2,2,20,24,8.33333333333333,4
"GPATCH3",2,0,7,9,22.2222222222222,2
"GPATCH8",2,1,3,6,33.3333333333333,3
"GPBAR1",2,2,11,15,13.3333333333333,4
"GPC2",2,0,4,6,33.3333333333333,2
"GPHN",2,4,13,19,10.5263157894737,6
"GPLD1",2,3,3,8,25,5
"GPN1",2,0,7,9,22.2222222222222,2
"GPR110",2,0,3,5,40,2
"GPR124",2,1,12,15,13.3333333333333,3
"GPR137B",2,2,14,18,11.1111111111111,4
"GPR141",2,0,0,2,100,2
"GPR142",2,1,15,18,11.1111111111111,3
"GPR151",2,1,1,4,50,3
"GPR182",2,2,14,18,11.1111111111111,4
"GPR25",2,1,1,4,50,3
"GPR65",2,1,20,23,8.69565217391304,3
"GPRC5B",2,4,18,24,8.33333333333333,6
"GRIP2",2,0,10,12,16.6666666666667,2
"GRK4",2,0,0,2,100,2
"GRM4",2,1,8,11,18.1818181818182,3
"GRPEL1",2,0,2,4,50,2
"GS1-279B7.2",2,3,23,28,7.14285714285714,5
"GSDMA",2,0,3,5,40,2
"GSE1",2,5,25,32,6.25,7
"GSX1",2,0,6,8,25,2
"GTF2A2",2,1,8,11,18.1818181818182,3
"GTF2E2",2,3,22,27,7.40740740740741,5
"GTF2H3",2,0,2,4,50,2
"GTF3C4",2,0,1,3,66.6666666666667,2
"GTPBP2",2,1,9,12,16.6666666666667,3
"GUCY1B3",2,1,9,12,16.6666666666667,3
"H1F0",2,0,4,6,33.3333333333333,2
"H2AFJ",2,4,19,25,8,6
"H2AFY",2,1,2,5,40,3
"HAL",2,0,4,6,33.3333333333333,2
"HAND2",2,1,7,10,20,3
"HAND2-AS1",2,1,7,10,20,3
"HAO1",2,0,2,4,50,2
"HAPLN3",2,1,8,11,18.1818181818182,3
"HBCBP",2,2,14,18,11.1111111111111,4
"HCG15",2,0,12,14,14.2857142857143,2
"HCG16",2,0,12,14,14.2857142857143,2
"HDAC10",2,0,4,6,33.3333333333333,2
"HDAC5",2,0,0,2,100,2
"HDAC7",2,0,7,9,22.2222222222222,2
"HDLBP",2,0,9,11,18.1818181818182,2
"HEATR1",2,3,10,15,13.3333333333333,5
"HEATR6",2,0,4,6,33.3333333333333,2
"HERC4",2,5,24,31,6.45161290322581,7
"HERPUD1",2,1,12,15,13.3333333333333,3
"HERPUD2",2,3,14,19,10.5263157894737,5
"HES7",2,0,7,9,22.2222222222222,2
"HEXA",2,4,3,9,22.2222222222222,6
"HEXA-AS1",2,4,3,9,22.2222222222222,6
"HEY2",2,3,18,23,8.69565217391304,5
"HIAT1",2,2,6,10,20,4
"HIGD2B",2,0,1,3,66.6666666666667,2
"HINFP",2,0,5,7,28.5714285714286,2
"HIP1R",2,0,4,6,33.3333333333333,2
"HIST1H1C",2,1,23,26,7.69230769230769,3
"HIST1H1D",2,0,7,9,22.2222222222222,2
"HIST1H1T",2,0,6,8,25,2
"HIST1H2AC",2,0,3,5,40,2
"HIST1H2AG",2,1,12,15,13.3333333333333,3
"HIST1H2BC",2,0,3,5,40,2
"HIST1H2BJ",2,1,12,15,13.3333333333333,3
"HIST2H2AA3",2,0,22,24,8.33333333333333,2
"HIST2H2BD",2,0,22,24,8.33333333333333,2
"HIST2H2BE",2,0,22,24,8.33333333333333,2
"HIST3H2A",2,1,12,15,13.3333333333333,3
"HIST3H2BB",2,1,12,15,13.3333333333333,3
"HIVEP1",2,8,33,43,4.65116279069767,10
"HLA-DRA",2,1,20,23,8.69565217391304,3
"HM13",2,1,8,11,18.1818181818182,3
"HMBOX1",2,1,9,12,16.6666666666667,3
"HMGB1",2,1,33,36,5.55555555555556,3
"HMGB1P10",2,0,3,5,40,2
"HMGB2",2,3,6,11,18.1818181818182,5
"HMGN1",2,0,9,11,18.1818181818182,2
"HMGN2P15",2,0,2,4,50,2
"HMX2",2,2,15,19,10.5263157894737,4
"HNRNPA3",2,0,11,13,15.3846153846154,2
"HNRNPD",2,0,8,10,20,2
"HNRNPH3",2,14,19,35,5.71428571428571,16
"HOXB-AS4",2,8,22,32,6.25,10
"HOXB9",2,8,22,32,6.25,10
"HOXC8",2,0,19,21,9.52380952380952,2
"HOXD-AS2",2,0,24,26,7.69230769230769,2
"HOXD11",2,1,16,19,10.5263157894737,3
"HOXD3",2,1,25,28,7.14285714285714,3
"HOXD8",2,0,21,23,8.69565217391304,2
"HPCAL1",2,1,14,17,11.7647058823529,3
"HPGD",2,1,10,13,15.3846153846154,3
"HPN",2,0,4,6,33.3333333333333,2
"HPN-AS1",2,0,1,3,66.6666666666667,2
"HPX",2,0,5,7,28.5714285714286,2
"HSD17B8",2,1,5,8,25,3
"HSPA8",2,0,4,6,33.3333333333333,2
"HSPG2",2,1,13,16,12.5,3
"HTR2B",2,0,8,10,20,2
"IARS",2,1,8,11,18.1818181818182,3
"ICAM4",2,0,5,7,28.5714285714286,2
"ICK",2,4,13,19,10.5263157894737,6
"IFIH1",2,0,2,4,50,2
"IFIT1",2,2,5,9,22.2222222222222,4
"IFIT1B",2,3,9,14,14.2857142857143,5
"IFIT2",2,1,8,11,18.1818181818182,3
"IFIT3",2,0,5,7,28.5714285714286,2
"IFITM10",2,0,3,5,40,2
"IFLTD1",2,1,8,11,18.1818181818182,3
"IFNAR2",2,6,21,29,6.89655172413793,8
"IFNK",2,0,17,19,10.5263157894737,2
"IFRD1",2,1,22,25,8,3
"IFRD2",2,2,12,16,12.5,4
"IFT46",2,0,4,6,33.3333333333333,2
"IFT57",2,4,12,18,11.1111111111111,6
"IGFBP3",2,2,20,24,8.33333333333333,4
"IGFBPL1",2,3,13,18,11.1111111111111,5
"IL10",2,0,8,10,20,2
"IL17RD",2,2,5,9,22.2222222222222,4
"IL1F10",2,2,23,27,7.40740740740741,4
"IL1RAP",2,1,17,20,10,3
"IL20RB",2,5,12,19,10.5263157894737,7
"IL3",2,1,1,4,50,3
"IL6",2,0,15,17,11.7647058823529,2
"IMP3",2,2,7,11,18.1818181818182,4
"INA",2,2,9,13,15.3846153846154,4
"INPP5A",2,2,31,35,5.71428571428571,4
"INTS8",2,2,19,23,8.69565217391304,4
"INTS9",2,1,9,12,16.6666666666667,3
"INTU",2,3,2,7,28.5714285714286,5
"IP6K3",2,2,13,17,11.7647058823529,4
"IPO13",2,3,9,14,14.2857142857143,5
"IPPK",2,1,4,7,28.5714285714286,3
"IQCB1",2,1,19,22,9.09090909090909,3
"IRF1",2,1,13,16,12.5,3
"IRF2",2,1,7,10,20,3
"IRX3",2,0,8,10,20,2
"ITIH1",2,1,5,8,25,3
"ITIH4",2,0,8,10,20,2
"ITIH4-AS1",2,0,8,10,20,2
"ITLN1",2,1,11,14,14.2857142857143,3
"ITLN2",2,1,15,18,11.1111111111111,3
"ITM2B",2,3,4,9,22.2222222222222,5
"ITPRIP",2,1,12,15,13.3333333333333,3
"IVNS1ABP",2,3,23,28,7.14285714285714,5
"JADE1",2,5,28,35,5.71428571428571,7
"JAG1",2,2,23,27,7.40740740740741,4
"JAG2",2,2,9,13,15.3846153846154,4
"KANSL3",2,1,5,8,25,3
"KATNB1",2,0,4,6,33.3333333333333,2
"KB-1836B5.4",2,0,8,10,20,2
"KB-1991G8.1",2,0,5,7,28.5714285714286,2
"KBTBD3",2,0,3,5,40,2
"KCNAB1",2,1,12,15,13.3333333333333,3
"KCNAB1-AS1",2,0,13,15,13.3333333333333,2
"KCNIP2",2,3,2,7,28.5714285714286,5
"KCNIP2-AS1",2,0,3,5,40,2
"KCNJ15",2,1,18,21,9.52380952380952,3
"KCNK17",2,0,13,15,13.3333333333333,2
"KCNK7",2,0,2,4,50,2
"KCNMB1",2,0,6,8,25,2
"KCNN4",2,2,12,16,12.5,4
"KCNQ1-AS1",2,3,10,15,13.3333333333333,5
"KCTD19",2,0,7,9,22.2222222222222,2
"KCTD20",2,1,7,10,20,3
"KDM3A",2,3,13,18,11.1111111111111,5
"KHK",2,1,10,13,15.3846153846154,3
"KIAA0907",2,5,32,39,5.12820512820513,7
"KIAA0922",2,1,19,22,9.09090909090909,3
"KIAA0947",2,3,40,45,4.44444444444444,5
"KIAA1199",2,3,19,24,8.33333333333333,5
"KIAA1429",2,1,5,8,25,3
"KIAA1468",2,4,11,17,11.7647058823529,6
"KIAA1524",2,1,5,8,25,3
"KIAA1549L",2,6,10,18,11.1111111111111,8
"KIAA2013",2,0,8,10,20,2
"KIF18B",2,0,0,2,100,2
"KIF27",2,2,27,31,6.45161290322581,4
"KIRREL3",2,0,9,11,18.1818181818182,2
"KIRREL3-AS3",2,0,9,11,18.1818181818182,2
"KLF14",2,4,25,31,6.45161290322581,6
"KLF5",2,0,1,3,66.6666666666667,2
"KLHDC3",2,0,2,4,50,2
"KLHL2",2,2,31,35,5.71428571428571,4
"KLHL24",2,0,19,21,9.52380952380952,2
"KLHL6",2,0,18,20,10,2
"KRAS",2,0,6,8,25,2
"KRT18P13",2,0,0,2,100,2
"KRT18P23",2,0,0,2,100,2
"KRT18P57",2,0,12,14,14.2857142857143,2
"KRT2",2,0,12,14,14.2857142857143,2
"KRT4",2,3,15,20,10,5
"KRT71",2,1,24,27,7.40740740740741,3
"KRT74",2,0,16,18,11.1111111111111,2
"KRT75",2,0,15,17,11.7647058823529,2
"KRT83",2,0,13,15,13.3333333333333,2
"KRT86",2,0,7,9,22.2222222222222,2
"KTN1",2,0,7,9,22.2222222222222,2
"L3MBTL3",2,2,13,17,11.7647058823529,4
"LAMA5",2,2,15,19,10.5263157894737,4
"LAMB4",2,0,10,12,16.6666666666667,2
"LAMC1",2,10,13,25,8,12
"LAMP3",2,0,15,17,11.7647058823529,2
"LAMTOR3",2,0,5,7,28.5714285714286,2
"LAMTOR4",2,0,4,6,33.3333333333333,2
"LAP3",2,2,14,18,11.1111111111111,4
"LAP3P2",2,1,8,11,18.1818181818182,3
"LCMT1",2,1,11,14,14.2857142857143,3
"LCOR",2,1,24,27,7.40740740740741,3
"LDHB",2,0,2,4,50,2
"LEAP2",2,0,9,11,18.1818181818182,2
"LEMD2",2,1,13,16,12.5,3
"LEO1",2,2,20,24,8.33333333333333,4
"LEPRE1",2,0,15,17,11.7647058823529,2
"LETMD1",2,2,16,20,10,4
"LGALSL",2,0,12,14,14.2857142857143,2
"LHX1",2,1,15,18,11.1111111111111,3
"LHX5",2,3,15,20,10,5
"LIMD1",2,1,2,5,40,3
"LIMS1",2,2,12,16,12.5,4
"LIN54",2,3,13,18,11.1111111111111,5
"LINC-PINT",2,5,21,28,7.14285714285714,7
"LINC00167",2,5,26,33,6.06060606060606,7
"LINC00207",2,0,0,2,100,2
"LINC00528",2,5,8,15,13.3333333333333,7
"LINC00582",2,2,7,11,18.1818181818182,4
"LINC00608",2,0,8,10,20,2
"LINC00609",2,0,9,11,18.1818181818182,2
"LINC00636",2,1,9,12,16.6666666666667,3
"LINC00686",2,0,10,12,16.6666666666667,2
"LINC00842",2,4,29,35,5.71428571428571,6
"LINC01057",2,3,21,26,7.69230769230769,5
"LINC01119",2,0,4,6,33.3333333333333,2
"LINS",2,3,9,14,14.2857142857143,5
"LIPE",2,0,7,9,22.2222222222222,2
"LIPE-AS1",2,0,7,9,22.2222222222222,2
"LIPM",2,0,3,5,40,2
"LIPT1",2,0,2,4,50,2
"LL22NC01-116C6.1",2,0,41,43,4.65116279069767,2
"LL22NC03-104C7.1",2,1,15,18,11.1111111111111,3
"LLNLR-246C6.1",2,0,5,7,28.5714285714286,2
"LMAN2",2,1,11,14,14.2857142857143,3
"LMBR1L",2,0,4,6,33.3333333333333,2
"LMO2",2,0,11,13,15.3846153846154,2
"LNX1-AS1",2,0,1,3,66.6666666666667,2
"LNX2",2,0,5,7,28.5714285714286,2
"LOXL3",2,0,15,17,11.7647058823529,2
"LPIN2",2,0,23,25,8,2
"LPL",2,0,5,7,28.5714285714286,2
"LPP-AS1",2,0,4,6,33.3333333333333,2
"LRCH4",2,0,13,15,13.3333333333333,2
"LRIT3",2,0,3,5,40,2
"LRP2BP",2,0,10,12,16.6666666666667,2
"LRR1",2,1,3,6,33.3333333333333,3
"LRRC16B",2,0,5,7,28.5714285714286,2
"LRRC17",2,2,6,10,20,4
"LRRC23",2,2,8,12,16.6666666666667,4
"LRRC36",2,0,7,9,22.2222222222222,2
"LRRC40",2,6,3,11,18.1818181818182,8
"LRRC58",2,0,9,11,18.1818181818182,2
"LRRC66",2,1,7,10,20,3
"LRRC70",2,0,3,5,40,2
"LRRC8D",2,0,16,18,11.1111111111111,2
"LRRN3",2,1,6,9,22.2222222222222,3
"LSMEM2",2,2,12,16,12.5,4
"LSP1",2,0,3,5,40,2
"LTBP2",2,2,9,13,15.3846153846154,4
"LTBP3",2,0,0,2,100,2
"LTC4S",2,0,6,8,25,2
"LTV1",2,2,14,18,11.1111111111111,4
"LUC7L3",2,0,11,13,15.3846153846154,2
"LY96",2,4,12,18,11.1111111111111,6
"LYPD3",2,0,3,5,40,2
"LYRM2",2,1,19,22,9.09090909090909,3
"LZTFL1",2,0,7,9,22.2222222222222,2
"MAD2L1",2,2,11,15,13.3333333333333,4
"MAD2L1BP",2,1,9,12,16.6666666666667,3
"MAFK",2,1,8,11,18.1818181818182,3
"MAGOHB",2,0,10,12,16.6666666666667,2
"MAK",2,0,6,8,25,2
"MAK16",2,2,26,30,6.66666666666667,4
"MAML1",2,0,6,8,25,2
"MAN2A1",2,2,9,13,15.3846153846154,4
"MANBAL",2,0,0,2,100,2
"MANSC1",2,1,20,23,8.69565217391304,3
"MAP1B",2,1,5,8,25,3
"MAP1LC3A",2,1,5,8,25,3
"MAP2K3",2,2,13,17,11.7647058823529,4
"MAP3K12",2,3,15,20,10,5
"MAP3K19",2,1,5,8,25,3
"MAP3K5",2,1,8,11,18.1818181818182,3
"MAP3K8",2,0,11,13,15.3846153846154,2
"MAP9",2,0,6,8,25,2
"MAPK10",2,2,7,11,18.1818181818182,4
"MAPK11",2,0,4,6,33.3333333333333,2
"MAPK12",2,0,4,6,33.3333333333333,2
"MAPK8",2,2,13,17,11.7647058823529,4
"MAPKAPK2",2,0,6,8,25,2
"MARK2",2,2,12,16,12.5,4
"MATN3",2,1,13,16,12.5,3
"MAZ",2,3,15,20,10,5
"MBLAC2",2,0,8,10,20,2
"MBNL2",2,1,26,29,6.89655172413793,3
"MBOAT1",2,3,22,27,7.40740740740741,5
"MBOAT7",2,0,10,12,16.6666666666667,2
"MBP",2,3,17,22,9.09090909090909,5
"MBTD1",2,2,11,15,13.3333333333333,4
"MCCC1",2,1,16,19,10.5263157894737,3
"MCM6",2,1,4,7,28.5714285714286,3
"MCMBP",2,2,4,8,25,4
"MCRS1",2,1,9,12,16.6666666666667,3
"MDC1",2,0,4,6,33.3333333333333,2
"MDH1B",2,3,11,16,12.5,5
"MDM1",2,6,15,23,8.69565217391304,8
"ME3",2,0,7,9,22.2222222222222,2
"MEA1",2,0,2,4,50,2
"MECOM",2,1,12,15,13.3333333333333,3
"MED10",2,1,12,15,13.3333333333333,3
"MED17",2,7,12,21,9.52380952380952,9
"MED19",2,2,3,7,28.5714285714286,4
"MED20",2,0,10,12,16.6666666666667,2
"MED28",2,2,8,12,16.6666666666667,4
"MED30",2,10,10,22,9.09090909090909,12
"MEFV",2,0,6,8,25,2
"MEGF8",2,0,12,14,14.2857142857143,2
"MESDC1",2,2,14,18,11.1111111111111,4
"METTL12",2,0,7,9,22.2222222222222,2
"METTL3",2,0,4,6,33.3333333333333,2
"METTL5",2,0,6,8,25,2
"METTL6",2,4,10,16,12.5,6
"MFF",2,4,9,15,13.3333333333333,6
"MFGE8",2,1,8,11,18.1818181818182,3
"MFHAS1",2,3,28,33,6.06060606060606,5
"MFSD10",2,0,4,6,33.3333333333333,2
"MFSD2B",2,2,4,8,25,4
"MFSD5",2,0,5,7,28.5714285714286,2
"MGAT2",2,3,7,12,16.6666666666667,5
"MGAT4B",2,0,6,8,25,2
"MGEA5",2,0,3,5,40,2
"MIEF1",2,0,3,5,40,2
"MIF4GD",2,0,0,2,100,2
"MIR1179",2,0,14,16,12.5,2
"MIR1183",2,0,2,4,50,2
"MIR1229",2,0,6,8,25,2
"MIR1254",2,6,12,20,10,8
"MIR1256",2,1,14,17,11.7647058823529,3
"MIR1289",2,5,30,37,5.40540540540541,7
"MIR1343",2,2,21,25,8,4
"MIR142",2,0,1,3,66.6666666666667,2
"MIR1469",2,3,12,17,11.7647058823529,5
"MIR146B",2,0,5,7,28.5714285714286,2
"MIR181C",2,0,8,10,20,2
"MIR181D",2,0,8,10,20,2
"MIR190B",2,0,11,13,15.3846153846154,2
"MIR193A",2,1,15,18,11.1111111111111,3
"MIR22HG",2,3,11,16,12.5,5
"MIR30C1",2,0,5,7,28.5714285714286,2
"MIR30E",2,0,5,7,28.5714285714286,2
"MIR3146",2,2,12,16,12.5,4
"MIR3184",2,0,9,11,18.1818181818182,2
"MIR3191",2,0,1,3,66.6666666666667,2
"MIR328",2,0,11,13,15.3846153846154,2
"MIR33B",2,0,11,13,15.3846153846154,2
"MIR345",2,0,5,7,28.5714285714286,2
"MIR3939",2,2,21,25,8,4
"MIR423",2,0,9,11,18.1818181818182,2
"MIR4444",2,0,11,13,15.3846153846154,2
"MIR4512",2,1,2,5,40,3
"MIR4522",2,0,20,22,9.09090909090909,2
"MIR4658",2,0,4,6,33.3333333333333,2
"MIR4667",2,0,1,3,66.6666666666667,2
"MIR4700",2,0,24,26,7.69230769230769,2
"MIR4736",2,0,1,3,66.6666666666667,2
"MIR4741",2,0,4,6,33.3333333333333,2
"MIR4749",2,0,0,2,100,2
"MIR4750",2,0,0,2,100,2
"MIR4781",2,1,18,21,9.52380952380952,3
"MIR497HG",2,0,10,12,16.6666666666667,2
"MIR5187",2,1,8,11,18.1818181818182,3
"MIR548D1",2,1,7,10,20,3
"MIR548J",2,0,3,5,40,2
"MIR548Q",2,1,15,18,11.1111111111111,3
"MIR553",2,1,3,6,33.3333333333333,3
"MIR554",2,3,23,28,7.14285714285714,5
"MIR567",2,4,14,20,10,6
"MIR569",2,0,3,5,40,2
"MIR607",2,1,24,27,7.40740740740741,3
"MIR645",2,0,4,6,33.3333333333333,2
"MIR759",2,2,4,8,25,4
"MIR940",2,0,3,5,40,2
"MIRLET7G",2,0,12,14,14.2857142857143,2
"MKL1",2,0,7,9,22.2222222222222,2
"MKNK1",2,4,5,11,18.1818181818182,6
"MLN",2,1,13,16,12.5,3
"MME",2,4,13,19,10.5263157894737,6
"MMEL1",2,2,6,10,20,4
"MMP24-AS1",2,0,14,16,12.5,2
"MNAT1",2,4,15,21,9.52380952380952,6
"MND1",2,5,29,36,5.55555555555556,7
"MOB3B",2,0,20,22,9.09090909090909,2
"MOB3C",2,4,5,11,18.1818181818182,6
"MORC2",2,0,6,8,25,2
"MORN1",2,2,7,11,18.1818181818182,4
"MORN5",2,0,2,4,50,2
"MPI",2,1,9,12,16.6666666666667,3
"MPLKIP",2,1,3,6,33.3333333333333,3
"MRAS",2,3,9,14,14.2857142857143,5
"MRGPRG",2,2,14,18,11.1111111111111,4
"MRGPRG-AS1",2,2,14,18,11.1111111111111,4
"MROH8",2,0,1,3,66.6666666666667,2
"MROH9",2,0,9,11,18.1818181818182,2
"MRPL17",2,0,10,12,16.6666666666667,2
"MRPL24",2,1,12,15,13.3333333333333,3
"MRPL27",2,0,2,4,50,2
"MRPL2P1",2,2,12,16,12.5,4
"MRPL30",2,0,7,9,22.2222222222222,2
"MRPL44",2,0,11,13,15.3846153846154,2
"MRPL49",2,3,10,15,13.3333333333333,5
"MRPL51",2,0,4,6,33.3333333333333,2
"MRPL55",2,0,1,3,66.6666666666667,2
"MRPS18B",2,0,2,4,50,2
"MRPS23",2,0,14,16,12.5,2
"MRPS7",2,0,1,3,66.6666666666667,2
"MRPS9",2,0,1,3,66.6666666666667,2
"MS4A12",2,0,5,7,28.5714285714286,2
"MSANTD4",2,4,18,24,8.33333333333333,6
"MT3",2,0,6,8,25,2
"MTA2",2,0,13,15,13.3333333333333,2
"MTF2",2,2,11,15,13.3333333333333,4
"MTG2",2,3,15,20,10,5
"MTHFD1",2,0,4,6,33.3333333333333,2
"MTMR4",2,4,7,13,15.3846153846154,6
"MTTP",2,0,14,16,12.5,2
"MUSTN1",2,0,8,10,20,2
"MX2",2,2,5,9,22.2222222222222,4
"MXD1",2,5,24,31,6.45161290322581,7
"MYCBPAP",2,2,23,27,7.40740740740741,4
"MYH10",2,0,5,7,28.5714285714286,2
"MYL10",2,0,5,7,28.5714285714286,2
"MYL12A",2,0,10,12,16.6666666666667,2
"MYL4",2,0,6,8,25,2
"MYLK2",2,1,5,8,25,3
"MYO10",2,1,18,21,9.52380952380952,3
"MYO1A",2,3,14,19,10.5263157894737,5
"MYO1B",2,3,7,12,16.6666666666667,5
"MYOC",2,0,4,6,33.3333333333333,2
"MYRFL",2,2,11,15,13.3333333333333,4
"MYSM1",2,1,17,20,10,3
"N4BP1",2,2,15,19,10.5263157894737,4
"NAA25",2,0,7,9,22.2222222222222,2
"NAB2",2,2,16,20,10,4
"NACC2",2,0,10,12,16.6666666666667,2
"NADK2-AS1",2,0,2,4,50,2
"NAE1",2,0,6,8,25,2
"NAMPT",2,1,7,10,20,3
"NANOS3",2,0,8,10,20,2
"NANP",2,1,13,16,12.5,3
"NAP1L1",2,6,27,35,5.71428571428571,8
"NAV1",2,0,8,10,20,2
"NBEAL2",2,2,8,12,16.6666666666667,4
"NCAPD2",2,1,12,15,13.3333333333333,3
"NCAPG2",2,3,15,20,10,5
"NCBP2",2,2,9,13,15.3846153846154,4
"NCBP2-AS1",2,2,8,12,16.6666666666667,4
"NCF4",2,1,17,20,10,3
"NCK1",2,5,12,19,10.5263157894737,7
"NCOA1",2,3,6,11,18.1818181818182,5
"NDUFA4",2,1,5,8,25,3
"NDUFA5P3",2,0,6,8,25,2
"NDUFA6",2,0,12,14,14.2857142857143,2
"NDUFA6-AS1",2,0,12,14,14.2857142857143,2
"NDUFA7",2,0,0,2,100,2
"NDUFA8",2,0,2,4,50,2
"NDUFAF4",2,4,12,18,11.1111111111111,6
"NDUFAF4P1",2,2,13,17,11.7647058823529,4
"NDUFB6",2,1,12,15,13.3333333333333,3
"NDUFB7",2,0,2,4,50,2
"NDUFV2",2,1,5,8,25,3
"NEB",2,2,3,7,28.5714285714286,4
"NECAB2",2,0,8,10,20,2
"NEK7",2,1,12,15,13.3333333333333,3
"NELFCD",2,1,4,7,28.5714285714286,3
"NEURL2",2,0,9,11,18.1818181818182,2
"NEURL4",2,2,11,15,13.3333333333333,4
"NEUROD1",2,0,4,6,33.3333333333333,2
"NF1",2,3,15,20,10,5
"NFATC2",2,0,19,21,9.52380952380952,2
"NFE2L1",2,0,3,5,40,2
"NFIL3",2,3,25,30,6.66666666666667,5
"NFKB1",2,0,14,16,12.5,2
"NFKBIB",2,1,3,6,33.3333333333333,3
"NFS1",2,1,14,17,11.7647058823529,3
"NFYA",2,0,8,10,20,2
"NFYC",2,0,7,9,22.2222222222222,2
"NHSL1",2,0,1,3,66.6666666666667,2
"NIPSNAP1",2,1,1,4,50,3
"NKD1",2,1,8,11,18.1818181818182,3
"NKX2-AS1",2,3,9,14,14.2857142857143,5
"NLGN2",2,1,6,9,22.2222222222222,3
"NLN",2,6,11,19,10.5263157894737,8
"NLRC4",2,1,3,6,33.3333333333333,3
"NMRK1",2,6,11,19,10.5263157894737,8
"NOP14",2,0,0,2,100,2
"NOP14-AS1",2,0,4,6,33.3333333333333,2
"NOP9",2,1,27,30,6.66666666666667,3
"NPHP3",2,1,29,32,6.25,3
"NPHP3-AS1",2,1,29,32,6.25,3
"NPM2",2,0,3,5,40,2
"NPR3",2,1,2,5,40,3
"NPTN",2,1,7,10,20,3
"NR1D1",2,1,7,10,20,3
"NR1I3",2,1,8,11,18.1818181818182,3
"NR2C1",2,1,5,8,25,3
"NR2E3",2,0,3,5,40,2
"NR2F2",2,3,12,17,11.7647058823529,5
"NRD1",2,2,4,8,25,4
"NREP-AS1",2,1,11,14,14.2857142857143,3
"NRIP1",2,1,11,14,14.2857142857143,3
"NSMCE1",2,2,17,21,9.52380952380952,4
"NSRP1",2,0,9,11,18.1818181818182,2
"NSUN2",2,4,18,24,8.33333333333333,6
"NUDC",2,0,7,9,22.2222222222222,2
"NUDT14",2,2,9,13,15.3846153846154,4
"NUDT16",2,1,1,4,50,3
"NUDT4",2,4,32,38,5.26315789473684,6
"NUP205",2,1,2,5,40,3
"NUP214",2,0,11,13,15.3846153846154,2
"NUPL2",2,1,14,17,11.7647058823529,3
"NUTF2",2,1,1,4,50,3
"NXF1",2,0,8,10,20,2
"NXPH1",2,1,14,17,11.7647058823529,3
"NXPH3",2,2,17,21,9.52380952380952,4
"NXT1",2,1,25,28,7.14285714285714,3
"OARD1",2,0,13,15,13.3333333333333,2
"OCLN",2,2,7,11,18.1818181818182,4
"OCSTAMP",2,0,2,4,50,2
"ODF1",2,1,7,10,20,3
"OGDH",2,2,9,13,15.3846153846154,4
"OLA1",2,1,6,9,22.2222222222222,3
"OPTN",2,1,10,13,15.3846153846154,3
"OR10J2P",2,0,5,7,28.5714285714286,2
"OR10J3",2,0,6,8,25,2
"OR10R3P",2,0,19,21,9.52380952380952,2
"OR1G1",2,5,21,28,7.14285714285714,7
"OR7E155P",2,3,6,11,18.1818181818182,5
"OR7E37P",2,3,6,11,18.1818181818182,5
"OR9A2",2,1,3,6,33.3333333333333,3
"ORC1",2,0,9,11,18.1818181818182,2
"ORMDL2",2,1,13,16,12.5,3
"OSBPL1A",2,0,3,5,40,2
"OSBPL6",2,1,7,10,20,3
"OSBPL7",2,0,4,6,33.3333333333333,2
"OSTF1",2,6,11,19,10.5263157894737,8
"OTUB2",2,2,5,9,22.2222222222222,4
"OXA1L",2,2,21,25,8,4
"OXNAD1",2,2,5,9,22.2222222222222,4
"P2RX1",2,3,11,16,12.5,5
"P2RY14",2,3,5,10,20,5
"PABPC4",2,1,3,6,33.3333333333333,3
"PABPN1L",2,3,13,18,11.1111111111111,5
"PACSIN3",2,2,16,20,10,4
"PADI2",2,1,36,39,5.12820512820513,3
"PADI3",2,0,24,26,7.69230769230769,2
"PAFAH2",2,0,6,8,25,2
"PAK2",2,0,1,3,66.6666666666667,2
"PANK2",2,1,4,7,28.5714285714286,3
"PANK4",2,3,3,8,25,5
"PAPOLG",2,4,5,11,18.1818181818182,6
"PAPSS1",2,2,8,12,16.6666666666667,4
"PARP12",2,0,24,26,7.69230769230769,2
"PARP6",2,0,4,6,33.3333333333333,2
"PARVB",2,0,6,8,25,2
"PAWR",2,3,11,16,12.5,5
"PAX8-AS1",2,1,15,18,11.1111111111111,3
"PAXBP1",2,2,5,9,22.2222222222222,4
"PBLD",2,14,19,35,5.71428571428571,16
"PBXIP1",2,1,0,3,66.6666666666667,3
"PCCA",2,2,5,9,22.2222222222222,4
"PCDH12",2,7,20,29,6.89655172413793,9
"PCDHB2",2,0,11,13,15.3846153846154,2
"PCDHB3",2,0,11,13,15.3846153846154,2
"PCDHB6",2,0,4,6,33.3333333333333,2
"PCDHGA2",2,0,14,16,12.5,2
"PCF11",2,12,42,56,3.57142857142857,14
"PCGF1",2,0,8,10,20,2
"PCK2",2,0,5,7,28.5714285714286,2
"PCNXL4",2,1,6,9,22.2222222222222,3
"PCOLCE2",2,0,1,3,66.6666666666667,2
"PDE4DIP",2,2,6,10,20,4
"PDE7A",2,1,17,20,10,3
"PDGFA",2,0,1,3,66.6666666666667,2
"PDGFC",2,0,6,8,25,2
"PDGFRB",2,0,10,12,16.6666666666667,2
"PDK2",2,0,3,5,40,2
"PDS5A",2,1,6,9,22.2222222222222,3
"PEA15",2,0,7,9,22.2222222222222,2
"PERP",2,2,12,16,12.5,4
"PEX10",2,4,6,12,16.6666666666667,6
"PEX12",2,1,12,15,13.3333333333333,3
"PFDN1",2,0,9,11,18.1818181818182,2
"PFKM",2,1,8,11,18.1818181818182,3
"PGAM2",2,0,14,16,12.5,2
"PGBD4",2,1,6,9,22.2222222222222,3
"PGS1",2,0,22,24,8.33333333333333,2
"PHACTR2",2,1,10,13,15.3846153846154,3
"PHF1",2,0,2,4,50,2
"PHF10",2,1,5,8,25,3
"PHLDB2",2,2,20,24,8.33333333333333,4
"PHOX2A",2,3,18,23,8.69565217391304,5
"PHYHD1",2,0,2,4,50,2
"PI15",2,4,3,9,22.2222222222222,6
"PIEZO1",2,3,10,15,13.3333333333333,5
"PIGF",2,0,2,4,50,2
"PIGN",2,4,11,17,11.7647058823529,6
"PIGO",2,1,15,18,11.1111111111111,3
"PIK3R4",2,2,9,13,15.3846153846154,4
"PILRB",2,0,4,6,33.3333333333333,2
"PITPNA",2,0,7,9,22.2222222222222,2
"PITPNC1",2,0,5,7,28.5714285714286,2
"PITRM1",2,4,17,23,8.69565217391304,6
"PITRM1-AS1",2,4,8,14,14.2857142857143,6
"PITX1",2,3,7,12,16.6666666666667,5
"PITX3",2,0,13,15,13.3333333333333,2
"PKD1L1",2,0,9,11,18.1818181818182,2
"PKD2L1",2,1,13,16,12.5,3
"PKD2L2",2,0,11,13,15.3846153846154,2
"PKDCC",2,2,5,9,22.2222222222222,4
"PKIG",2,1,10,13,15.3846153846154,3
"PKP4",2,0,13,15,13.3333333333333,2
"PLA2G15",2,0,14,16,12.5,2
"PLA2G16",2,0,2,4,50,2
"PLA2G4A",2,4,14,20,10,6
"PLAA",2,1,12,15,13.3333333333333,3
"PLBD2",2,0,12,14,14.2857142857143,2
"PLCB1",2,0,5,7,28.5714285714286,2
"PLCXD2",2,2,23,27,7.40740740740741,4
"PLD1",2,0,10,12,16.6666666666667,2
"PLEKHA2",2,6,17,25,8,8
"PLEKHA6",2,0,13,15,13.3333333333333,2
"PLIN2",2,1,5,8,25,3
"PLSCR2",2,2,5,9,22.2222222222222,4
"PLSCR5-AS1",2,3,12,17,11.7647058823529,5
"PM20D1",2,0,2,4,50,2
"PMEL",2,1,6,9,22.2222222222222,3
"PMF1",2,1,11,14,14.2857142857143,3
"PMF1-BGLAP",2,1,11,14,14.2857142857143,3
"PMVK",2,1,0,3,66.6666666666667,3
"PNKP",2,1,6,9,22.2222222222222,3
"PNMA1",2,0,9,11,18.1818181818182,2
"PNPLA5",2,0,10,12,16.6666666666667,2
"POGZ",2,3,13,18,11.1111111111111,5
"POLA2",2,1,4,7,28.5714285714286,3
"POLD2",2,0,12,14,14.2857142857143,2
"POLH",2,0,3,5,40,2
"POLR1D",2,0,5,7,28.5714285714286,2
"POLR2K",2,0,12,14,14.2857142857143,2
"POLR3KP2",2,1,31,34,5.88235294117647,3
"POU2F1",2,0,6,8,25,2
"POU6F2",2,1,6,9,22.2222222222222,3
"PP13439",2,0,10,12,16.6666666666667,2
"PPARG",2,3,31,36,5.55555555555556,5
"PPIG",2,1,4,7,28.5714285714286,3
"PPIP5K2",2,6,17,25,8,8
"PPM1M",2,0,14,16,12.5,2
"PPP1R10",2,0,2,4,50,2
"PPP1R12A",2,2,6,10,20,4
"PPP1R14BP2",2,3,6,11,18.1818181818182,5
"PPP1R1A",2,0,0,2,100,2
"PPP1R8",2,1,3,6,33.3333333333333,3
"PPP2R1B",2,4,26,32,6.25,6
"PPP2R4",2,0,5,7,28.5714285714286,2
"PPP2R5D",2,0,2,4,50,2
"PPT2",2,0,4,6,33.3333333333333,2
"PPT2-EGFL8",2,0,4,6,33.3333333333333,2
"PQLC2",2,0,3,5,40,2
"PRCD",2,0,10,12,16.6666666666667,2
"PRCP",2,9,27,38,5.26315789473684,11
"PRDM10",2,5,26,33,6.06060606060606,7
"PRDM2",2,0,5,7,28.5714285714286,2
"PRDM8",2,1,8,11,18.1818181818182,3
"PRDX1",2,1,3,6,33.3333333333333,3
"PRDX3P2",2,0,1,3,66.6666666666667,2
"PRDX6",2,1,9,12,16.6666666666667,3
"PRICKLE4",2,1,20,23,8.69565217391304,3
"PRKAA1",2,0,12,14,14.2857142857143,2
"PRKD1",2,0,1,3,66.6666666666667,2
"PRKD2",2,0,5,7,28.5714285714286,2
"PRKD3",2,0,8,10,20,2
"PROKR1",2,0,2,4,50,2
"PRORSD1P",2,1,7,10,20,3
"PROX1",2,0,2,4,50,2
"PRPF38A",2,0,9,11,18.1818181818182,2
"PRPF40B",2,1,10,13,15.3846153846154,3
"PRPH",2,1,9,12,16.6666666666667,3
"PRPSAP1",2,1,6,9,22.2222222222222,3
"PRR7",2,0,6,8,25,2
"PRRC2B",2,2,9,13,15.3846153846154,4
"PRRT1",2,0,4,6,33.3333333333333,2
"PRUNE",2,0,5,7,28.5714285714286,2
"PSD2",2,2,16,20,10,4
"PSD4",2,1,7,10,20,3
"PSKH1",2,1,5,8,25,3
"PSMA6",2,1,3,6,33.3333333333333,3
"PSMB1",2,2,12,16,12.5,4
"PSMB11",2,1,3,6,33.3333333333333,3
"PSMB5",2,1,3,6,33.3333333333333,3
"PSMG3",2,1,12,15,13.3333333333333,3
"PSMG3-AS1",2,1,12,15,13.3333333333333,3
"PSTPIP1",2,3,12,17,11.7647058823529,5
"PTAFR",2,1,3,6,33.3333333333333,3
"PTCD1",2,0,5,7,28.5714285714286,2
"PTGER4",2,2,25,29,6.89655172413793,4
"PTGFRN",2,0,14,16,12.5,2
"PTGS2",2,3,7,12,16.6666666666667,5
"PTMAP1",2,0,2,4,50,2
"PTMS",2,2,10,14,14.2857142857143,4
"PTOV1",2,0,0,2,100,2
"PTOV1-AS1",2,0,0,2,100,2
"PTPN13",2,1,3,6,33.3333333333333,3
"PTPN4",2,3,25,30,6.66666666666667,5
"PTPRB",2,0,2,4,50,2
"PTPRH",2,1,5,8,25,3
"PTPRJ",2,5,40,47,4.25531914893617,7
"PTRH2",2,2,6,10,20,4
"PVALB",2,1,15,18,11.1111111111111,3
"PVRIG2P",2,0,4,6,33.3333333333333,2
"PVT1",2,1,9,12,16.6666666666667,3
"PWP1",2,0,7,9,22.2222222222222,2
"PXN",2,1,19,22,9.09090909090909,3
"PXT1",2,1,7,10,20,3
"R3HDM1",2,2,16,20,10,4
"RAB11FIP4",2,0,9,11,18.1818181818182,2
"RAB27B",2,0,7,9,22.2222222222222,2
"RAB32",2,3,13,18,11.1111111111111,5
"RAB37",2,0,8,10,20,2
"RAB3GAP1",2,2,11,15,13.3333333333333,4
"RAB3IP",2,0,3,5,40,2
"RAB5B",2,1,6,9,22.2222222222222,3
"RAB5C",2,3,18,23,8.69565217391304,5
"RABGAP1L",2,3,1,6,33.3333333333333,5
"RABGGTA",2,0,18,20,10,2
"RAD50",2,1,10,13,15.3846153846154,3
"RAD51C",2,3,3,8,25,5
"RAN",2,4,13,19,10.5263157894737,6
"RANBP1",2,0,5,7,28.5714285714286,2
"RAPGEF1",2,1,20,23,8.69565217391304,3
"RAPGEF6",2,0,5,7,28.5714285714286,2
"RARS",2,2,12,16,12.5,4
"RASGEF1B",2,1,12,15,13.3333333333333,3
"RASGRP4",2,2,6,10,20,4
"RASL10B",2,0,1,3,66.6666666666667,2
"RASL11A",2,3,10,15,13.3333333333333,5
"RASSF2",2,0,1,3,66.6666666666667,2
"RASSF6",2,0,1,3,66.6666666666667,2
"RBBP8",2,0,4,6,33.3333333333333,2
"RBM22",2,1,8,11,18.1818181818182,3
"RBM4B",2,2,18,22,9.09090909090909,4
"RBMS2",2,1,6,9,22.2222222222222,3
"RBP5",2,0,8,10,20,2
"RBPMS2",2,1,4,7,28.5714285714286,3
"RC3H2",2,0,3,5,40,2
"RCBTB1",2,0,2,4,50,2
"RCC1",2,0,1,3,66.6666666666667,2
"RDH10",2,4,21,27,7.40740740740741,6
"RDH14",2,1,10,13,15.3846153846154,3
"REC8",2,0,22,24,8.33333333333333,2
"REEP4",2,0,3,5,40,2
"REN",2,1,5,8,25,3
"REP15",2,1,5,8,25,3
"RER1",2,2,7,11,18.1818181818182,4
"REV3L",2,5,26,33,6.06060606060606,7
"RFC3",2,2,3,7,28.5714285714286,4
"RFX7",2,0,3,5,40,2
"RGCC",2,3,6,11,18.1818181818182,5
"RGMB",2,0,12,14,14.2857142857143,2
"RGMB-AS1",2,0,9,11,18.1818181818182,2
"RGS14",2,1,11,14,14.2857142857143,3
"RGS2",2,5,21,28,7.14285714285714,7
"RGS9BP",2,1,15,18,11.1111111111111,3
"RICTOR",2,2,14,18,11.1111111111111,4
"RILP",2,0,6,8,25,2
"RIOK3",2,0,4,6,33.3333333333333,2
"RMND1",2,4,13,19,10.5263157894737,6
"RN7SL111P",2,0,6,8,25,2
"RN7SL140P",2,5,26,33,6.06060606060606,7
"RN7SL197P",2,0,7,9,22.2222222222222,2
"RN7SL374P",2,1,11,14,14.2857142857143,3
"RN7SL393P",2,0,13,15,13.3333333333333,2
"RN7SL458P",2,0,3,5,40,2
"RN7SL845P",2,7,14,23,8.69565217391304,9
"RN7SL85P",2,0,3,5,40,2
"RNA5SP440",2,1,2,5,40,3
"RNF123",2,1,0,3,66.6666666666667,3
"RNF14",2,7,20,29,6.89655172413793,9
"RNF149",2,4,17,23,8.69565217391304,6
"RNF167",2,2,4,8,25,4
"RNF19A",2,0,5,7,28.5714285714286,2
"RNF207",2,3,26,31,6.45161290322581,5
"RNF25",2,1,9,12,16.6666666666667,3
"RNF43",2,0,11,13,15.3846153846154,2
"RNGTT",2,0,9,11,18.1818181818182,2
"RNMT",2,1,19,22,9.09090909090909,3
"RNU1-101P",2,2,14,18,11.1111111111111,4
"RNU1-19P",2,2,8,12,16.6666666666667,4
"RNU105C",2,0,16,18,11.1111111111111,2
"RNU11-3P",2,3,15,20,10,5
"RNU2-31P",2,1,14,17,11.7647058823529,3
"RNU2-8P",2,0,3,5,40,2
"RNU4",2,0,9,11,18.1818181818182,2
"RNU4-21P",2,0,3,5,40,2
"RNU4-25P",2,1,9,12,16.6666666666667,3
"RNU4-28P",2,1,3,6,33.3333333333333,3
"RNU4-41P",2,7,16,25,8,9
"RNU4-76P",2,0,1,3,66.6666666666667,2
"RNU4-7P",2,1,4,7,28.5714285714286,3
"RNU4ATAC",2,0,8,10,20,2
"RNU4ATAC13P",2,0,11,13,15.3846153846154,2
"RNU5B-3P",2,2,12,16,12.5,4
"RNU5E-10P",2,4,20,26,7.69230769230769,6
"RNU5E-9P",2,1,11,14,14.2857142857143,3
"RNU6",2,1,9,12,16.6666666666667,3
"RNU6-1005P",2,0,10,12,16.6666666666667,2
"RNU6-1009P",2,5,9,16,12.5,7
"RNU6-1024P",2,3,7,12,16.6666666666667,5
"RNU6-1029P",2,2,9,13,15.3846153846154,4
"RNU6-1031P",2,1,10,13,15.3846153846154,3
"RNU6-1051P",2,1,31,34,5.88235294117647,3
"RNU6-1080P",2,0,8,10,20,2
"RNU6-1082P",2,4,26,32,6.25,6
"RNU6-1084P",2,0,9,11,18.1818181818182,2
"RNU6-1091P",2,0,7,9,22.2222222222222,2
"RNU6-1099P",2,0,3,5,40,2
"RNU6-1152P",2,2,4,8,25,4
"RNU6-1154P",2,2,9,13,15.3846153846154,4
"RNU6-1181P",2,0,2,4,50,2
"RNU6-1198P",2,2,19,23,8.69565217391304,4
"RNU6-11P",2,6,19,27,7.40740740740741,8
"RNU6-1201P",2,1,3,6,33.3333333333333,3
"RNU6-1209P",2,1,16,19,10.5263157894737,3
"RNU6-1212P",2,0,3,5,40,2
"RNU6-1227P",2,3,11,16,12.5,5
"RNU6-1245P",2,1,3,6,33.3333333333333,3
"RNU6-1305P",2,0,4,6,33.3333333333333,2
"RNU6-148P",2,2,12,16,12.5,4
"RNU6-151P",2,0,12,14,14.2857142857143,2
"RNU6-166P",2,0,7,9,22.2222222222222,2
"RNU6-169P",2,1,1,4,50,3
"RNU6-196P",2,0,10,12,16.6666666666667,2
"RNU6-201P",2,3,7,12,16.6666666666667,5
"RNU6-218P",2,0,15,17,11.7647058823529,2
"RNU6-231P",2,1,17,20,10,3
"RNU6-253P",2,1,6,9,22.2222222222222,3
"RNU6-258P",2,3,8,13,15.3846153846154,5
"RNU6-260P",2,2,8,12,16.6666666666667,4
"RNU6-351P",2,3,17,22,9.09090909090909,5
"RNU6-360P",2,2,11,15,13.3333333333333,4
"RNU6-387P",2,1,4,7,28.5714285714286,3
"RNU6-393P",2,1,8,11,18.1818181818182,3
"RNU6-428P",2,9,16,27,7.40740740740741,11
"RNU6-430P",2,0,8,10,20,2
"RNU6-440P",2,0,10,12,16.6666666666667,2
"RNU6-451P",2,3,15,20,10,5
"RNU6-456P",2,0,2,4,50,2
"RNU6-485P",2,1,9,12,16.6666666666667,3
"RNU6-494P",2,1,19,22,9.09090909090909,3
"RNU6-510P",2,0,4,6,33.3333333333333,2
"RNU6-619P",2,0,3,5,40,2
"RNU6-628P",2,1,5,8,25,3
"RNU6-638P",2,1,30,33,6.06060606060606,3
"RNU6-643P",2,1,7,10,20,3
"RNU6-664P",2,3,6,11,18.1818181818182,5
"RNU6-665P",2,1,18,21,9.52380952380952,3
"RNU6-66P",2,1,1,4,50,3
"RNU6-672P",2,2,19,23,8.69565217391304,4
"RNU6-724P",2,2,9,13,15.3846153846154,4
"RNU6-73P",2,1,20,23,8.69565217391304,3
"RNU6-761P",2,0,11,13,15.3846153846154,2
"RNU6-78P",2,0,1,3,66.6666666666667,2
"RNU6-804P",2,0,10,12,16.6666666666667,2
"RNU6-807P",2,2,17,21,9.52380952380952,4
"RNU6-840P",2,1,11,14,14.2857142857143,3
"RNU6-872P",2,7,15,24,8.33333333333333,9
"RNU6-875P",2,1,7,10,20,3
"RNU6-881P",2,0,10,12,16.6666666666667,2
"RNU6-884P",2,0,5,7,28.5714285714286,2
"RNU6-888P",2,0,9,11,18.1818181818182,2
"RNU6-914P",2,0,2,4,50,2
"RNU6-939P",2,0,12,14,14.2857142857143,2
"RNU6-948P",2,3,10,15,13.3333333333333,5
"RNU6-952P",2,4,14,20,10,6
"RNU6-957P",2,2,6,10,20,4
"RNU6-961P",2,5,26,33,6.06060606060606,7
"RNU6ATAC14P",2,0,3,5,40,2
"RNU7-109P",2,0,0,2,100,2
"RNU7-113P",2,4,20,26,7.69230769230769,6
"RNU7-117P",2,1,9,12,16.6666666666667,3
"RNU7-122P",2,2,17,21,9.52380952380952,4
"RNU7-13P",2,0,4,6,33.3333333333333,2
"RNU7-161P",2,0,0,2,100,2
"RNU7-16P",2,2,1,5,40,4
"RNU7-171P",2,1,4,7,28.5714285714286,3
"RNU7-181P",2,0,13,15,13.3333333333333,2
"RNU7-186P",2,0,4,6,33.3333333333333,2
"RNU7-193P",2,0,11,13,15.3846153846154,2
"RNU7-195P",2,0,10,12,16.6666666666667,2
"RNU7-20P",2,1,4,7,28.5714285714286,3
"RNU7-49P",2,2,4,8,25,4
"RNU7-57P",2,0,5,7,28.5714285714286,2
"RNU7-73P",2,0,5,7,28.5714285714286,2
"RNU7-97P",2,1,13,16,12.5,3
"RNY4P10",2,1,5,8,25,3
"ROMO1",2,1,14,17,11.7647058823529,3
"RP1-102K2.6",2,0,2,4,50,2
"RP1-111C20.4",2,2,7,11,18.1818181818182,4
"RP1-111D6.3",2,0,8,10,20,2
"RP1-120G22.11",2,3,26,31,6.45161290322581,5
"RP1-151F17.1",2,5,56,63,3.17460317460317,7
"RP1-15D23.2",2,2,15,19,10.5263157894737,4
"RP1-167A14.2",2,2,21,25,8,4
"RP1-170O19.17",2,1,8,11,18.1818181818182,3
"RP1-257I20.14",2,0,12,14,14.2857142857143,2
"RP1-266L20.2",2,2,4,8,25,4
"RP1-266L20.4",2,1,5,8,25,3
"RP1-302G2.5",2,3,13,18,11.1111111111111,5
"RP1-313I6.12",2,2,12,16,12.5,4
"RP1-39G22.4",2,0,11,13,15.3846153846154,2
"RP1-39G22.7",2,0,11,13,15.3846153846154,2
"RP1-4G17.2",2,1,6,9,22.2222222222222,3
"RP1-50O24.6",2,0,13,15,13.3333333333333,2
"RP1-64K7.4",2,1,23,26,7.69230769230769,3
"RP1-69D17.3",2,0,1,3,66.6666666666667,2
"RP1-76B20.11",2,0,2,4,50,2
"RP1-76B20.12",2,0,2,4,50,2
"RP1-92C8.3",2,2,7,11,18.1818181818182,4
"RP1-93H18.1",2,0,4,6,33.3333333333333,2
"RP11-1012A1.4",2,1,9,12,16.6666666666667,3
"RP11-103J8.1",2,2,23,27,7.40740740740741,4
"RP11-104H15.7",2,2,5,9,22.2222222222222,4
"RP11-1055B8.6",2,0,11,13,15.3846153846154,2
"RP11-1055B8.7",2,0,11,13,15.3846153846154,2
"RP11-106M3.1",2,4,3,9,22.2222222222222,6
"RP11-106M3.2",2,4,3,9,22.2222222222222,6
"RP11-1070N10.3",2,1,3,6,33.3333333333333,3
"RP11-107N15.1",2,1,14,17,11.7647058823529,3
"RP11-1085N6.2",2,2,6,10,20,4
"RP11-1094M14.7",2,0,6,8,25,2
"RP11-109G23.1",2,2,13,17,11.7647058823529,4
"RP11-109G23.3",2,2,13,17,11.7647058823529,4
"RP11-10J21.6",2,1,1,4,50,3
"RP11-112H10.4",2,4,7,13,15.3846153846154,6
"RP11-1148O4.2",2,0,9,11,18.1818181818182,2
"RP11-114H23.1",2,1,4,7,28.5714285714286,3
"RP11-114H23.2",2,1,4,7,28.5714285714286,3
"RP11-114H23.3",2,1,4,7,28.5714285714286,3
"RP11-116G8.5",2,3,2,7,28.5714285714286,5
"RP11-119B16.2",2,1,4,7,28.5714285714286,3
"RP11-122G18.5",2,0,2,4,50,2
"RP11-123B3.2",2,0,9,11,18.1818181818182,2
"RP11-127B20.3",2,0,8,10,20,2
"RP11-1299A16.3",2,0,8,10,20,2
"RP11-131L23.1",2,0,2,4,50,2
"RP11-133K1.1",2,2,19,23,8.69565217391304,4
"RP11-133K1.6",2,2,19,23,8.69565217391304,4
"RP11-133N21.10",2,1,5,8,25,3
"RP11-138E2.1",2,0,10,12,16.6666666666667,2
"RP11-143J12.2",2,1,2,5,40,3
"RP11-143K11.5",2,1,31,34,5.88235294117647,3
"RP11-144L1.4",2,0,19,21,9.52380952380952,2
"RP11-148K1.10",2,0,6,8,25,2
"RP11-148K1.12",2,0,8,10,20,2
"RP11-148O21.2",2,3,25,30,6.66666666666667,5
"RP11-148O21.3",2,3,25,30,6.66666666666667,5
"RP11-148O21.4",2,3,25,30,6.66666666666667,5
"RP11-148O21.6",2,3,25,30,6.66666666666667,5
"RP11-149I23.3",2,0,2,4,50,2
"RP11-158H5.7",2,0,10,12,16.6666666666667,2
"RP11-159M11.2",2,1,2,5,40,3
"RP11-15A1.7",2,1,5,8,25,3
"RP11-160H22.5",2,3,1,6,33.3333333333333,5
"RP11-165F24.3",2,1,12,15,13.3333333333333,3
"RP11-168K11.2",2,1,21,24,8.33333333333333,3
"RP11-16B13.1",2,1,6,9,22.2222222222222,3
"RP11-173P15.5",2,0,24,26,7.69230769230769,2
"RP11-174O3.3",2,0,9,11,18.1818181818182,2
"RP11-17M16.1",2,3,44,49,4.08163265306122,5
"RP11-180K7.1",2,0,14,16,12.5,2
"RP11-182N22.8",2,1,15,18,11.1111111111111,3
"RP11-184I16.4",2,0,5,7,28.5714285714286,2
"RP11-187A9.3",2,2,10,14,14.2857142857143,4
"RP11-191A15.4",2,3,39,44,4.54545454545455,5
"RP11-191G24.1",2,4,11,17,11.7647058823529,6
"RP11-196H14.3",2,3,3,8,25,5
"RP11-1H15.2",2,0,8,10,20,2
"RP11-203F10.5",2,0,9,11,18.1818181818182,2
"RP11-204L24.2",2,0,8,10,20,2
"RP11-209D14.2",2,5,20,27,7.40740740740741,7
"RP11-20B24.3",2,0,4,6,33.3333333333333,2
"RP11-216B9.6",2,1,7,10,20,3
"RP11-219B4.6",2,3,10,15,13.3333333333333,5
"RP11-21A7A.3",2,0,5,7,28.5714285714286,2
"RP11-21C4.1",2,1,0,3,66.6666666666667,3
"RP11-21J18.1",2,1,5,8,25,3
"RP11-225N10.1",2,3,12,17,11.7647058823529,5
"RP11-22N19.2",2,1,7,10,20,3
"RP11-233G1.4",2,1,11,14,14.2857142857143,3
"RP11-239H6.2",2,3,22,27,7.40740740740741,5
"RP11-241G9.3",2,2,7,11,18.1818181818182,4
"RP11-24C3.2",2,1,18,21,9.52380952380952,3
"RP11-25B7.1",2,0,7,9,22.2222222222222,2
"RP11-25C19.3",2,1,7,10,20,3
"RP11-264F23.1",2,0,10,12,16.6666666666667,2
"RP11-267M23.4",2,1,5,8,25,3
"RP11-268J15.5",2,1,7,10,20,3
"RP11-273B20.1",2,0,8,10,20,2
"RP11-274B18.4",2,2,15,19,10.5263157894737,4
"RP11-277B15.3",2,0,6,8,25,2
"RP11-277J6.2",2,2,6,10,20,4
"RP11-27M24.1",2,4,14,20,10,6
"RP11-283G6.4",2,3,8,13,15.3846153846154,5
"RP11-283G6.5",2,2,8,12,16.6666666666667,4
"RP11-284F21.10",2,2,11,15,13.3333333333333,4
"RP11-284F21.9",2,2,11,15,13.3333333333333,4
"RP11-284M14.1",2,3,22,27,7.40740740740741,5
"RP11-286H14.8",2,5,3,10,20,7
"RP11-293A21.1",2,1,9,12,16.6666666666667,3
"RP11-293I14.2",2,3,8,13,15.3846153846154,5
"RP11-295G20.2",2,2,6,10,20,4
"RP11-297A16.2",2,1,26,29,6.89655172413793,3
"RP11-298P3.4",2,0,1,3,66.6666666666667,2
"RP11-307C12.13",2,1,0,3,66.6666666666667,3
"RP11-309L24.2",2,1,5,8,25,3
"RP11-309L24.4",2,1,5,8,25,3
"RP11-309L24.9",2,1,5,8,25,3
"RP11-30K9.6",2,1,19,22,9.09090909090909,3
"RP11-30L15.6",2,1,4,7,28.5714285714286,3
"RP11-320N21.2",2,1,17,20,10,3
"RP11-324L3.5",2,1,3,6,33.3333333333333,3
"RP11-326I11.5",2,1,7,10,20,3
"RP11-331F9.4",2,0,1,3,66.6666666666667,2
"RP11-338C15.5",2,1,12,15,13.3333333333333,3
"RP11-33I11.2",2,1,7,10,20,3
"RP11-33N16.3",2,0,3,5,40,2
"RP11-343P9.1",2,0,8,10,20,2
"RP11-348H3.4",2,0,2,4,50,2
"RP11-348H3.5",2,0,2,4,50,2
"RP11-34F13.2",2,1,7,10,20,3
"RP11-34F13.3",2,1,7,10,20,3
"RP11-350F16.1",2,2,4,8,25,4
"RP11-350N15.3",2,1,15,18,11.1111111111111,3
"RP11-353N14.2",2,1,5,8,25,3
"RP11-353N14.3",2,1,5,8,25,3
"RP11-358B23.1",2,3,18,23,8.69565217391304,5
"RP11-359D14.2",2,2,18,22,9.09090909090909,4
"RP11-359M6.1",2,1,7,10,20,3
"RP11-360F5.1",2,0,18,20,10,2
"RP11-360F5.3",2,0,18,20,10,2
"RP11-361L15.4",2,1,2,5,40,3
"RP11-361M10.4",2,0,1,3,66.6666666666667,2
"RP11-367G6.3",2,1,6,9,22.2222222222222,3
"RP11-36B15.1",2,0,6,8,25,2
"RP11-36N20.1",2,1,3,6,33.3333333333333,3
"RP11-372E1.4",2,1,4,7,28.5714285714286,3
"RP11-375N15.2",2,0,5,7,28.5714285714286,2
"RP11-377G16.2",2,1,8,11,18.1818181818182,3
"RP11-378A13.1",2,2,11,15,13.3333333333333,4
"RP11-379H18.1",2,3,14,19,10.5263157894737,5
"RP11-379K17.4",2,1,10,13,15.3846153846154,3
"RP11-381K20.2",2,0,11,13,15.3846153846154,2
"RP11-382D12.2",2,3,9,14,14.2857142857143,5
"RP11-38J22.3",2,2,15,19,10.5263157894737,4
"RP11-390E23.6",2,6,15,23,8.69565217391304,8
"RP11-390K5.6",2,2,16,20,10,4
"RP11-390P2.4",2,0,1,3,66.6666666666667,2
"RP11-392B6.1",2,0,0,2,100,2
"RP11-395B7.7",2,0,3,5,40,2
"RP11-399K21.10",2,4,5,11,18.1818181818182,6
"RP11-399K21.11",2,4,5,11,18.1818181818182,6
"RP11-401P9.6",2,0,8,10,20,2
"RP11-404E16.1",2,6,25,33,6.06060606060606,8
"RP11-412D9.4",2,1,11,14,14.2857142857143,3
"RP11-421L21.3",2,1,18,21,9.52380952380952,3
"RP11-422N16.3",2,2,5,9,22.2222222222222,4
"RP11-425A23.1",2,0,4,6,33.3333333333333,2
"RP11-432J24.3",2,0,8,10,20,2
"RP11-433M22.1",2,0,2,4,50,2
"RP11-439L18.3",2,2,3,7,28.5714285714286,4
"RP11-440G5.2",2,3,25,30,6.66666666666667,5
"RP11-442H21.2",2,1,3,6,33.3333333333333,3
"RP11-445F12.1",2,1,15,18,11.1111111111111,3
"RP11-449H11.1",2,1,11,14,14.2857142857143,3
"RP11-44M6.3",2,0,13,15,13.3333333333333,2
"RP11-44N11.2",2,0,8,10,20,2
"RP11-44N11.3",2,0,8,10,20,2
"RP11-44N21.4",2,2,9,13,15.3846153846154,4
"RP11-455G16.1",2,1,8,11,18.1818181818182,3
"RP11-468E2.4",2,0,15,17,11.7647058823529,2
"RP11-474N8.5",2,2,14,18,11.1111111111111,4
"RP11-474P2.2",2,3,17,22,9.09090909090909,5
"RP11-481A20.4",2,0,13,15,13.3333333333333,2
"RP11-483I13.5",2,1,2,5,40,3
"RP11-486A14.2",2,4,32,38,5.26315789473684,6
"RP11-493P1.2",2,0,7,9,22.2222222222222,2
"RP11-49G10.3",2,0,2,4,50,2
"RP11-501J20.5",2,3,7,12,16.6666666666667,5
"RP11-503N18.1",2,0,3,5,40,2
"RP11-503N18.3",2,0,2,4,50,2
"RP11-505P4.6",2,4,19,25,8,6
"RP11-506O24.1",2,5,12,19,10.5263157894737,7
"RP11-50E11.2",2,5,27,34,5.88235294117647,7
"RP11-50E11.3",2,5,27,34,5.88235294117647,7
"RP11-513D5.2",2,0,2,4,50,2
"RP11-513G19.1",2,2,8,12,16.6666666666667,4
"RP11-517H2.6",2,2,21,25,8,4
"RP11-523O18.1",2,2,12,16,12.5,4
"RP11-528I4.2",2,0,8,10,20,2
"RP11-52M17.1",2,2,9,13,15.3846153846154,4
"RP11-530C5.1",2,3,11,16,12.5,5
"RP11-530C5.2",2,2,4,8,25,4
"RP11-533E19.7",2,0,6,8,25,2
"RP11-539E17.5",2,0,7,9,22.2222222222222,2
"RP11-539G18.2",2,0,6,8,25,2
"RP11-542C16.1",2,2,5,9,22.2222222222222,4
"RP11-542C16.2",2,2,9,13,15.3846153846154,4
"RP11-545N8.3",2,3,15,20,10,5
"RP11-550A5.2",2,3,17,22,9.09090909090909,5
"RP11-553A21.3",2,3,18,23,8.69565217391304,5
"RP11-556I14.1",2,3,17,22,9.09090909090909,5
"RP11-563E2.2",2,1,12,15,13.3333333333333,3
"RP11-563K23.1",2,1,19,22,9.09090909090909,3
"RP11-573D15.3",2,1,7,10,20,3
"RP11-57H12.3",2,4,9,15,13.3333333333333,6
"RP11-582J16.5",2,2,20,24,8.33333333333333,4
"RP11-588G21.2",2,0,3,5,40,2
"RP11-589P10.7",2,0,10,12,16.6666666666667,2
"RP11-58K22.4",2,7,9,18,11.1111111111111,9
"RP11-58K22.5",2,7,9,18,11.1111111111111,9
"RP11-598F7.4",2,0,3,5,40,2
"RP11-59N23.3",2,0,2,4,50,2
"RP11-59O6.3",2,0,6,8,25,2
"RP11-603J24.17",2,0,8,10,20,2
"RP11-60I3.5",2,0,17,19,10.5263157894737,2
"RP11-611E13.2",2,3,6,11,18.1818181818182,5
"RP11-612J15.3",2,0,6,8,25,2
"RP11-613C6.2",2,1,7,10,20,3
"RP11-613D13.5",2,2,10,14,14.2857142857143,4
"RP11-613M10.9",2,5,20,27,7.40740740740741,7
"RP11-61E11.1",2,1,20,23,8.69565217391304,3
"RP11-61J19.4",2,1,7,10,20,3
"RP11-621L6.3",2,0,3,5,40,2
"RP11-624M8.1",2,3,18,23,8.69565217391304,5
"RP11-625L16.3",2,4,7,13,15.3846153846154,6
"RP11-629O1.2",2,1,11,14,14.2857142857143,3
"RP11-638I2.8",2,0,7,9,22.2222222222222,2
"RP11-649A18.12",2,0,0,2,100,2
"RP11-649E7.5",2,3,7,12,16.6666666666667,5
"RP11-659E9.2",2,3,9,14,14.2857142857143,5
"RP11-659E9.4",2,5,21,28,7.14285714285714,7
"RP11-666F17.1",2,2,9,13,15.3846153846154,4
"RP11-679C8.2",2,2,11,15,13.3333333333333,4
"RP11-688I9.2",2,3,16,21,9.52380952380952,5
"RP11-697H9.2",2,0,8,10,20,2
"RP11-697H9.3",2,0,2,4,50,2
"RP11-697H9.4",2,0,8,10,20,2
"RP11-6J24.6",2,0,3,5,40,2
"RP11-715G15.1",2,1,14,17,11.7647058823529,3
"RP11-723D22.3",2,2,6,10,20,4
"RP11-731C17.1",2,2,8,12,16.6666666666667,4
"RP11-732A19.1",2,0,10,12,16.6666666666667,2
"RP11-732A19.8",2,1,18,21,9.52380952380952,3
"RP11-739L10.1",2,0,4,6,33.3333333333333,2
"RP11-744N12.3",2,0,16,18,11.1111111111111,2
"RP11-74C1.2",2,3,23,28,7.14285714285714,5
"RP11-74C13.3",2,2,6,10,20,4
"RP11-755B10.2",2,3,4,9,22.2222222222222,5
"RP11-761B3.1",2,5,26,33,6.06060606060606,7
"RP11-79P5.5",2,0,2,4,50,2
"RP11-7O11.3",2,3,9,14,14.2857142857143,5
"RP11-816J6.3",2,0,2,4,50,2
"RP11-81H14.2",2,6,15,23,8.69565217391304,8
"RP11-82C23.2",2,3,15,20,10,5
"RP11-830F9.6",2,3,17,22,9.09090909090909,5
"RP11-830F9.7",2,3,17,22,9.09090909090909,5
"RP11-831H9.11",2,0,7,9,22.2222222222222,2
"RP11-831H9.3",2,0,13,15,13.3333333333333,2
"RP11-839D17.3",2,1,11,14,14.2857142857143,3
"RP11-84C10.4",2,1,18,21,9.52380952380952,3
"RP11-84G21.1",2,2,5,9,22.2222222222222,4
"RP11-856F16.2",2,0,0,2,100,2
"RP11-85O21.5",2,1,14,17,11.7647058823529,3
"RP11-863H1.1",2,0,5,7,28.5714285714286,2
"RP11-867G23.12",2,1,3,6,33.3333333333333,3
"RP11-87E22.2",2,5,16,23,8.69565217391304,7
"RP11-895M11.2",2,0,6,8,25,2
"RP11-895M11.3",2,0,6,8,25,2
"RP11-902B17.1",2,1,9,12,16.6666666666667,3
"RP11-90K17.2",2,1,11,14,14.2857142857143,3
"RP11-91I20.4",2,0,5,7,28.5714285714286,2
"RP11-933H2.4",2,1,1,4,50,3
"RP11-93B14.4",2,1,7,10,20,3
"RP11-93B14.5",2,0,9,11,18.1818181818182,2
"RP11-93B14.6",2,0,2,4,50,2
"RP11-944C7.1",2,1,2,5,40,3
"RP11-967K21.1",2,1,12,15,13.3333333333333,3
"RP11-96H19.1",2,3,17,22,9.09090909090909,5
"RP11-96O20.4",2,8,15,25,8,10
"RP11-973D8.4",2,1,6,9,22.2222222222222,3
"RP11-977B10.2",2,0,8,10,20,2
"RP11-977G19.14",2,0,11,13,15.3846153846154,2
"RP11-98C1.1",2,3,6,11,18.1818181818182,5
"RP13-143G15.4",2,1,3,6,33.3333333333333,3
"RP13-235E23.1",2,1,7,10,20,3
"RP13-270P17.3",2,0,10,12,16.6666666666667,2
"RP13-516M14.2",2,1,6,9,22.2222222222222,3
"RP13-766D20.1",2,0,9,11,18.1818181818182,2
"RP13-766D20.2",2,0,11,13,15.3846153846154,2
"RP3-322G13.7",2,1,25,28,7.14285714285714,3
"RP3-335N17.2",2,0,1,3,66.6666666666667,2
"RP3-425P12.5",2,1,6,9,22.2222222222222,3
"RP3-467N11.1",2,0,3,5,40,2
"RP3-483K16.4",2,2,23,27,7.40740740740741,4
"RP3-486I3.4",2,2,13,17,11.7647058823529,4
"RP3-486I3.5",2,1,6,9,22.2222222222222,3
"RP3-486I3.7",2,2,13,17,11.7647058823529,4
"RP3-510L9.1",2,0,21,23,8.69565217391304,2
"RP4-533D7.4",2,1,10,13,15.3846153846154,3
"RP4-614O4.11",2,0,14,16,12.5,2
"RP4-622L5.7",2,1,11,14,14.2857142857143,3
"RP4-639F20.1",2,2,8,12,16.6666666666667,4
"RP4-676L2.1",2,3,41,46,4.34782608695652,5
"RP4-717I23.3",2,1,3,6,33.3333333333333,3
"RP4-753F5.1",2,0,14,16,12.5,2
"RP4-758J18.10",2,0,1,3,66.6666666666667,2
"RP4-761J14.9",2,1,6,9,22.2222222222222,3
"RP4-800G7.1",2,0,1,3,66.6666666666667,2
"RP4-800G7.2",2,1,9,12,16.6666666666667,3
"RP5-1029K10.2",2,2,17,21,9.52380952380952,4
"RP5-1057I20.2",2,0,7,9,22.2222222222222,2
"RP5-1073O3.2",2,0,4,6,33.3333333333333,2
"RP5-1096J16.1",2,0,5,7,28.5714285714286,2
"RP5-1115A15.2",2,0,11,13,15.3846153846154,2
"RP5-1119A7.10",2,3,30,35,5.71428571428571,5
"RP5-1120P11.1",2,1,20,23,8.69565217391304,3
"RP5-855F16.1",2,1,5,8,25,3
"RP5-864K19.4",2,1,13,16,12.5,3
"RP5-890E16.2",2,0,3,5,40,2
"RP5-915N17.3",2,1,12,15,13.3333333333333,3
"RP5-919F19.5",2,0,4,6,33.3333333333333,2
"RP5-943J3.2",2,0,16,18,11.1111111111111,2
"RP5-966M1.6",2,0,8,10,20,2
"RP5-971N18.3",2,0,6,8,25,2
"RP5-973M2.2",2,3,7,12,16.6666666666667,5
"RP5-997D24.3",2,0,8,10,20,2
"RPGRIP1L",2,0,3,5,40,2
"RPL13A",2,0,2,4,50,2
"RPL13P5",2,2,7,11,18.1818181818182,4
"RPL17",2,0,6,8,25,2
"RPL22",2,3,26,31,6.45161290322581,5
"RPL31P28",2,2,23,27,7.40740740740741,4
"RPL31P52",2,0,9,11,18.1818181818182,2
"RPL32P3",2,0,1,3,66.6666666666667,2
"RPL36AL",2,3,7,12,16.6666666666667,5
"RPL41",2,0,8,10,20,2
"RPL5",2,2,3,7,28.5714285714286,4
"RPL7",2,4,21,27,7.40740740740741,6
"RPLP0",2,1,19,22,9.09090909090909,3
"RPN2",2,0,1,3,66.6666666666667,2
"RPS11P6",2,5,16,23,8.69565217391304,7
"RPS15AP11",2,1,1,4,50,3
"RPS28",2,0,0,2,100,2
"RPS29",2,3,3,8,25,5
"RPS4XP13",2,0,4,6,33.3333333333333,2
"RPS6",2,0,6,8,25,2
"RPS8",2,1,2,5,40,3
"RRAGC",2,1,13,16,12.5,3
"RREB1",2,1,17,20,10,3
"RRM2",2,1,27,30,6.66666666666667,3
"RRP8",2,1,13,16,12.5,3
"RSBN1",2,0,4,6,33.3333333333333,2
"RSPH3",2,2,7,11,18.1818181818182,4
"RSPH4A",2,2,4,8,25,4
"RSPH9",2,2,14,18,11.1111111111111,4
"RTFDC1",2,1,18,21,9.52380952380952,3
"RTTN",2,4,43,49,4.08163265306122,6
"RWDD1",2,2,9,13,15.3846153846154,4
"RWDD3",2,4,9,15,13.3333333333333,6
"RXRB",2,1,5,8,25,3
"S100A2",2,1,4,7,28.5714285714286,3
"SAMM50",2,0,13,15,13.3333333333333,2
"SAMSN1",2,1,10,13,15.3846153846154,3
"SAP25",2,0,13,15,13.3333333333333,2
"SARS",2,2,10,14,14.2857142857143,4
"SARS2",2,1,3,6,33.3333333333333,3
"SART3",2,0,6,8,25,2
"SBSN",2,0,20,22,9.09090909090909,2
"SCAF8",2,4,12,18,11.1111111111111,6
"SCARF1",2,0,6,8,25,2
"SCARNA10",2,1,10,13,15.3846153846154,3
"SCARNA11.3",2,0,5,7,28.5714285714286,2
"SCARNA15.2",2,1,2,5,40,3
"SCARNA17.3",2,1,7,10,20,3
"SCARNA18",2,1,17,20,10,3
"SCARNA18.5",2,1,7,10,20,3
"SCHIP1",2,0,3,5,40,2
"SCLT1",2,2,15,19,10.5263157894737,4
"SCN1B",2,0,5,7,28.5714285714286,2
"SCNN1G",2,1,10,13,15.3846153846154,3
"SCPEP1",2,0,2,4,50,2
"SCRG1",2,2,5,9,22.2222222222222,4
"SCRN2",2,0,8,10,20,2
"SCUBE3",2,0,2,4,50,2
"SDCCAG8",2,3,8,13,15.3846153846154,5
"SDHB",2,1,28,31,6.45161290322581,3
"SDK2",2,2,6,10,20,4
"SDS",2,3,20,25,8,5
"SDSL",2,3,20,25,8,5
"SEC16A",2,2,12,16,12.5,4
"SEC1P",2,0,12,14,14.2857142857143,2
"SEC23IP",2,2,4,8,25,4
"SEC62",2,1,12,15,13.3333333333333,3
"SECISBP2L",2,2,9,13,15.3846153846154,4
"SEMA7A",2,0,15,17,11.7647058823529,2
"SENP1",2,1,8,11,18.1818181818182,3
"SENP3",2,0,2,4,50,2
"SENP5",2,0,3,5,40,2
"SEPT1",2,2,9,13,15.3846153846154,4
"SEPT2",2,0,9,11,18.1818181818182,2
"SERINC5",2,0,12,14,14.2857142857143,2
"SERTAD2",2,2,23,27,7.40740740740741,4
"SERTAD3",2,1,6,9,22.2222222222222,3
"SESN2",2,0,0,2,100,2
"SESN3",2,0,16,18,11.1111111111111,2
"SESTD1",2,5,20,27,7.40740740740741,7
"SETD9",2,8,17,27,7.40740740740741,10
"SF3A3",2,0,4,6,33.3333333333333,2
"SF3B3",2,2,25,29,6.89655172413793,4
"SFN",2,0,9,11,18.1818181818182,2
"SFXN2",2,0,6,8,25,2
"SGCB",2,1,6,9,22.2222222222222,3
"SGMS1",2,5,27,34,5.88235294117647,7
"SGPP2",2,0,5,7,28.5714285714286,2
"SGTB",2,6,11,19,10.5263157894737,8
"SH2D4A",2,0,5,7,28.5714285714286,2
"SH2D7",2,0,1,3,66.6666666666667,2
"SH3BGRL2",2,3,9,14,14.2857142857143,5
"SH3D21",2,1,7,10,20,3
"SHB",2,5,20,27,7.40740740740741,7
"SHF",2,5,14,21,9.52380952380952,7
"SHQ1",2,0,12,14,14.2857142857143,2
"SHROOM1",2,0,9,11,18.1818181818182,2
"SIAE",2,2,7,11,18.1818181818182,4
"SIDT1",2,0,4,6,33.3333333333333,2
"SIDT1-AS1",2,0,3,5,40,2
"SIRT1",2,4,18,24,8.33333333333333,6
"SIRT2",2,1,3,6,33.3333333333333,3
"SIRT4",2,0,5,7,28.5714285714286,2
"SKI",2,1,13,16,12.5,3
"SKOR1",2,1,7,10,20,3
"SLC10A4",2,1,17,20,10,3
"SLC12A2",2,1,4,7,28.5714285714286,3
"SLC14A1",2,1,4,7,28.5714285714286,3
"SLC15A4",2,6,32,40,5,8
"SLC16A3",2,1,6,9,22.2222222222222,3
"SLC16A7",2,2,13,17,11.7647058823529,4
"SLC18A2",2,3,7,12,16.6666666666667,5
"SLC18B1",2,4,12,18,11.1111111111111,6
"SLC20A1",2,0,24,26,7.69230769230769,2
"SLC22A12",2,0,7,9,22.2222222222222,2
"SLC22A15",2,1,4,7,28.5714285714286,3
"SLC25A11",2,2,4,8,25,4
"SLC25A19",2,0,0,2,100,2
"SLC25A24",2,1,2,5,40,3
"SLC25A29",2,0,5,7,28.5714285714286,2
"SLC25A31",2,1,2,5,40,3
"SLC25A36",2,0,5,7,28.5714285714286,2
"SLC25A47",2,0,7,9,22.2222222222222,2
"SLC26A10",2,4,10,16,12.5,6
"SLC26A8",2,0,6,8,25,2
"SLC28A1",2,1,14,17,11.7647058823529,3
"SLC29A1",2,3,13,18,11.1111111111111,5
"SLC2A1",2,0,2,4,50,2
"SLC2A1-AS1",2,0,2,4,50,2
"SLC2A13",2,3,6,11,18.1818181818182,5
"SLC2A2",2,0,3,5,40,2
"SLC2A4",2,1,6,9,22.2222222222222,3
"SLC35B1",2,3,24,29,6.89655172413793,5
"SLC35G2",2,2,8,12,16.6666666666667,4
"SLC38A2",2,3,17,22,9.09090909090909,5
"SLC39A2",2,1,18,21,9.52380952380952,3
"SLC39A7",2,1,5,8,25,3
"SLC39A9",2,0,11,13,15.3846153846154,2
"SLC44A2",2,0,3,5,40,2
"SLC44A3",2,3,21,26,7.69230769230769,5
"SLC45A1",2,5,21,28,7.14285714285714,7
"SLC4A2",2,0,9,11,18.1818181818182,2
"SLC4A5",2,0,8,10,20,2
"SLC4A8",2,0,3,5,40,2
"SLC4A9",2,0,24,26,7.69230769230769,2
"SLC8B1",2,0,12,14,14.2857142857143,2
"SLC9A2",2,1,13,16,12.5,3
"SLC9A8",2,0,17,19,10.5263157894737,2
"SLC9B2",2,4,19,25,8,6
"SLCO4A1",2,0,9,11,18.1818181818182,2
"SLFN13",2,0,6,8,25,2
"SLIRP",2,1,14,17,11.7647058823529,3
"SLMO2",2,1,6,9,22.2222222222222,3
"SLTM",2,2,22,26,7.69230769230769,4
"SMAD5",2,2,5,9,22.2222222222222,4
"SMAD5-AS1",2,2,5,9,22.2222222222222,4
"SMAP2",2,1,14,17,11.7647058823529,3
"SMC3",2,4,24,30,6.66666666666667,6
"SMC6",2,0,20,22,9.09090909090909,2
"SMCHD1",2,2,6,10,20,4
"SMG5",2,2,12,16,12.5,4
"SMG7",2,4,6,12,16.6666666666667,6
"SMG7-AS1",2,4,6,12,16.6666666666667,6
"SMG9",2,0,6,8,25,2
"SMIM14",2,0,6,8,25,2
"SMTNL1",2,0,4,6,33.3333333333333,2
"SNAI3-AS1",2,0,3,5,40,2
"SNAPC5",2,1,2,5,40,3
"SNAPIN",2,1,10,13,15.3846153846154,3
"SNHG16",2,0,3,5,40,2
"SNHG3",2,0,1,3,66.6666666666667,2
"snoR442.1",2,1,2,5,40,3
"SNORA12.1",2,4,6,12,16.6666666666667,6
"SNORA13",2,4,13,19,10.5263157894737,6
"SNORA19",2,7,14,23,8.69565217391304,9
"SNORA19.1",2,6,12,20,10,8
"SNORA30.1",2,0,19,21,9.52380952380952,2
"SNORA4.3",2,6,25,33,6.06060606060606,8
"SNORA40.1",2,2,8,12,16.6666666666667,4
"SNORA40.13",2,0,8,10,20,2
"SNORA41",2,2,7,11,18.1818181818182,4
"SNORA42",2,5,25,32,6.25,7
"SNORA48.11",2,0,8,10,20,2
"SNORA48.5",2,2,10,14,14.2857142857143,4
"SNORA50",2,8,18,28,7.14285714285714,10
"SNORA51.7",2,0,8,10,20,2
"SNORA53",2,3,19,24,8.33333333333333,5
"SNORA57",2,0,7,9,22.2222222222222,2
"SNORA63.2",2,1,9,12,16.6666666666667,3
"SNORA63.4",2,1,2,5,40,3
"SNORA63.8",2,1,13,16,12.5,3
"SNORA67.4",2,0,11,13,15.3846153846154,2
"SNORA7.3",2,1,14,17,11.7647058823529,3
"SNORA70.15",2,1,4,7,28.5714285714286,3
"SNORA71.1",2,0,4,6,33.3333333333333,2
"SNORA72.3",2,0,3,5,40,2
"SNORA72.5",2,0,7,9,22.2222222222222,2
"SNORA73B",2,0,1,3,66.6666666666667,2
"SNORA77.1",2,0,11,13,15.3846153846154,2
"SNORA7B",2,0,1,3,66.6666666666667,2
"SNORA8.1",2,0,9,11,18.1818181818182,2
"SNORA84",2,1,8,11,18.1818181818182,3
"SNORD111",2,4,35,41,4.8780487804878,6
"SNORD111.1",2,0,9,11,18.1818181818182,2
"SNORD111B",2,2,19,23,8.69565217391304,4
"SNORD112.16",2,1,22,25,8,3
"SNORD112.30",2,1,9,12,16.6666666666667,3
"SNORD112.40",2,2,21,25,8,4
"SNORD112.42",2,0,6,8,25,2
"SNORD14D",2,0,3,5,40,2
"SNORD1B",2,0,3,5,40,2
"SNORD2",2,3,11,16,12.5,5
"SNORD32A",2,0,2,4,50,2
"SNORD33",2,0,2,4,50,2
"SNORD34",2,0,2,4,50,2
"SNORD35A",2,0,2,4,50,2
"SNORD38A",2,1,2,5,40,3
"SNORD38B",2,1,1,4,50,3
"SNORD46",2,1,2,5,40,3
"SNORD52",2,0,16,18,11.1111111111111,2
"SNORD54",2,1,2,5,40,3
"SNORD58.1",2,9,18,29,6.89655172413793,11
"SNORD58C",2,0,3,5,40,2
"SNORD62A",2,2,9,13,15.3846153846154,4
"SNORD62B",2,2,9,13,15.3846153846154,4
"SNORD69",2,2,13,17,11.7647058823529,4
"SNORD77.4",2,6,23,31,6.45161290322581,8
"SNORD88.1",2,0,5,7,28.5714285714286,2
"SNORD89",2,2,16,20,10,4
"SNORD93",2,1,11,14,14.2857142857143,3
"SNORD98",2,8,9,19,10.5263157894737,10
"snoU13.1",2,1,18,21,9.52380952380952,3
"snoU13.129",2,2,14,18,11.1111111111111,4
"snoU13.18",2,0,2,4,50,2
"snoU13.183",2,2,19,23,8.69565217391304,4
"snoU13.189",2,1,10,13,15.3846153846154,3
"snoU13.2",2,1,11,14,14.2857142857143,3
"snoU13.200",2,2,6,10,20,4
"snoU13.242",2,1,12,15,13.3333333333333,3
"snoU13.257",2,5,7,14,14.2857142857143,7
"snoU13.259",2,0,1,3,66.6666666666667,2
"snoU13.26",2,2,6,10,20,4
"snoU13.268",2,2,14,18,11.1111111111111,4
"snoU13.29",2,6,12,20,10,8
"snoU13.293",2,0,9,11,18.1818181818182,2
"snoU13.303",2,3,18,23,8.69565217391304,5
"snoU13.305",2,0,5,7,28.5714285714286,2
"snoU13.315",2,0,8,10,20,2
"snoU13.324",2,1,7,10,20,3
"snoU13.351",2,0,16,18,11.1111111111111,2
"snoU13.361",2,1,14,17,11.7647058823529,3
"snoU13.439",2,1,1,4,50,3
"snoU13.441",2,0,6,8,25,2
"snoU13.452",2,1,13,16,12.5,3
"snoU13.67",2,1,6,9,22.2222222222222,3
"snoU13.79",2,3,18,23,8.69565217391304,5
"snoU13.85",2,0,2,4,50,2
"snoU13.91",2,1,2,5,40,3
"snoU13.95",2,1,11,14,14.2857142857143,3
"SNRNP27",2,5,24,31,6.45161290322581,7
"SNRNP48",2,1,20,23,8.69565217391304,3
"SNUPN",2,1,3,6,33.3333333333333,3
"SNW1",2,1,14,17,11.7647058823529,3
"SNX18",2,5,33,40,5,7
"SNX24",2,9,22,33,6.06060606060606,11
"SNX27",2,6,25,33,6.06060606060606,8
"SNX33",2,2,7,11,18.1818181818182,4
"SNX6",2,1,7,10,20,3
"SOCS5",2,2,4,8,25,4
"SOCS7",2,1,2,5,40,3
"SORBS1",2,7,21,30,6.66666666666667,9
"SOX13",2,0,3,5,40,2
"SP1",2,1,4,7,28.5714285714286,3
"SP4",2,0,2,4,50,2
"SPA17",2,2,7,11,18.1818181818182,4
"SPA17P1",2,1,3,6,33.3333333333333,3
"SPAG1",2,0,16,18,11.1111111111111,2
"SPAG6",2,0,7,9,22.2222222222222,2
"SPAG8",2,0,1,3,66.6666666666667,2
"SPARC",2,3,19,24,8.33333333333333,5
"SPATA25",2,0,2,4,50,2
"SPATA7",2,1,19,22,9.09090909090909,3
"SPDL1",2,2,8,12,16.6666666666667,4
"SPECC1",2,5,20,27,7.40740740740741,7
"SPEM1",2,2,5,9,22.2222222222222,4
"SPG20",2,8,9,19,10.5263157894737,10
"SPG20OS",2,6,8,16,12.5,8
"SPG7",2,1,10,13,15.3846153846154,3
"SPINK14",2,5,17,24,8.33333333333333,7
"SPSB2",2,2,8,12,16.6666666666667,4
"SPTSSA",2,0,3,5,40,2
"SPZ1",2,0,5,7,28.5714285714286,2
"SQSTM1",2,0,6,8,25,2
"SRD5A1",2,4,18,24,8.33333333333333,6
"SRD5A3",2,1,14,17,11.7647058823529,3
"SRGAP1",2,0,0,2,100,2
"SRP14",2,2,18,22,9.09090909090909,4
"SRP14-AS1",2,2,18,22,9.09090909090909,4
"SRP19",2,8,23,33,6.06060606060606,10
"SRP9",2,1,10,13,15.3846153846154,3
"SRSF1",2,0,15,17,11.7647058823529,2
"SRSF3",2,0,7,9,22.2222222222222,2
"SSTR2",2,1,31,34,5.88235294117647,3
"SSX2IP",2,2,17,21,9.52380952380952,4
"ST13",2,1,1,4,50,3
"ST14",2,0,6,8,25,2
"ST18",2,0,5,7,28.5714285714286,2
"ST3GAL1",2,1,11,14,14.2857142857143,3
"ST8SIA6",2,2,6,10,20,4
"STAG3",2,0,4,6,33.3333333333333,2
"STAG3L5P-PVRIG2P-PILRB",2,0,4,6,33.3333333333333,2
"STARD10",2,0,13,15,13.3333333333333,2
"STARD6",2,1,11,14,14.2857142857143,3
"STAT2",2,1,8,11,18.1818181818182,3
"STIM2",2,2,11,15,13.3333333333333,4
"STK17A",2,2,16,20,10,4
"STK24",2,2,14,18,11.1111111111111,4
"STK24-AS1",2,2,14,18,11.1111111111111,4
"STOML2",2,1,17,20,10,3
"STRN",2,1,1,4,50,3
"STX11",2,1,5,8,25,3
"STX17",2,0,17,19,10.5263157894737,2
"SUB1",2,1,3,6,33.3333333333333,3
"SUCO",2,0,14,16,12.5,2
"SUFU",2,0,15,17,11.7647058823529,2
"SUGCT",2,1,3,6,33.3333333333333,3
"SUN5",2,2,7,11,18.1818181818182,4
"SUSD3",2,2,6,10,20,4
"SYBU",2,2,6,10,20,4
"SYK",2,0,14,16,12.5,2
"SYN2",2,2,12,16,12.5,4
"SYNE2",2,1,5,8,25,3
"SYNGR4",2,0,0,2,100,2
"SYT15",2,6,42,50,4,8
"SYT5",2,1,7,10,20,3
"SZRD1",2,1,13,16,12.5,3
"TAF7",2,0,7,9,22.2222222222222,2
"TAF8",2,0,7,9,22.2222222222222,2
"TAGAP",2,1,15,18,11.1111111111111,3
"TAP2",2,4,11,17,11.7647058823529,6
"TAPBPL",2,1,11,14,14.2857142857143,3
"TARBP1",2,2,4,8,25,4
"TAS2R40",2,1,14,17,11.7647058823529,3
"TAX1BP1",2,0,2,4,50,2
"TBC1D17",2,0,0,2,100,2
"TBC1D2B",2,0,1,3,66.6666666666667,2
"TBC1D4-AS1",2,1,5,8,25,3
"TBC1D9B",2,0,16,18,11.1111111111111,2
"TBP",2,2,12,16,12.5,4
"TCEA1",2,1,4,7,28.5714285714286,3
"TCEANC2",2,1,18,21,9.52380952380952,3
"TCEB1",2,6,18,26,7.69230769230769,8
"TCF7L1",2,7,15,24,8.33333333333333,9
"TCP11",2,0,7,9,22.2222222222222,2
"TCP11L2",2,0,4,6,33.3333333333333,2
"TCTE3",2,1,11,14,14.2857142857143,3
"TDGF1P7",2,0,8,10,20,2
"TDP1",2,0,3,5,40,2
"TDP2",2,1,8,11,18.1818181818182,3
"TEK",2,2,6,10,20,4
"TESK1",2,0,1,3,66.6666666666667,2
"TESK2",2,4,15,21,9.52380952380952,6
"TET2-AS1",2,1,13,16,12.5,3
"TEX14",2,3,3,8,25,5
"TEX22",2,0,6,8,25,2
"TFAM",2,2,11,15,13.3333333333333,4
"TFB2M",2,0,2,4,50,2
"TFEC",2,3,17,22,9.09090909090909,5
"THAP1",2,0,6,8,25,2
"THAP11",2,1,1,4,50,3
"THNSL1",2,2,31,35,5.71428571428571,4
"TIAL1",2,4,7,13,15.3846153846154,6
"TIAM1",2,5,22,29,6.89655172413793,7
"TIGD3",2,1,16,19,10.5263157894737,3
"TIMP4",2,2,12,16,12.5,4
"TINF2",2,1,22,25,8,3
"TK1",2,2,1,5,40,4
"TK2",2,4,18,24,8.33333333333333,6
"TLDC1",2,1,8,11,18.1818181818182,3
"TLE4",2,3,15,20,10,5
"TLR4",2,4,26,32,6.25,6
"TM2D3",2,2,17,21,9.52380952380952,4
"TM4SF20",2,6,15,23,8.69565217391304,8
"TM6SF1",2,3,8,13,15.3846153846154,5
"TMC4",2,1,10,13,15.3846153846154,3
"TMED3",2,0,2,4,50,2
"TMED4",2,2,12,16,12.5,4
"TMED7-TICAM2",2,5,27,34,5.88235294117647,7
"TMEM106C",2,0,6,8,25,2
"TMEM126B",2,1,7,10,20,3
"TMEM131",2,1,16,19,10.5263157894737,3
"TMEM143",2,0,0,2,100,2
"TMEM14A",2,4,20,26,7.69230769230769,6
"TMEM150A",2,3,13,18,11.1111111111111,5
"TMEM163",2,0,9,11,18.1818181818182,2
"TMEM171",2,2,4,8,25,4
"TMEM176A",2,1,7,10,20,3
"TMEM176B",2,1,7,10,20,3
"TMEM184C",2,0,4,6,33.3333333333333,2
"TMEM192",2,2,31,35,5.71428571428571,4
"TMEM194A",2,2,16,20,10,4
"TMEM194B",2,1,12,15,13.3333333333333,3
"TMEM200B",2,0,0,2,100,2
"TMEM222",2,1,8,11,18.1818181818182,3
"TMEM234",2,1,11,14,14.2857142857143,3
"TMEM243",2,0,9,11,18.1818181818182,2
"TMEM252",2,2,15,19,10.5263157894737,4
"TMEM256",2,1,6,9,22.2222222222222,3
"TMEM256-PLSCR3",2,1,6,9,22.2222222222222,3
"TMEM52",2,2,3,7,28.5714285714286,4
"TMEM59",2,1,18,21,9.52380952380952,3
"TMEM70",2,6,18,26,7.69230769230769,8
"TMEM78",2,2,24,28,7.14285714285714,4
"TMEM79",2,2,12,16,12.5,4
"TMEM95",2,2,5,9,22.2222222222222,4
"TMF1",2,1,8,11,18.1818181818182,3
"TMPPE",2,1,12,15,13.3333333333333,3
"TMPRSS11D",2,3,8,13,15.3846153846154,5
"TMPRSS13",2,0,13,15,13.3333333333333,2
"TMPRSS7",2,0,7,9,22.2222222222222,2
"TMSB10",2,1,9,12,16.6666666666667,3
"TMUB1",2,0,8,10,20,2
"TMX2",2,2,3,7,28.5714285714286,4
"TMX2-CTNND1",2,2,3,7,28.5714285714286,4
"TMX4",2,0,6,8,25,2
"TNFRSF11A",2,4,6,12,16.6666666666667,6
"TNFRSF19",2,5,17,24,8.33333333333333,7
"TNFRSF21",2,0,13,15,13.3333333333333,2
"TNFSF13",2,0,2,4,50,2
"TNFSF18",2,0,17,19,10.5263157894737,2
"TNFSF4",2,2,11,15,13.3333333333333,4
"TNIK",2,0,9,11,18.1818181818182,2
"TNKS",2,0,5,7,28.5714285714286,2
"TNPO1",2,8,37,47,4.25531914893617,10
"TNR",2,1,13,16,12.5,3
"TOMM40L",2,1,8,11,18.1818181818182,3
"TOMM6",2,1,18,21,9.52380952380952,3
"TOMM7",2,0,7,9,22.2222222222222,2
"TOP1",2,5,15,22,9.09090909090909,7
"TOP3B",2,0,6,8,25,2
"TOR1AIP1",2,0,6,8,25,2
"TOR3A",2,1,10,13,15.3846153846154,3
"TPBG",2,1,0,3,66.6666666666667,3
"TPI1",2,2,7,11,18.1818181818182,4
"TPM3",2,0,11,13,15.3846153846154,2
"TPR",2,1,7,10,20,3
"TPT1",2,1,2,5,40,3
"TRA2A",2,1,16,19,10.5263157894737,3
"TRABD2A",2,1,16,19,10.5263157894737,3
"TRAF3IP2-AS1",2,5,26,33,6.06060606060606,7
"TRAIP",2,1,3,6,33.3333333333333,3
"TRANK1",2,1,6,9,22.2222222222222,3
"TRAPPC2P1",2,0,3,5,40,2
"TREM2",2,1,2,5,40,3
"TREML1",2,0,3,5,40,2
"TRIAP1",2,0,9,11,18.1818181818182,2
"TRIM25",2,0,0,2,100,2
"TRIM44",2,3,9,14,14.2857142857143,5
"TRIM56",2,0,3,5,40,2
"TRMT10A",2,0,14,16,12.5,2
"TRMT2A",2,0,1,3,66.6666666666667,2
"TRMU",2,0,12,14,14.2857142857143,2
"TSEN15",2,1,4,7,28.5714285714286,3
"TSEN34",2,0,10,12,16.6666666666667,2
"TSEN54",2,0,8,10,20,2
"TSGA10",2,0,2,4,50,2
"TSNAX",2,2,6,10,20,4
"TSNAX-DISC1",2,2,6,10,20,4
"TSPAN17",2,1,9,12,16.6666666666667,3
"TSPAN5",2,0,8,10,20,2
"TSPYL1",2,0,4,6,33.3333333333333,2
"TSPYL4",2,2,13,17,11.7647058823529,4
"TSSC2",2,0,8,10,20,2
"TTBK2",2,1,12,15,13.3333333333333,3
"TTC12",2,1,11,14,14.2857142857143,3
"TTC21A",2,2,20,24,8.33333333333333,4
"TTC31",2,0,8,10,20,2
"TTC36",2,2,7,11,18.1818181818182,4
"TUBA1C",2,0,13,15,13.3333333333333,2
"TUBA8",2,0,6,8,25,2
"TUBE1",2,2,14,18,11.1111111111111,4
"TUBGCP4",2,0,0,2,100,2
"TUBGCP6",2,0,4,6,33.3333333333333,2
"TUG1",2,0,4,6,33.3333333333333,2
"TWISTNB",2,2,12,16,12.5,4
"TXNDC11",2,0,3,5,40,2
"TXNL1",2,0,19,21,9.52380952380952,2
"TXNRD1",2,5,23,30,6.66666666666667,7
"TXNRD2",2,0,1,3,66.6666666666667,2
"TXNRD3NB",2,0,6,8,25,2
"U3.12",2,0,2,4,50,2
"U3.27",2,2,4,8,25,4
"U3.32",2,2,20,24,8.33333333333333,4
"U3.48",2,0,7,9,22.2222222222222,2
"U3.7",2,1,11,14,14.2857142857143,3
"U3.76",2,0,6,8,25,2
"U4.3",2,0,1,3,66.6666666666667,2
"U6.51",2,0,5,7,28.5714285714286,2
"U8.14",2,0,15,17,11.7647058823529,2
"U8.20",2,4,9,15,13.3333333333333,6
"U8.3",2,1,11,14,14.2857142857143,3
"UBE2D1",2,2,10,14,14.2857142857143,4
"UBE2D3",2,3,9,14,14.2857142857143,5
"UBE2H",2,0,2,4,50,2
"UBE2L6",2,0,4,6,33.3333333333333,2
"UBE2O",2,0,11,13,15.3846153846154,2
"UBE2V1",2,0,6,8,25,2
"UBE3D",2,2,15,19,10.5263157894737,4
"UBE4A",2,0,5,7,28.5714285714286,2
"UBR2",2,0,15,17,11.7647058823529,2
"UBR3",2,0,5,7,28.5714285714286,2
"UMODL1",2,1,17,20,10,3
"UNC50",2,1,17,20,10,3
"UNC5A",2,0,14,16,12.5,2
"UPP1",2,0,15,17,11.7647058823529,2
"UQCC2",2,1,3,6,33.3333333333333,3
"UQCRC2",2,0,1,3,66.6666666666667,2
"URB1",2,1,5,8,25,3
"USP18",2,1,3,6,33.3333333333333,3
"USP32",2,0,5,7,28.5714285714286,2
"USP38",2,3,22,27,7.40740740740741,5
"USP49",2,0,5,7,28.5714285714286,2
"USP5",2,2,11,15,13.3333333333333,4
"USP53",2,1,8,11,18.1818181818182,3
"USPL1",2,1,33,36,5.55555555555556,3
"UTP18",2,2,11,15,13.3333333333333,4
"VARS",2,0,10,12,16.6666666666667,2
"VCAN",2,1,17,20,10,3
"VCL",2,0,6,8,25,2
"VCPIP1",2,2,16,20,10,4
"VEPH1",2,0,13,15,13.3333333333333,2
"VEZT",2,3,13,18,11.1111111111111,5
"VIPAS39",2,1,15,18,11.1111111111111,3
"VMP1",2,2,6,10,20,4
"VN2R1P",2,1,12,15,13.3333333333333,3
"VPS26A",2,0,8,10,20,2
"VPS45",2,1,29,32,6.25,3
"VSIG10L",2,0,8,10,20,2
"VWA1",2,0,1,3,66.6666666666667,2
"VWA3A",2,1,2,5,40,3
"VWA3B",2,4,27,33,6.06060606060606,6
"VWA8",2,2,5,9,22.2222222222222,4
"VWCE",2,0,4,6,33.3333333333333,2
"VWF",2,1,24,27,7.40740740740741,3
"WASF1",2,0,1,3,66.6666666666667,2
"WASL",2,6,15,23,8.69565217391304,8
"WBP11",2,2,22,26,7.69230769230769,4
"WDR25",2,0,17,19,10.5263157894737,2
"WDR31",2,1,7,10,20,3
"WDR53",2,0,3,5,40,2
"WDR59",2,4,21,27,7.40740740740741,6
"WDR61",2,5,17,24,8.33333333333333,7
"WDR7",2,0,19,21,9.52380952380952,2
"WDR81",2,3,11,16,12.5,5
"WFDC3",2,6,11,19,10.5263157894737,8
"WFIKKN2",2,2,28,32,6.25,4
"WIBG",2,0,10,12,16.6666666666667,2
"WIF1",2,0,8,10,20,2
"WIPF1",2,1,11,14,14.2857142857143,3
"WNK4",2,0,2,4,50,2
"WNT6",2,0,13,15,13.3333333333333,2
"WSB1",2,0,20,22,9.09090909090909,2
"WWC2",2,4,20,26,7.69230769230769,6
"WWC2-AS2",2,4,10,16,12.5,6
"XPA",2,0,0,2,100,2
"XPNPEP3",2,1,1,4,50,3
"XPO5",2,0,3,5,40,2
"XPO6",2,2,15,19,10.5263157894737,4
"XYLT2",2,0,5,7,28.5714285714286,2
"Y_RNA.116",2,1,7,10,20,3
"Y_RNA.129",2,1,4,7,28.5714285714286,3
"Y_RNA.157",2,0,9,11,18.1818181818182,2
"Y_RNA.188",2,0,3,5,40,2
"Y_RNA.201",2,3,6,11,18.1818181818182,5
"Y_RNA.294",2,0,10,12,16.6666666666667,2
"Y_RNA.353",2,0,4,6,33.3333333333333,2
"Y_RNA.371",2,1,5,8,25,3
"Y_RNA.389",2,0,16,18,11.1111111111111,2
"Y_RNA.418",2,1,14,17,11.7647058823529,3
"Y_RNA.45",2,0,2,4,50,2
"Y_RNA.540",2,1,9,12,16.6666666666667,3
"Y_RNA.588",2,0,10,12,16.6666666666667,2
"Y_RNA.734",2,1,8,11,18.1818181818182,3
"Y_RNA.782",2,1,2,5,40,3
"Y_RNA.807",2,4,18,24,8.33333333333333,6
"YBX2",2,1,6,9,22.2222222222222,3
"YDJC",2,0,6,8,25,2
"YEATS2",2,0,15,17,11.7647058823529,2
"YTHDC2",2,2,21,25,8,4
"YTHDF2",2,1,3,6,33.3333333333333,3
"Z82214.2",2,0,6,8,25,2
"Z98044.1",2,2,16,20,10,4
"Z99756.1",2,0,10,12,16.6666666666667,2
"ZBTB18",2,2,14,18,11.1111111111111,4
"ZBTB38",2,1,10,13,15.3846153846154,3
"ZC2HC1C",2,3,18,23,8.69565217391304,5
"ZC3H10",2,2,11,15,13.3333333333333,4
"ZC3H12D",2,1,11,14,14.2857142857143,3
"ZCCHC2",2,3,8,13,15.3846153846154,5
"ZCWPW1",2,0,13,15,13.3333333333333,2
"ZDHHC17",2,3,8,13,15.3846153846154,5
"ZFAND5",2,7,6,15,13.3333333333333,9
"ZFAND6",2,3,11,16,12.5,5
"ZHX2",2,0,8,10,20,2
"ZIC2",2,2,6,10,20,4
"ZIC5",2,2,6,10,20,4
"ZKSCAN1",2,0,10,12,16.6666666666667,2
"ZKSCAN2",2,0,7,9,22.2222222222222,2
"ZKSCAN3",2,0,16,18,11.1111111111111,2
"ZKSCAN5",2,0,4,6,33.3333333333333,2
"ZMAT2",2,0,14,16,12.5,2
"ZMAT3",2,1,6,9,22.2222222222222,3
"ZMIZ2",2,0,2,4,50,2
"ZMPSTE24",2,0,11,13,15.3846153846154,2
"ZMYM4",2,0,4,6,33.3333333333333,2
"ZNF140",2,1,7,10,20,3
"ZNF165",2,2,12,16,12.5,4
"ZNF195",2,0,8,10,20,2
"ZNF2",2,0,5,7,28.5714285714286,2
"ZNF200",2,0,7,9,22.2222222222222,2
"ZNF22",2,3,18,23,8.69565217391304,5
"ZNF222",2,1,7,10,20,3
"ZNF223",2,2,8,12,16.6666666666667,4
"ZNF229",2,4,11,17,11.7647058823529,6
"ZNF230",2,1,5,8,25,3
"ZNF235",2,4,13,19,10.5263157894737,6
"ZNF24",2,1,12,15,13.3333333333333,3
"ZNF263",2,0,6,8,25,2
"ZNF266",2,1,0,3,66.6666666666667,3
"ZNF271",2,0,10,12,16.6666666666667,2
"ZNF282",2,0,1,3,66.6666666666667,2
"ZNF326",2,4,16,22,9.09090909090909,6
"ZNF335",2,0,3,5,40,2
"ZNF337-AS1",2,1,13,16,12.5,3
"ZNF385C",2,0,6,8,25,2
"ZNF394",2,0,4,6,33.3333333333333,2
"ZNF396",2,0,3,5,40,2
"ZNF397",2,2,21,25,8,4
"ZNF433",2,3,20,25,8,5
"ZNF438",2,1,4,7,28.5714285714286,3
"ZNF444",2,0,3,5,40,2
"ZNF469",2,1,8,11,18.1818181818182,3
"ZNF487",2,0,14,16,12.5,2
"ZNF496",2,2,10,14,14.2857142857143,4
"ZNF503",2,4,5,11,18.1818181818182,6
"ZNF503-AS2",2,4,5,11,18.1818181818182,6
"ZNF514",2,0,5,7,28.5714285714286,2
"ZNF516",2,3,44,49,4.08163265306122,5
"ZNF524",2,0,8,10,20,2
"ZNF527",2,1,16,19,10.5263157894737,3
"ZNF547",2,0,3,5,40,2
"ZNF550",2,0,2,4,50,2
"ZNF561",2,0,2,4,50,2
"ZNF592",2,2,17,21,9.52380952380952,4
"ZNF623",2,0,0,2,100,2
"ZNF628",2,0,8,10,20,2
"ZNF629",2,1,6,9,22.2222222222222,3
"ZNF684",2,0,7,9,22.2222222222222,2
"ZNF740",2,0,7,9,22.2222222222222,2
"ZNF774",2,2,23,27,7.40740740740741,4
"ZNF783",2,1,16,19,10.5263157894737,3
"ZNF789",2,0,5,7,28.5714285714286,2
"ZNF830",2,1,1,4,50,3
"ZNHIT3",2,1,14,17,11.7647058823529,3
"ZNRF1",2,4,21,27,7.40740740740741,6
"ZRANB2",2,7,13,22,9.09090909090909,9
"ZRANB2-AS2",2,6,5,13,15.3846153846154,8
"ZRANB3",2,2,6,10,20,4
"ZSCAN21",2,0,0,2,100,2
"ZSCAN29",2,0,0,2,100,2
"ZSCAN30",2,0,10,12,16.6666666666667,2
"ZSCAN31",2,0,16,18,11.1111111111111,2
"ZYX",2,2,20,24,8.33333333333333,4
