"","nb_enhancer_hyper","nb_enhancer_hypo","nb_enhancer_unchanged","total_enhancers","percent_hyper","DM"
"HNMT",20,8,100,128,15.625,28
"MED13L",17,3,70,90,18.8888888888889,20
"AC010883.5",16,1,66,83,19.2771084337349,17
"RNU2-38P",15,0,64,79,18.9873417721519,15
"ZFP36L2",15,0,49,64,23.4375,15
"PRKCH",13,0,52,65,20,13
"RNU6-958P",13,0,40,53,24.5283018867925,13
"ZNF697",13,0,51,64,20.3125,13
"ADAM30",12,0,50,62,19.3548387096774,12
"C9orf50",12,0,29,41,29.2682926829268,12
"HIST1H2AD",12,1,62,75,16,13
"HIST1H3D",12,1,62,75,16,13
"MIR148B",12,0,15,27,44.4444444444444,12
"NTMT1",12,0,29,41,29.2682926829268,12
"PHGDH",12,0,36,48,25,12
"PLEKHB2",12,2,87,101,11.8811881188119,14
"GPR84",11,0,19,30,36.6666666666667,11
"MARCH9",11,1,35,47,23.4042553191489,12
"ZNF385A",11,0,13,24,45.8333333333333,11
"ANKRD35",10,1,42,53,18.8679245283019,11
"CDK4",10,1,30,41,24.390243902439,11
"CHD1",10,10,116,136,7.35294117647059,20
"CTD-2007H13.3",10,10,109,129,7.75193798449612,20
"CXCR4",10,0,24,34,29.4117647058824,10
"DUSP5",10,5,105,120,8.33333333333333,15
"MIR620",10,2,21,33,30.3030303030303,12
"MSMO1",10,1,61,72,13.8888888888889,11
"RAPGEF2",10,2,35,47,21.2765957446809,12
"REG4",10,0,47,57,17.5438596491228,10
"RP11-135A1.2",10,1,55,66,15.1515151515152,11
"RP11-525A16.4",10,5,105,120,8.33333333333333,15
"SDE2",10,0,11,21,47.6190476190476,10
"TIMM10",10,1,43,54,18.5185185185185,11
"AC142528.1",9,2,72,83,10.8433734939759,11
"ACBD6",9,1,37,47,19.1489361702128,10
"ADI1",9,2,72,83,10.8433734939759,11
"AGAP2",9,1,28,38,23.6842105263158,10
"AL163636.6",9,0,42,51,17.6470588235294,9
"ANG",9,0,42,51,17.6470588235294,9
"BHLHE40",9,1,34,44,20.4545454545455,10
"BHLHE40-AS1",9,1,34,44,20.4545454545455,10
"BRSK1",9,0,33,42,21.4285714285714,9
"CTDSP2",9,2,27,38,23.6842105263158,11
"CYP27B1",9,1,30,40,22.5,10
"DHRS12",9,0,38,47,19.1489361702128,9
"DNAJB9",9,2,64,75,12,11
"ETS2",9,0,48,57,15.7894736842105,9
"HIST1H1B",9,1,59,69,13.0434782608696,10
"HIST1H4H",9,1,48,58,15.5172413793103,10
"HIST1H4K",9,0,54,63,14.2857142857143,9
"HMGCS1",9,1,43,53,16.9811320754717,10
"HMGCS2",9,0,37,46,19.5652173913043,9
"IFFO1",9,1,28,38,23.6842105263158,10
"MYL12B",9,2,54,65,13.8461538461538,11
"P2RX3",9,1,35,45,20,10
"PNPLA8",9,2,64,75,12,11
"PPID",9,4,61,74,12.1621621621622,13
"RHBDD2",9,0,52,61,14.7540983606557,9
"RNASE4",9,0,42,51,17.6470588235294,9
"RNU6-70P",9,1,23,33,27.2727272727273,10
"RP11-327P2.5",9,0,38,47,19.1489361702128,9
"RP11-620J15.1",9,1,19,29,31.0344827586207,10
"RP13-270P17.1",9,2,54,65,13.8461538461538,11
"SIRT5",9,0,33,42,21.4285714285714,9
"SLC25A3",9,5,71,85,10.5882352941176,14
"SSRP1",9,1,35,45,20,10
"THAP5",9,2,64,75,12,11
"TMPO",9,3,37,49,18.3673469387755,12
"TMPO-AS1",9,3,37,49,18.3673469387755,12
"TXNIP",9,1,34,44,20.4545454545455,10
"AC097721.2",8,7,42,57,14.0350877192982,15
"AF129408.17",8,0,17,25,32,8
"AGPAT5",8,0,65,73,10.958904109589,8
"AL583828.1",8,0,24,32,25,8
"APLF",8,1,42,51,15.6862745098039,9
"ARFGEF2",8,1,22,31,25.8064516129032,9
"ATP6V0A1",8,1,19,28,28.5714285714286,9
"AVIL",8,1,30,39,20.5128205128205,9
"BUB1B",8,0,23,31,25.8064516129032,8
"C4orf45",8,3,23,34,23.5294117647059,11
"CBX3",8,0,30,38,21.0526315789474,8
"CBX5",8,0,10,18,44.4444444444444,8
"CCNB1IP1",8,0,28,36,22.2222222222222,8
"CD47",8,4,70,82,9.75609756097561,12
"CHD4",8,1,27,36,22.2222222222222,9
"CMIP",8,0,53,61,13.1147540983607,8
"CMPK2",8,0,48,56,14.2857142857143,8
"CTD-2541M15.1",8,0,65,73,10.958904109589,8
"FBXO48",8,1,42,51,15.6862745098039,9
"GAPDH",8,1,31,40,20,9
"GFOD1",8,0,24,32,25,8
"GFOD1-AS1",8,0,24,32,25,8
"GNRHR2",8,1,34,43,18.6046511627907,9
"HAT1",8,0,2,10,80,8
"HES1",8,2,40,50,16,10
"HIF1A",8,0,52,60,13.3333333333333,8
"HIF1A-AS1",8,0,52,60,13.3333333333333,8
"HIST1H2AM",8,0,47,55,14.5454545454545,8
"HIST1H2APS4",8,1,44,53,15.0943396226415,9
"HIST1H2BI",8,1,44,53,15.0943396226415,9
"HIST1H3G",8,1,44,53,15.0943396226415,9
"HIST1H3J",8,0,47,55,14.5454545454545,8
"HIST1H4L",8,1,52,61,13.1147540983607,9
"HMGXB3",8,0,18,26,30.7692307692308,8
"HNRNPA1",8,0,10,18,44.4444444444444,8
"HNRNPA2B1",8,0,30,38,21.0526315789474,8
"HOXA-AS3",8,1,15,24,33.3333333333333,9
"IER5L",8,0,19,27,29.6296296296296,8
"ITGA5",8,0,11,19,42.1052631578947,8
"LBR",8,0,15,23,34.7826086956522,8
"LINC01011",8,1,25,34,23.5294117647059,9
"LSG1",8,0,37,45,17.7777777777778,8
"MIR130A",8,0,33,41,19.5121951219512,8
"NABP1",8,4,53,65,12.3076923076923,12
"NOP2",8,1,26,35,22.8571428571429,9
"NQO2",8,1,25,34,23.5294117647059,9
"PAK6",8,0,25,33,24.2424242424242,8
"PEX11B",8,1,39,48,16.6666666666667,9
"PLXND1",8,0,23,31,25.8064516129032,8
"PSMG1",8,0,17,25,32,8
"RNU6-1280P",8,3,60,71,11.2676056338028,11
"RNU6-433P",8,0,29,37,21.6216216216216,8
"RP11-133K1.2",8,0,22,30,26.6666666666667,8
"RP11-247A12.2",8,0,19,27,29.6296296296296,8
"RP11-247A12.8",8,0,19,27,29.6296296296296,8
"RP11-753H16.3",8,0,11,19,42.1052631578947,8
"RP11-872D17.8",8,1,48,57,14.0350877192982,9
"RP11-968A15.8",8,0,10,18,44.4444444444444,8
"RP5-940J5.3",8,1,31,40,20,9
"RSAD2",8,0,36,44,18.1818181818182,8
"RTN4",8,0,27,35,22.8571428571429,8
"SLC26A2",8,0,16,24,33.3333333333333,8
"SLC38A6",8,2,25,35,22.8571428571429,10
"SLC43A3",8,1,48,57,14.0350877192982,9
"SMUG1",8,0,21,29,27.5862068965517,8
"SNX18",8,3,29,40,20,11
"SPOPL",8,7,42,57,14.0350877192982,15
"SRCAP",8,1,24,33,24.2424242424242,9
"TIGD6",8,0,18,26,30.7692307692308,8
"TRMT5",8,2,25,35,22.8571428571429,10
"ABCB10",7,2,22,31,22.5806451612903,9
"AC003104.1",7,1,18,26,26.9230769230769,8
"AC092669.1",7,0,18,25,28,7
"AC093415.2",7,0,14,21,33.3333333333333,7
"AKTIP",7,2,28,37,18.9189189189189,9
"ANKRD33B-AS1",7,0,40,47,14.8936170212766,7
"C10orf91",7,0,25,32,21.875,7
"C11orf31",7,0,24,31,22.5806451612903,7
"C6orf195",7,0,20,27,25.9259259259259,7
"C7orf65",7,0,60,67,10.4477611940298,7
"CCL24",7,0,36,43,16.2790697674419,7
"CCNH",7,0,13,20,35,7
"CHST11",7,2,34,43,16.2790697674419,9
"CNP",7,1,32,40,17.5,8
"CTD-2186M15.3",7,0,29,36,19.4444444444444,7
"CTDSPL",7,0,14,21,33.3333333333333,7
"EFCAB14",7,1,20,28,25,8
"EPM2AIP1",7,3,29,39,17.9487179487179,10
"FAM114A2",7,0,23,30,23.3333333333333,7
"FAM168B",7,1,47,55,12.7272727272727,8
"FAM43A",7,1,44,52,13.4615384615385,8
"FBXO33",7,4,24,35,20,11
"FGGY",7,1,84,92,7.60869565217391,8
"GOLPH3",7,0,29,36,19.4444444444444,7
"GTF2A1",7,3,49,59,11.864406779661,10
"H3F3A",7,1,12,20,35,8
"HFE2",7,0,24,31,22.5806451612903,7
"HIST1H2AH",7,0,45,52,13.4615384615385,7
"HIST1H2BK",7,0,45,52,13.4615384615385,7
"HIST1H3I",7,0,27,34,20.5882352941176,7
"HOXA3",7,1,15,23,30.4347826086957,8
"HOXA4",7,1,8,16,43.75,8
"HOXA5",7,1,15,23,30.4347826086957,8
"HOXA6",7,1,15,23,30.4347826086957,8
"HOXA7",7,0,10,17,41.1764705882353,7
"IRF2BP2",7,0,59,66,10.6060606060606,7
"JADE2",7,1,23,31,22.5806451612903,8
"LARS2-AS1",7,2,28,37,18.9189189189189,9
"LTA4H",7,1,24,32,21.875,8
"MAP1LC3B2",7,1,40,48,14.5833333333333,8
"MEIS1",7,2,25,34,20.5882352941176,9
"MEIS1-AS2",7,0,18,25,28,7
"METAP1D",7,0,4,11,63.6363636363636,7
"METTL1",7,0,23,30,23.3333333333333,7
"METTL21B",7,0,23,30,23.3333333333333,7
"MFAP3",7,0,23,30,23.3333333333333,7
"MIR26A2",7,0,15,22,31.8181818181818,7
"MIR3143",7,0,45,52,13.4615384615385,7
"MLC1",7,0,23,30,23.3333333333333,7
"MLH1",7,3,29,39,17.9487179487179,10
"MRRF",7,1,11,19,36.8421052631579,8
"MSL1",7,1,30,38,18.4210526315789,8
"MSMB",7,4,71,82,8.53658536585366,11
"MYLPF",7,2,26,35,20,9
"POLR1A",7,0,33,40,17.5,7
"PTCD3",7,0,33,40,17.5,7
"PTPN18",7,1,30,38,18.4210526315789,8
"PTRF",7,1,24,32,21.875,8
"RBM18",7,1,11,19,36.8421052631579,8
"RBM8A",7,0,33,40,17.5,7
"RNF144A",7,0,32,39,17.9487179487179,7
"RNF144A-AS1",7,0,32,39,17.9487179487179,7
"RNU6-398P",7,1,14,22,31.8181818181818,8
"RNU6-950P",7,0,6,13,53.8461538461538,7
"RP1-170O19.21",7,0,10,17,41.1764705882353,7
"RP1-170O19.22",7,1,15,23,30.4347826086957,8
"RP1-170O19.23",7,1,15,23,30.4347826086957,8
"RP11-1007G5.2",7,1,43,51,13.7254901960784,8
"RP11-181C3.1",7,2,26,35,20,9
"RP11-219E7.1",7,0,36,43,16.2790697674419,7
"RP11-315I20.1",7,0,33,40,17.5,7
"RP11-350N15.5",7,0,66,73,9.58904109589041,7
"RP11-396C23.4",7,1,12,20,35,8
"RP11-571M6.15",7,0,23,30,23.3333333333333,7
"RP11-809C9.2",7,1,40,48,14.5833333333333,8
"RP11-887P2.5",7,0,12,19,36.8421052631579,7
"RP4-781K5.2",7,0,59,66,10.6060606060606,7
"RPL28",7,0,24,31,22.5806451612903,7
"RSBN1L",7,3,71,81,8.64197530864197,10
"RSBN1L-AS1",7,3,71,81,8.64197530864197,10
"SERPINB1",7,2,28,37,18.9189189189189,9
"SLC25A12",7,0,4,11,63.6363636363636,7
"SND1",7,2,48,57,12.280701754386,9
"SNORD112.24",7,0,13,20,35,7
"SNORD126",7,0,31,38,18.4210526315789,7
"SNX14",7,8,70,85,8.23529411764706,15
"SPTBN1",7,0,10,17,41.1764705882353,7
"TBC1D10B",7,2,26,35,20,9
"TM7SF3",7,3,22,32,21.875,10
"TMEM238",7,0,24,31,22.5806451612903,7
"TNS3",7,0,63,70,10,7
"TSFM",7,1,25,33,21.2121212121212,8
"TSPAN31",7,1,20,28,25,8
"UBE2Q1",7,1,40,48,14.5833333333333,8
"VAMP1",7,1,16,24,29.1666666666667,8
"WHSC1L1",7,0,66,73,9.58904109589041,7
"ZKSCAN8",7,1,26,34,20.5882352941176,8
"ZPLD1",7,0,28,35,20,7
"AC005220.3",6,0,41,47,12.7659574468085,6
"AC006042.7",6,3,40,49,12.2448979591837,9
"AC010170.1",6,0,19,25,24,6
"AC011747.7",6,0,23,29,20.6896551724138,6
"AC021078.1",6,0,13,19,31.5789473684211,6
"AC021188.4",6,3,64,73,8.21917808219178,9
"AC093110.3",6,0,8,14,42.8571428571429,6
"AC097495.2",6,0,28,34,17.6470588235294,6
"AC105053.3",6,0,29,35,17.1428571428571,6
"AC107993.1",6,1,17,24,25,7
"AE000662.92",6,0,21,27,22.2222222222222,6
"AE000662.93",6,0,21,27,22.2222222222222,6
"ALG11",6,0,7,13,46.1538461538462,6
"ALG12",6,0,22,28,21.4285714285714,6
"ANGPT2",6,0,50,56,10.7142857142857,6
"ANKRD46",6,1,22,29,20.6896551724138,7
"APAF1",6,3,53,62,9.67741935483871,9
"ARIH1",6,0,14,20,30,6
"ATP13A1",6,1,29,36,16.6666666666667,7
"ATP7B",6,0,7,13,46.1538461538462,6
"AURKA",6,1,31,38,15.7894736842105,7
"BRAT1",6,1,25,32,18.75,7
"C3orf80",6,0,10,16,37.5,6
"C7orf33",6,0,23,29,20.6896551724138,6
"CAPZB",6,0,31,37,16.2162162162162,6
"CARD6",6,1,46,53,11.3207547169811,7
"CCL26",6,0,16,22,27.2727272727273,6
"CDC6",6,2,25,33,18.1818181818182,8
"CDK17",6,3,46,55,10.9090909090909,9
"CDR2",6,2,27,35,17.1428571428571,8
"CENPF",6,4,39,49,12.2448979591837,10
"CEP70",6,2,43,51,11.7647058823529,8
"CHIC2",6,0,17,23,26.0869565217391,6
"CMC1",6,0,14,20,30,6
"CNTRL",6,1,36,43,13.953488372093,7
"CRELD2",6,0,22,28,21.4285714285714,6
"CSGALNACT2",6,1,30,37,16.2162162162162,7
"CSTF1",6,1,31,38,15.7894736842105,7
"CUX1",6,1,41,48,12.5,7
"CXXC5",6,0,11,17,35.2941176470588,6
"CYB5RL",6,0,21,27,22.2222222222222,6
"DAD1",6,0,26,32,18.75,6
"DENND4C",6,1,7,14,42.8571428571429,7
"DLEU1",6,0,16,22,27.2727272727273,6
"DLEU2",6,0,16,22,27.2727272727273,6
"DYNC1I2",6,0,1,7,85.7142857142857,6
"EAPP",6,0,12,18,33.3333333333333,6
"ECHDC1",6,0,25,31,19.3548387096774,6
"ELMO1",6,0,8,14,42.8571428571429,6
"ELP4",6,0,9,15,40,6
"FIP1L1",6,0,6,12,50,6
"FMOD",6,0,21,27,22.2222222222222,6
"FNDC3B",6,3,58,67,8.95522388059701,9
"FOS",6,1,56,63,9.52380952380952,7
"FOXN3",6,0,29,35,17.1428571428571,6
"FOXP1",6,1,32,39,15.3846153846154,7
"GLCCI1",6,3,40,49,12.2448979591837,9
"HAPLN2",6,0,20,26,23.0769230769231,6
"HAUS6",6,1,10,17,35.2941176470588,7
"HIPK2",6,1,54,61,9.83606557377049,7
"HIST1H2AL",6,0,28,34,17.6470588235294,6
"HIST1H2APS3",6,1,19,26,23.0769230769231,7
"HIST1H2BE",6,1,32,39,15.3846153846154,7
"HIST1H2BF",6,1,30,37,16.2162162162162,7
"HIST1H2BH",6,1,27,34,17.6470588235294,7
"HIST1H2BO",6,1,44,51,11.7647058823529,7
"HIST1H2BPS2",6,0,28,34,17.6470588235294,6
"HIST1H3E",6,1,19,26,23.0769230769231,7
"HIST1H3F",6,1,28,35,17.1428571428571,7
"HIST1H3H",6,1,48,55,10.9090909090909,7
"HIST1H4E",6,1,30,37,16.2162162162162,7
"HIST1H4J",6,1,41,48,12.5,7
"HOTAIRM1",6,1,6,13,46.1538461538462,7
"HOXA1",6,1,6,13,46.1538461538462,7
"HOXC-AS1",6,0,25,31,19.3548387096774,6
"HOXC-AS2",6,0,25,31,19.3548387096774,6
"HOXC6",6,0,27,33,18.1818181818182,6
"HOXC9",6,0,25,31,19.3548387096774,6
"hsa-mir.1",6,1,82,89,6.74157303370786,7
"HTATIP2",6,1,28,35,17.1428571428571,7
"ID2",6,0,23,29,20.6896551724138,6
"IFNGR1",6,2,29,37,16.2162162162162,8
"IKBIP",6,3,53,62,9.67741935483871,9
"IL12A-AS1",6,0,10,16,37.5,6
"IL8",6,1,24,31,19.3548387096774,7
"IMMP1L",6,0,9,15,40,6
"INPP5A",6,0,29,35,17.1428571428571,6
"ITGA10",6,1,29,36,16.6666666666667,7
"ITGA6",6,0,19,25,24,6
"LAMB3",6,2,65,73,8.21917808219178,8
"LARP1P1",6,1,32,39,15.3846153846154,7
"LDLRAD4",6,1,45,52,11.5384615384615,7
"LEFTY1",6,2,26,34,17.6470588235294,8
"LINC01116",6,0,9,15,40,6
"LINC01117",6,0,9,15,40,6
"MAML2",6,1,37,44,13.6363636363636,7
"MAML3",6,2,55,63,9.52380952380952,8
"MIOS",6,3,24,33,18.1818181818182,9
"MIR1260B",6,1,37,44,13.6363636363636,7
"MIR129",6,2,44,52,11.5384615384615,8
"MRPL13",6,0,17,23,26.0869565217391,6
"MRPL37",6,0,21,27,22.2222222222222,6
"MTBP",6,0,17,23,26.0869565217391,6
"NABP2",6,0,16,22,27.2727272727273,6
"NBL1",6,0,37,43,13.953488372093,6
"NEK5",6,0,12,18,33.3333333333333,6
"NEK9",6,1,62,69,8.69565217391304,7
"NUMB",6,2,32,40,15,8
"OPTC",6,0,29,35,17.1428571428571,6
"PAQR3",6,2,19,27,22.2222222222222,8
"PICK1",6,0,19,25,24,6
"PIP4K2C",6,1,20,27,22.2222222222222,7
"PLXNB2",6,0,12,18,33.3333333333333,6
"PREX1",6,1,15,22,27.2727272727273,7
"RAPGEFL1",6,1,23,30,20,7
"RHO",6,0,20,26,23.0769230769231,6
"RHOG",6,1,36,43,13.953488372093,7
"RIPK2",6,3,28,37,16.2162162162162,9
"RN7SKP259",6,1,28,35,17.1428571428571,7
"RNA5SP382",6,0,28,34,17.6470588235294,6
"RNASE1",6,0,33,39,15.3846153846154,6
"RNF41",6,0,16,22,27.2727272727273,6
"RNU1-27P",6,0,12,18,33.3333333333333,6
"RNU4ATAC14P",6,1,61,68,8.82352941176471,7
"RNU6-1083P",6,0,8,14,42.8571428571429,6
"RNU6-402P",6,5,44,55,10.9090909090909,11
"RNU6-549P",6,0,16,22,27.2727272727273,6
"RNU6-588P",6,0,13,19,31.5789473684211,6
"RNU7-26P",6,1,29,36,16.6666666666667,7
"RP1-34B20.4",6,1,30,37,16.2162162162162,7
"RP11-1007O24.2",6,0,14,20,30,6
"RP11-1007O24.3",6,0,14,20,30,6
"RP11-115H15.2",6,2,12,20,30,8
"RP11-146N23.4",6,1,7,14,42.8571428571429,7
"RP11-154H23.3",6,1,32,39,15.3846153846154,7
"RP11-21M24.2",6,2,27,35,17.1428571428571,8
"RP11-284F21.11",6,0,20,26,23.0769230769231,6
"RP11-351D16.3",6,1,30,37,16.2162162162162,7
"RP11-37B2.1",6,3,28,37,16.2162162162162,9
"RP11-404F10.2",6,0,29,35,17.1428571428571,6
"RP11-431I8.1",6,0,10,16,37.5,6
"RP11-435P24.2",6,0,21,27,22.2222222222222,6
"RP11-446E24.4",6,0,21,27,22.2222222222222,6
"RP11-571M6.17",6,0,8,14,42.8571428571429,6
"RP11-671J11.6",6,0,12,18,33.3333333333333,6
"RP11-671J11.7",6,0,12,18,33.3333333333333,6
"RP11-74C1.4",6,1,38,45,13.3333333333333,7
"RP11-794M8.1",6,1,45,52,11.5384615384615,7
"RP11-872D17.4",6,1,34,41,14.6341463414634,7
"RP11-950C14.7",6,1,62,69,8.69565217391304,7
"RP5-1159O4.1",6,3,24,33,18.1818181818182,9
"RPL37",6,2,52,60,10,8
"RPS7",6,0,58,64,9.375,6
"RTN4RL2",6,1,28,35,17.1428571428571,7
"SLC16A11",6,1,20,27,22.2222222222222,7
"SLC25A13",6,2,12,20,30,8
"SLC43A1",6,0,30,36,16.6666666666667,6
"SMNDC1",6,5,94,105,5.71428571428571,11
"snoU13.196",6,1,34,41,14.6341463414634,7
"snoU13.436",6,0,28,34,17.6470588235294,6
"SOCS2",6,0,27,33,18.1818181818182,6
"SOCS2-AS1",6,0,27,33,18.1818181818182,6
"SSPN",6,1,33,40,15,7
"SUFU",6,0,11,17,35.2941176470588,6
"SYNCRIP",6,3,45,54,11.1111111111111,9
"TAF5L",6,2,20,28,21.4285714285714,8
"TBXAS1",6,1,54,61,9.83606557377049,7
"TEP1",6,0,28,34,17.6470588235294,6
"TGOLN2",6,1,23,30,20,7
"THBD",6,3,60,69,8.69565217391304,9
"TMEM158",6,0,19,25,24,6
"TMEM78",6,0,22,28,21.4285714285714,6
"TNKS1BP1",6,0,23,29,20.6896551724138,6
"TRAF1",6,1,25,32,18.75,7
"TUFT1",6,1,39,46,13.0434782608696,7
"U8.13",6,0,48,54,11.1111111111111,6
"UBE2Q1-AS1",6,1,40,47,12.7659574468085,7
"UBE2S",6,0,22,28,21.4285714285714,6
"UBP1",6,3,37,46,13.0434782608696,9
"URB2",6,2,20,28,21.4285714285714,8
"ZNF217",6,1,46,53,11.3207547169811,7
"ZNF397",6,2,17,25,24,8
"ZSCAN16",6,0,21,27,22.2222222222222,6
"AAAS",5,2,25,32,15.625,7
"ABT1",5,0,31,36,13.8888888888889,5
"AC004458.1",5,0,4,9,55.5555555555556,5
"AC004540.4",5,0,16,21,23.8095238095238,5
"AC008394.1",5,0,35,40,12.5,5
"AC010327.2",5,0,24,29,17.2413793103448,5
"AC018470.1",5,2,14,21,23.8095238095238,7
"AC018816.3",5,1,23,29,17.2413793103448,6
"AC021860.1",5,0,30,35,14.2857142857143,5
"AC026202.1",5,1,16,22,22.7272727272727,6
"AC026202.3",5,1,16,22,22.7272727272727,6
"AC068669.1",5,1,12,18,27.7777777777778,6
"AC073934.6",5,1,31,37,13.5135135135135,6
"AC078883.3",5,0,17,22,22.7272727272727,5
"AC078883.4",5,0,18,23,21.7391304347826,5
"AC079753.1",5,1,28,34,14.7058823529412,6
"AC079922.3",5,0,21,26,19.2307692307692,5
"AC092839.3",5,0,5,10,50,5
"AC093391.2",5,0,11,16,31.25,5
"AC099535.1",5,0,11,16,31.25,5
"AC100830.4",5,1,19,25,20,6
"AC100830.5",5,1,19,25,20,6
"AC104801.1",5,0,14,19,26.3157894736842,5
"AC105247.1",5,0,30,35,14.2857142857143,5
"AC113189.5",5,0,13,18,27.7777777777778,5
"AC114803.3",5,0,10,15,33.3333333333333,5
"ADORA2A-AS1",5,0,12,17,29.4117647058824,5
"AF124730.4",5,2,36,43,11.6279069767442,7
"AFTPH",5,0,22,27,18.5185185185185,5
"AGAP2-AS1",5,1,11,17,29.4117647058824,6
"AL138706.1",5,0,9,14,35.7142857142857,5
"AL365181.1",5,0,16,21,23.8095238095238,5
"AL512791.1",5,0,10,15,33.3333333333333,5
"AP000355.2",5,0,14,19,26.3157894736842,5
"AP000662.4",5,0,32,37,13.5135135135135,5
"APEX1",5,0,34,39,12.8205128205128,5
"APIP",5,0,40,45,11.1111111111111,5
"APOA1BP",5,0,16,21,23.8095238095238,5
"ARL5B",5,4,36,45,11.1111111111111,9
"ARL5B-AS1",5,4,36,45,11.1111111111111,9
"ARL6IP5",5,1,22,28,17.8571428571429,6
"ARMC2",5,0,14,19,26.3157894736842,5
"ASAP1",5,3,54,62,8.06451612903226,8
"ATL1",5,0,12,17,29.4117647058824,5
"ATXN1",5,2,56,63,7.93650793650794,7
"AZI2",5,0,11,16,31.25,5
"BCLAF1",5,1,6,12,41.6666666666667,6
"BEAN1",5,2,37,44,11.3636363636364,7
"C14orf28",5,5,26,36,13.8888888888889,10
"C15orf40",5,4,43,52,9.61538461538462,9
"C1orf162",5,0,19,24,20.8333333333333,5
"C3orf27",5,0,9,14,35.7142857142857,5
"C5orf56",5,0,18,23,21.7391304347826,5
"C6orf100",5,1,24,30,16.6666666666667,6
"C7orf69",5,0,45,50,10,5
"CABLES1",5,0,30,35,14.2857142857143,5
"CALM1",5,2,30,37,13.5135135135135,7
"CAPG",5,0,26,31,16.1290322580645,5
"CASC3",5,1,12,18,27.7777777777778,6
"CCDC82",5,1,33,39,12.8205128205128,6
"CCNG1",5,0,31,36,13.8888888888889,5
"CD27-AS1",5,0,9,14,35.7142857142857,5
"CD93",5,2,43,50,10,7
"CDCA2",5,0,24,29,17.2413793103448,5
"CEBPD",5,0,25,30,16.6666666666667,5
"CGN",5,0,46,51,9.80392156862745,5
"CHRNB2",5,1,23,29,17.2413793103448,6
"CHSY1",5,2,39,46,10.8695652173913,7
"CLP1",5,0,32,37,13.5135135135135,5
"CLUHP3",5,1,14,20,25,6
"CNIH4",5,2,28,35,14.2857142857143,7
"COL28A1",5,2,10,17,29.4117647058824,7
"COPZ2",5,0,10,15,33.3333333333333,5
"CSDE1",5,1,26,32,15.625,6
"CTD-2105E13.15",5,0,8,13,38.4615384615385,5
"CTD-2358C21.4",5,1,14,20,25,6
"CTD-2650P22.1",5,2,25,32,15.625,7
"CYB5D1",5,0,20,25,20,5
"DARS",5,0,11,16,31.25,5
"DLX2",5,0,14,19,26.3157894736842,5
"DMAP1",5,0,30,35,14.2857142857143,5
"DNAH3",5,2,32,39,12.8205128205128,7
"DNAJB2",5,0,21,26,19.2307692307692,5
"DNAJC1",5,2,25,32,15.625,7
"DOCK4",5,0,29,34,14.7058823529412,5
"DPCD",5,0,22,27,18.5185185185185,5
"EDEM1",5,1,16,22,22.7272727272727,6
"EFCAB12",5,0,32,37,13.5135135135135,5
"EGOT",5,2,45,52,9.61538461538462,7
"EIF1B",5,3,33,41,12.1951219512195,8
"EIF3M",5,0,8,13,38.4615384615385,5
"ELFN2",5,0,7,12,41.6666666666667,5
"EMILIN2",5,3,51,59,8.47457627118644,8
"EML2",5,0,4,9,55.5555555555556,5
"ETAA1",5,0,5,10,50,5
"EZH2",5,1,18,24,20.8333333333333,6
"FAIM",5,0,41,46,10.8695652173913,5
"FAM131C",5,0,20,25,20,5
"FAM13B",5,1,18,24,20.8333333333333,6
"FAM179A",5,1,26,32,15.625,6
"FES",5,0,19,24,20.8333333333333,5
"FGF11",5,0,18,23,21.7391304347826,5
"FMNL1",5,0,28,33,15.1515151515152,5
"FNIP2",5,4,30,39,12.8205128205128,9
"FOXN3-AS1",5,0,23,28,17.8571428571429,5
"FOXO1",5,1,23,29,17.2413793103448,6
"FUS",5,0,36,41,12.1951219512195,5
"GADD45A",5,0,16,21,23.8095238095238,5
"GAR1",5,0,17,22,22.7272727272727,5
"GCH1",5,0,20,25,20,5
"GMDS",5,0,11,16,31.25,5
"GMDS-AS1",5,0,11,16,31.25,5
"HCRT",5,1,19,25,20,6
"HDDC2",5,1,25,31,16.1290322580645,6
"HDDC3",5,0,18,23,21.7391304347826,5
"HEBP1",5,2,33,40,12.5,7
"HIST1H2AI",5,1,28,34,14.7058823529412,6
"HIST1H2BL",5,1,28,34,14.7058823529412,6
"HIST1H4C",5,0,18,23,21.7391304347826,5
"HIST1H4G",5,1,29,35,14.2857142857143,6
"HIST1H4PS1",5,1,28,34,14.7058823529412,6
"HMGB1",5,0,31,36,13.8888888888889,5
"HOXA10-AS",5,0,9,14,35.7142857142857,5
"HOXA2",5,1,4,10,50,6
"HOXA9",5,0,9,14,35.7142857142857,5
"HTR6",5,0,19,24,20.8333333333333,5
"HTR7P1",5,2,33,40,12.5,7
"IFT27",5,1,28,34,14.7058823529412,6
"IHH",5,0,7,12,41.6666666666667,5
"IL1B",5,1,42,48,10.4166666666667,6
"IMMP2L",5,2,24,31,16.1290322580645,7
"ISOC2",5,0,15,20,25,5
"JRKL",5,1,33,39,12.8205128205128,6
"KAT6B",5,0,9,14,35.7142857142857,5
"KCNH4",5,1,19,25,20,6
"KCTD9",5,0,24,29,17.2413793103448,5
"KIAA0020",5,0,24,29,17.2413793103448,5
"KIAA1033",5,0,30,35,14.2857142857143,5
"KIAA1551",5,2,21,28,17.8571428571429,7
"KLF3",5,0,30,35,14.2857142857143,5
"KLF7",5,1,33,39,12.8205128205128,6
"LARP1",5,3,31,39,12.8205128205128,8
"LEFTY2",5,1,16,22,22.7272727272727,6
"LMF2",5,0,8,13,38.4615384615385,5
"LNX1",5,0,5,10,50,5
"LRP1",5,0,22,27,18.5185185185185,5
"LRRC8C",5,3,23,31,16.1290322580645,8
"LRTOMT",5,0,16,21,23.8095238095238,5
"LSMD1",5,0,21,26,19.2307692307692,5
"LYN",5,1,35,41,12.1951219512195,6
"MAN2A2",5,0,17,22,22.7272727272727,5
"MANF",5,0,16,21,23.8095238095238,5
"MAP3K1",5,1,47,53,9.43396226415094,6
"MAP3K14",5,0,15,20,25,5
"MAP3K8",5,0,8,13,38.4615384615385,5
"MAP4K5",5,0,12,17,29.4117647058824,5
"MAPK6",5,2,25,32,15.625,7
"MARCH3",5,2,50,57,8.7719298245614,7
"MARK2",5,0,11,16,31.25,5
"MARS",5,0,13,18,27.7777777777778,5
"MBNL1",5,0,8,13,38.4615384615385,5
"MBNL1-AS1",5,0,7,12,41.6666666666667,5
"MDH2",5,0,22,27,18.5185185185185,5
"METTL21A",5,0,26,31,16.1290322580645,5
"MIR152",5,0,10,15,33.3333333333333,5
"MIR153",5,0,23,28,17.8571428571429,5
"MIR196B",5,0,9,14,35.7142857142857,5
"MIR579",5,0,29,34,14.7058823529412,5
"MIR591",5,0,6,11,45.4545454545455,5
"MITF",5,3,18,26,19.2307692307692,8
"MPDU1",5,0,13,18,27.7777777777778,5
"MRPS18A",5,1,25,31,16.1290322580645,6
"MRPS30",5,3,20,28,17.8571428571429,8
"MRPS33",5,0,12,17,29.4117647058824,5
"MSH5-SAPCD1",5,0,15,20,25,5
"MSL2",5,1,41,47,10.6382978723404,6
"MXD1",5,1,25,31,16.1290322580645,6
"MXI1",5,1,43,49,10.2040816326531,6
"MYB",5,2,18,25,20,7
"MYB-AS1",5,2,17,24,20.8333333333333,7
"MYLK4",5,0,8,13,38.4615384615385,5
"NAT14",5,0,19,24,20.8333333333333,5
"NCAPD2",5,0,10,15,33.3333333333333,5
"NCAPH2",5,0,9,14,35.7142857142857,5
"NCOA2",5,5,36,46,10.8695652173913,10
"NEUROG2",5,0,15,20,25,5
"NFE2L3",5,0,18,23,21.7391304347826,5
"NFIL3",5,2,23,30,16.6666666666667,7
"NHEJ1",5,0,24,29,17.2413793103448,5
"NNMT",5,0,39,44,11.3636363636364,5
"NPR1",5,0,23,28,17.8571428571429,5
"NUDCD3",5,2,40,47,10.6382978723404,7
"NUMA1",5,0,24,29,17.2413793103448,5
"OAZ2",5,1,19,25,20,6
"OS9",5,1,11,17,29.4117647058824,6
"OSGEP",5,0,28,33,15.1515151515152,5
"OSGIN2",5,2,26,33,15.1515151515152,7
"PADI2",5,0,34,39,12.8205128205128,5
"PARP12",5,0,21,26,19.2307692307692,5
"PDHX",5,0,49,54,9.25925925925926,5
"PF4V1",5,1,16,22,22.7272727272727,6
"PHTF2",5,0,46,51,9.80392156862745,5
"PIAS3",5,1,24,30,16.6666666666667,6
"PLCB2",5,0,28,33,15.1515151515152,5
"PMPCB",5,3,26,34,14.7058823529412,8
"PNP",5,0,25,30,16.6666666666667,5
"POLL",5,0,13,18,27.7777777777778,5
"PPIL4",5,3,28,36,13.8888888888889,8
"PPP1R11",5,0,30,35,14.2857142857143,5
"PRSS36",5,0,34,39,12.8205128205128,5
"PTPRN",5,0,25,30,16.6666666666667,5
"PYCR2",5,1,16,22,22.7272727272727,6
"QRICH2",5,0,27,32,15.625,5
"RAB13",5,0,29,34,14.7058823529412,5
"RAB43",5,0,17,22,22.7272727272727,5
"RAB4A",5,0,7,12,41.6666666666667,5
"RASA1",5,2,52,59,8.47457627118644,7
"RBM15B",5,0,14,19,26.3157894736842,5
"RBPMS",5,0,22,27,18.5185185185185,5
"RBPMS-AS1",5,0,22,27,18.5185185185185,5
"RERE",5,0,24,29,17.2413793103448,5
"RFXAP",5,2,22,29,17.2413793103448,7
"RN7SL391P",5,0,17,22,22.7272727272727,5
"RNASE6",5,0,39,44,11.3636363636364,5
"RNF220",5,0,21,26,19.2307692307692,5
"RNU4-24P",5,1,13,19,26.3157894736842,6
"RNU6-100P",5,0,21,26,19.2307692307692,5
"RNU6-1043P",5,1,18,24,20.8333333333333,6
"RNU6-1051P",5,0,29,34,14.7058823529412,5
"RNU6-1311P",5,0,6,11,45.4545454545455,5
"RNU6-805P",5,1,21,27,18.5185185185185,6
"RNU6-925P",5,2,26,33,15.1515151515152,7
"RNU7-134P",5,0,18,23,21.7391304347826,5
"RNU7-14P",5,0,30,35,14.2857142857143,5
"RNY1P6",5,0,16,21,23.8095238095238,5
"RP1-151F17.1",5,2,56,63,7.93650793650794,7
"RP1-240K6.3",5,2,19,26,19.2307692307692,7
"RP1-63G5.5",5,0,7,12,41.6666666666667,5
"RP11-104H15.10",5,0,18,23,21.7391304347826,5
"RP11-104H15.8",5,0,18,23,21.7391304347826,5
"RP11-104H15.9",5,0,18,23,21.7391304347826,5
"RP11-146F11.1",5,1,18,24,20.8333333333333,6
"RP11-293M10.1",5,1,41,47,10.6382978723404,6
"RP11-302M6.4",5,3,23,31,16.1290322580645,8
"RP11-310H4.1",5,2,22,29,17.2413793103448,7
"RP11-377D9.3",5,2,33,40,12.5,7
"RP11-382A20.7",5,4,43,52,9.61538461538462,9
"RP11-388M20.6",5,0,36,41,12.1951219512195,5
"RP11-402J6.1",5,0,15,20,25,5
"RP11-422P24.9",5,0,29,34,14.7058823529412,5
"RP11-440G5.2",5,2,23,30,16.6666666666667,7
"RP11-47I22.2",5,0,44,49,10.2040816326531,5
"RP11-47I22.3",5,0,44,49,10.2040816326531,5
"RP11-496B10.3",5,0,28,33,15.1515151515152,5
"RP11-53O19.1",5,3,20,28,17.8571428571429,8
"RP11-541P9.3",5,0,31,36,13.8888888888889,5
"RP11-549L6.3",5,1,43,49,10.2040816326531,6
"RP11-568N6.1",5,0,22,27,18.5185185185185,5
"RP11-571M6.7",5,1,11,17,29.4117647058824,6
"RP11-571M6.8",5,1,11,17,29.4117647058824,6
"RP11-602N24.3",5,0,17,22,22.7272727272727,5
"RP11-603J24.4",5,0,16,21,23.8095238095238,5
"RP11-617D20.1",5,0,30,35,14.2857142857143,5
"RP11-61E11.2",5,0,30,35,14.2857142857143,5
"RP11-745C15.2",5,2,35,42,11.9047619047619,7
"RP11-779O18.1",5,0,13,18,27.7777777777778,5
"RP11-779O18.2",5,0,17,22,22.7272727272727,5
"RP11-779O18.3",5,0,17,22,22.7272727272727,5
"RP11-780K2.1",5,0,25,30,16.6666666666667,5
"RP11-857B24.1",5,5,26,36,13.8888888888889,10
"RP11-977G19.5",5,0,28,33,15.1515151515152,5
"RP4-559A3.6",5,1,16,22,22.7272727272727,6
"RP4-559A3.7",5,1,16,22,22.7272727272727,6
"RP5-1007M22.2",5,3,23,31,16.1290322580645,8
"RP5-1022P6.5",5,1,39,45,11.1111111111111,6
"RP5-1061H20.3",5,0,7,12,41.6666666666667,5
"RP5-1061H20.4",5,0,7,12,41.6666666666667,5
"RP5-1061H20.5",5,0,50,55,9.09090909090909,5
"RP5-833A20.1",5,0,8,13,38.4615384615385,5
"RPL23A",5,0,28,33,15.1515151515152,5
"RPL5P21",5,0,21,26,19.2307692307692,5
"RPS18P1",5,1,39,45,11.1111111111111,6
"RPS26",5,0,16,21,23.8095238095238,5
"RPS27",5,0,29,34,14.7058823529412,5
"RWDD2B",5,2,26,33,15.1515151515152,7
"SAR1B",5,0,6,11,45.4545454545455,5
"SASS6",5,2,11,18,27.7777777777778,7
"SCFD2",5,0,7,12,41.6666666666667,5
"SDHB",5,0,26,31,16.1290322580645,5
"SEC61G",5,2,38,45,11.1111111111111,7
"SFPQ",5,1,21,27,18.5185185185185,6
"SGK223",5,0,36,41,12.1951219512195,5
"SH2D6",5,0,26,31,16.1290322580645,5
"SHISA7",5,0,15,20,25,5
"SKIDA1",5,2,13,20,25,7
"SLC20A1",5,0,21,26,19.2307692307692,5
"SLC23A3",5,0,24,29,17.2413793103448,5
"SMAD9-AS1",5,1,13,19,26.3157894736842,6
"SMARCC2",5,0,28,33,15.1515151515152,5
"SMC4",5,0,8,13,38.4615384615385,5
"SNORA1.1",5,0,39,44,11.3636363636364,5
"SNORA44.1",5,0,46,51,9.80392156862745,5
"SNORA53",5,1,18,24,20.8333333333333,6
"SNORA76",5,0,43,48,10.4166666666667,5
"SNORA79",5,2,24,31,16.1290322580645,7
"SNORD104",5,0,43,48,10.4166666666667,5
"SNORD42B",5,0,24,29,17.2413793103448,5
"snoU13.272",5,1,24,30,16.6666666666667,6
"snoU13.456",5,1,14,20,25,6
"SNRNP27",5,1,25,31,16.1290322580645,6
"SOX15",5,0,13,18,27.7777777777778,5
"SP9",5,2,14,21,23.8095238095238,7
"SPHAR",5,0,6,11,45.4545454545455,5
"SPIDR",5,0,25,30,16.6666666666667,5
"SPTLC2",5,0,32,37,13.5135135135135,5
"SSBP3",5,0,29,34,14.7058823529412,5
"SSC5D",5,0,19,24,20.8333333333333,5
"STAT6",5,0,21,26,19.2307692307692,5
"STYXL1",5,0,22,27,18.5185185185185,5
"TAPBPL",5,0,9,14,35.7142857142857,5
"TBL1XR1",5,2,30,37,13.5135135135135,7
"TFB1M",5,1,31,37,13.5135135135135,6
"TMED10",5,1,50,56,8.92857142857143,6
"TMEM102",5,0,18,23,21.7391304347826,5
"TMEM159",5,2,32,39,12.8205128205128,7
"TMEM190",5,0,8,13,38.4615384615385,5
"TMEM30B",5,0,17,22,22.7272727272727,5
"TMEM60",5,0,46,51,9.80392156862745,5
"TMEM86B",5,0,24,29,17.2413793103448,5
"TMEM88",5,0,20,25,20,5
"TNFRSF1A",5,0,17,22,22.7272727272727,5
"TNFSF12",5,0,14,19,26.3157894736842,5
"TNFSF12-TNFSF13",5,0,14,19,26.3157894736842,5
"TSC22D1",5,1,31,37,13.5135135135135,6
"TTC14",5,0,28,33,15.1515151515152,5
"TTK",5,3,31,39,12.8205128205128,8
"TUBA4A",5,0,21,26,19.2307692307692,5
"TUBA4B",5,0,21,26,19.2307692307692,5
"U3.70",5,0,29,34,14.7058823529412,5
"UBALD2",5,0,10,15,33.3333333333333,5
"UPB1",5,0,16,21,23.8095238095238,5
"USPL1",5,0,31,36,13.8888888888889,5
"VCPKMT",5,0,35,40,12.5,5
"VOPP1",5,2,22,29,17.2413793103448,7
"WDFY2",5,0,16,21,23.8095238095238,5
"XXYLT1",5,1,32,38,13.1578947368421,6
"Y_RNA.331",5,1,21,27,18.5185185185185,6
"YPEL4",5,0,32,37,13.5135135135135,5
"Z97352.1",5,0,21,26,19.2307692307692,5
"ZBTB39",5,0,25,30,16.6666666666667,5
"ZCWPW2",5,0,11,16,31.25,5
"ZFR",5,0,37,42,11.9047619047619,5
"ZHX3",5,0,25,30,16.6666666666667,5
"ZMYND8",5,0,29,34,14.7058823529412,5
"ZNF277",5,0,29,34,14.7058823529412,5
"ZNF620",5,1,8,14,35.7142857142857,6
"ZNF646",5,0,32,37,13.5135135135135,5
"ZNF720",5,1,14,20,25,6
"A2ML1",4,0,4,8,50,4
"A2ML1-AS2",4,0,4,8,50,4
"ABCF1",4,0,12,16,25,4
"ABLIM1",4,0,10,14,28.5714285714286,4
"AC004854.4",4,1,23,28,14.2857142857143,5
"AC009120.4",4,3,64,71,5.63380281690141,7
"AC010761.14",4,0,19,23,17.3913043478261,4
"AC013283.1",4,0,11,15,26.6666666666667,4
"AC017083.3",4,1,13,18,22.2222222222222,5
"AC018755.2",4,0,28,32,12.5,4
"AC074286.1",4,1,8,13,30.7692307692308,5
"AC084219.4",4,3,40,47,8.51063829787234,7
"AC084368.1",4,1,11,16,25,5
"AC090627.1",4,0,10,14,28.5714285714286,4
"AC092171.4",4,0,24,28,14.2857142857143,4
"AC092573.2",4,0,0,4,100,4
"AC104134.2",4,1,40,45,8.88888888888889,5
"AC104695.3",4,1,33,38,10.5263157894737,5
"AC105760.3",4,0,27,31,12.9032258064516,4
"AC106782.20",4,0,7,11,36.3636363636364,4
"AC108004.3",4,0,35,39,10.2564102564103,4
"AC116366.6",4,0,13,17,23.5294117647059,4
"AC132186.1",4,1,20,25,16,5
"ACD",4,0,24,28,14.2857142857143,4
"ACIN1",4,1,19,24,16.6666666666667,5
"ACRBP",4,2,15,21,19.047619047619,6
"ACTB",4,0,18,22,18.1818181818182,4
"ACTR1A",4,0,10,14,28.5714285714286,4
"ACYP2",4,0,20,24,16.6666666666667,4
"ADAM10",4,1,49,54,7.40740740740741,5
"ADAMTS4",4,0,9,13,30.7692307692308,4
"ADAMTSL4",4,1,23,28,14.2857142857143,5
"ADAMTSL4-AS1",4,1,23,28,14.2857142857143,5
"ADGB",4,1,12,17,23.5294117647059,5
"ADORA3",4,0,7,11,36.3636363636364,4
"ADRB1",4,0,14,18,22.2222222222222,4
"AFAP1L1",4,0,10,14,28.5714285714286,4
"AFF1",4,0,27,31,12.9032258064516,4
"AGPS",4,1,8,13,30.7692307692308,5
"AK1",4,0,6,10,40,4
"AL158151.1",4,0,19,23,17.3913043478261,4
"AL356356.1",4,1,23,28,14.2857142857143,5
"AL357060.1",4,0,19,23,17.3913043478261,4
"ALAD",4,1,20,25,16,5
"ALCAM",4,0,14,18,22.2222222222222,4
"ALDOA",4,0,12,16,25,4
"ALG5",4,0,10,14,28.5714285714286,4
"ALKBH2",4,0,29,33,12.1212121212121,4
"AMN1",4,1,9,14,28.5714285714286,5
"ANKRD34A",4,0,21,25,16,4
"ANKRD44",4,0,31,35,11.4285714285714,4
"ANKRD6",4,0,15,19,21.0526315789474,4
"AP2S1",4,0,6,10,40,4
"APH1B",4,1,20,25,16,5
"APOLD1",4,0,16,20,20,4
"ARFIP2",4,0,19,23,17.3913043478261,4
"ARID1B",4,0,8,12,33.3333333333333,4
"ARMC6",4,0,8,12,33.3333333333333,4
"ARPC4",4,0,24,28,14.2857142857143,4
"ARPC4-TTLL3",4,0,24,28,14.2857142857143,4
"ASH1L",4,0,30,34,11.7647058823529,4
"ATP1B3",4,0,13,17,23.5294117647059,4
"ATP2B1",4,1,28,33,12.1212121212121,5
"ATP5F1",4,0,20,24,16.6666666666667,4
"AUH",4,3,21,28,14.2857142857143,7
"B3GNT2",4,1,12,17,23.5294117647059,5
"B4GALT3",4,0,4,8,50,4
"BAIAP2L2",4,0,9,13,30.7692307692308,4
"BCAT1",4,3,22,29,13.7931034482759,7
"BCL11A",4,0,2,6,66.6666666666667,4
"BCL2",4,0,35,39,10.2564102564103,4
"BCL7C",4,0,7,11,36.3636363636364,4
"BRD7",4,0,67,71,5.63380281690141,4
"BRICD5",4,0,4,8,50,4
"BRPF1",4,0,36,40,10,4
"BTBD2",4,0,9,13,30.7692307692308,4
"C11orf49",4,1,9,14,28.5714285714286,5
"C12orf10",4,1,18,23,17.3913043478261,5
"C12orf65",4,0,24,28,14.2857142857143,4
"C15orf52",4,0,10,14,28.5714285714286,4
"C16orf93",4,1,11,16,25,5
"C17orf107",4,0,14,18,22.2222222222222,4
"C17orf97",4,0,35,39,10.2564102564103,4
"C19orf60",4,0,14,18,22.2222222222222,4
"C1orf105",4,0,9,13,30.7692307692308,4
"C1orf109",4,1,25,30,13.3333333333333,5
"C21orf128",4,1,15,20,20,5
"C2orf47",4,3,42,49,8.16326530612245,7
"C4orf36",4,0,27,31,12.9032258064516,4
"C7orf76",4,0,2,6,66.6666666666667,4
"C9orf3",4,0,14,18,22.2222222222222,4
"C9orf43",4,1,20,25,16,5
"CA14",4,1,23,28,14.2857142857143,5
"CAHM",4,8,70,82,4.8780487804878,12
"CAMK1",4,0,16,20,20,4
"CAPN11",4,2,26,32,12.5,6
"CBR4",4,1,19,24,16.6666666666667,5
"CBX1",4,0,10,14,28.5714285714286,4
"CCDC174",4,1,26,31,12.9032258064516,5
"CCDC182",4,0,13,17,23.5294117647059,4
"CCDC38",4,0,5,9,44.4444444444444,4
"CCND2",4,1,29,34,11.7647058823529,5
"CCND2-AS1",4,1,29,34,11.7647058823529,5
"CCND2-AS2",4,1,29,34,11.7647058823529,5
"CCNJL",4,0,22,26,15.3846153846154,4
"CD27",4,0,4,8,50,4
"CD2BP2",4,1,18,23,17.3913043478261,5
"CD9",4,1,22,27,14.8148148148148,5
"CDC25A",4,0,12,16,25,4
"CDC26",4,1,12,17,23.5294117647059,5
"CDCA7",4,0,0,4,100,4
"CDCA8",4,1,25,30,13.3333333333333,5
"CDKN2D",4,0,17,21,19.047619047619,4
"CDNF",4,0,34,38,10.5263157894737,4
"CELF3",4,1,45,50,8,5
"CEP44",4,0,14,18,22.2222222222222,4
"CHD3",4,0,17,21,19.047619047619,4
"CHRM3-AS1",4,0,13,17,23.5294117647059,4
"CHRNE",4,0,14,18,22.2222222222222,4
"CISD1",4,5,52,61,6.55737704918033,9
"CLCN3",4,0,13,17,23.5294117647059,4
"CNNM2",4,0,31,35,11.4285714285714,4
"CNNM4",4,2,39,45,8.88888888888889,6
"CNPPD1",4,0,18,22,18.1818181818182,4
"COPS8",4,0,15,19,21.0526315789474,4
"COQ10A",4,0,10,14,28.5714285714286,4
"CORO1C",4,1,20,25,16,5
"CREB3L4",4,0,21,25,16,4
"CRLF1",4,0,14,18,22.2222222222222,4
"CS",4,0,11,15,26.6666666666667,4
"CSTF3",4,2,15,21,19.047619047619,6
"CSTF3-AS1",4,2,15,21,19.047619047619,6
"CTA-212D2.2",4,0,5,9,44.4444444444444,4
"CTA-276O3.4",4,1,13,18,22.2222222222222,5
"CTB-79E8.2",4,0,10,14,28.5714285714286,4
"CTD-2020K17.1",4,0,28,32,12.5,4
"CTD-2020K17.3",4,0,18,22,18.1818181818182,4
"CTD-2132N18.3",4,1,18,23,17.3913043478261,5
"CTD-2256P15.2",4,0,60,64,6.25,4
"CTD-2647L4.1",4,0,3,7,57.1428571428571,4
"CTF1",4,0,7,11,36.3636363636364,4
"CTNNA1",4,0,20,24,16.6666666666667,4
"CUL2",4,1,36,41,9.75609756097561,5
"CWF19L1",4,0,15,19,21.0526315789474,4
"CYB561D2",4,0,20,24,16.6666666666667,4
"CYLD",4,0,47,51,7.84313725490196,4
"DAB2",4,0,27,31,12.9032258064516,4
"DCLK3",4,1,28,33,12.1212121212121,5
"DDX20",4,0,25,29,13.7931034482759,4
"DENND3",4,0,47,51,7.84313725490196,4
"DENND4B",4,0,20,24,16.6666666666667,4
"DLEU7-AS1",4,2,20,26,15.3846153846154,6
"DLGAP1-AS1",4,1,22,27,14.8148148148148,5
"DLX1",4,0,8,12,33.3333333333333,4
"DMKN",4,2,30,36,11.1111111111111,6
"DMXL2",4,0,3,7,57.1428571428571,4
"DNAJC2",4,1,13,18,22.2222222222222,5
"DNAJC21",4,1,30,35,11.4285714285714,5
"DNASE1L2",4,0,4,8,50,4
"DOCK8",4,1,17,22,18.1818181818182,5
"DPH3",4,1,9,14,28.5714285714286,5
"DPH6",4,1,6,11,36.3636363636364,5
"DPH6-AS1",4,1,6,11,36.3636363636364,5
"DUSP1",4,1,15,20,20,5
"DUSP12",4,0,11,15,26.6666666666667,4
"DUSP6",4,0,21,25,16,4
"E4F1",4,0,4,8,50,4
"EIF5A",4,0,20,24,16.6666666666667,4
"ELF1",4,0,7,11,36.3636363636364,4
"ELMOD3",4,0,16,20,20,4
"EMR3",4,0,3,7,57.1428571428571,4
"ENKD1",4,0,25,29,13.7931034482759,4
"ERAP2",4,2,20,26,15.3846153846154,6
"ERC1",4,0,8,12,33.3333333333333,4
"ERCC1",4,0,8,12,33.3333333333333,4
"ESPL1",4,0,15,19,21.0526315789474,4
"ETV6",4,0,28,32,12.5,4
"EXOSC8",4,0,10,14,28.5714285714286,4
"FAIM3",4,0,16,20,20,4
"FAM107B",4,0,17,21,19.047619047619,4
"FAM134A",4,0,18,22,18.1818181818182,4
"FAM175A",4,1,3,8,50,5
"FAM212B",4,0,25,29,13.7931034482759,4
"FBXL19",4,0,14,18,22.2222222222222,4
"FBXL19-AS1",4,0,14,18,22.2222222222222,4
"FBXO8",4,0,14,18,22.2222222222222,4
"FCAMR",4,0,27,31,12.9032258064516,4
"FCHSD2",4,0,12,16,25,4
"FDX1",4,1,3,8,50,5
"FGD2",4,1,26,31,12.9032258064516,5
"FGF18",4,0,31,35,11.4285714285714,4
"FGF8",4,1,17,22,18.1818181818182,5
"FLJ20373",4,0,40,44,9.09090909090909,4
"FOSL2",4,1,33,38,10.5263157894737,5
"FPGS",4,1,13,18,22.2222222222222,5
"FPR1",4,0,14,18,22.2222222222222,4
"FPR2",4,0,14,18,22.2222222222222,4
"FTL",4,0,17,21,19.047619047619,4
"FYB",4,1,50,55,7.27272727272727,5
"GALC",4,0,29,33,12.1212121212121,4
"GALNT4",4,0,9,13,30.7692307692308,4
"GATAD2B",4,0,19,23,17.3913043478261,4
"GFM1",4,0,12,16,25,4
"GGNBP1",4,0,12,16,25,4
"GGT6",4,0,12,16,25,4
"GOT1",4,0,12,16,25,4
"GPA33",4,0,11,15,26.6666666666667,4
"GPD2",4,1,31,36,11.1111111111111,5
"GPR88",4,0,4,8,50,4
"GPS2",4,0,23,27,14.8148148148148,4
"GSG1",4,0,16,20,20,4
"GSN",4,0,20,24,16.6666666666667,4
"H2AFV",4,1,23,28,14.2857142857143,5
"HBS1L",4,0,5,9,44.4444444444444,4
"HCG14",4,0,20,24,16.6666666666667,4
"HCG15",4,0,10,14,28.5714285714286,4
"HCG16",4,0,10,14,28.5714285714286,4
"HIPK3",4,2,13,19,21.0526315789474,6
"HIST1H1E",4,0,26,30,13.3333333333333,4
"HIST1H2AB",4,0,28,32,12.5,4
"HIST1H2BD",4,0,26,30,13.3333333333333,4
"HIST1H4F",4,1,21,26,15.3846153846154,5
"HOXA-AS2",4,1,5,10,40,5
"HS2ST1",4,1,18,23,17.3913043478261,5
"HSPA14",4,0,34,38,10.5263157894737,4
"HSPA1A",4,0,18,22,18.1818181818182,4
"HSPA1L",4,0,18,22,18.1818181818182,4
"HSPBP1",4,0,22,26,15.3846153846154,4
"HYDIN",4,5,62,71,5.63380281690141,9
"IGF1R",4,6,46,56,7.14285714285714,10
"IGSF8",4,0,13,17,23.5294117647059,4
"IL21R",4,0,21,25,16,4
"IL24",4,1,22,27,14.8148148148148,5
"ILF3",4,0,7,11,36.3636363636364,4
"ILF3-AS1",4,0,7,11,36.3636363636364,4
"ING4",4,2,18,24,16.6666666666667,6
"INHBE",4,1,14,19,21.0526315789474,5
"IPMK",4,5,52,61,6.55737704918033,9
"IPO9",4,0,20,24,16.6666666666667,4
"IPO9-AS1",4,0,20,24,16.6666666666667,4
"IRGQ",4,0,10,14,28.5714285714286,4
"IRX3",4,0,6,10,40,4
"ITGA4",4,0,34,38,10.5263157894737,4
"JAK2",4,0,21,25,16,4
"KAT8",4,0,30,34,11.7647058823529,4
"KB-1980E6.2",4,0,11,15,26.6666666666667,4
"KIAA0319L",4,0,14,18,22.2222222222222,4
"KLF10",4,3,27,34,11.7647058823529,7
"KLF14",4,0,27,31,12.9032258064516,4
"KLLN",4,1,21,26,15.3846153846154,5
"L34079.2",4,0,10,14,28.5714285714286,4
"LEO1",4,2,18,24,16.6666666666667,6
"LETM2",4,0,46,50,8,4
"LFNG",4,1,12,17,23.5294117647059,5
"LIN54",4,1,13,18,22.2222222222222,5
"LINC00336",4,0,11,15,26.6666666666667,4
"LINC00525",4,0,40,44,9.09090909090909,4
"LINC00888",4,0,17,21,19.047619047619,4
"LINC00936",4,1,28,33,12.1212121212121,5
"LIX1L",4,1,23,28,14.2857142857143,5
"LLPH",4,0,8,12,33.3333333333333,4
"LYRM2",4,0,18,22,18.1818181818182,4
"MANBA",4,1,19,24,16.6666666666667,5
"MAP7D1",4,0,15,19,21.0526315789474,4
"MARCH6",4,0,60,64,6.25,4
"MARCH8",4,4,25,33,12.1212121212121,8
"MAT2A",4,0,21,25,16,4
"MEIS1-AS3",4,2,17,23,17.3913043478261,6
"MESP1",4,0,30,34,11.7647058823529,4
"METTL13",4,1,17,22,18.1818181818182,5
"METTL9",4,2,27,33,12.1212121212121,6
"MFSD9",4,1,10,15,26.6666666666667,5
"MGAT5",4,0,50,54,7.40740740740741,4
"MINK1",4,0,15,19,21.0526315789474,4
"MINOS1",4,0,26,30,13.3333333333333,4
"MINOS1-NBL1",4,0,26,30,13.3333333333333,4
"MIR1203",4,0,10,14,28.5714285714286,4
"MIR125A",4,0,28,32,12.5,4
"MIR1302",4,1,31,36,11.1111111111111,5
"MIR15B",4,0,6,10,40,4
"MIR16",4,0,7,11,36.3636363636364,4
"MIR2355",4,1,20,25,16,5
"MIR28",4,1,22,27,14.8148148148148,5
"MIR330",4,0,4,8,50,4
"MIR4257",4,1,23,28,14.2857142857143,5
"MIR4466",4,0,8,12,33.3333333333333,4
"MIR609",4,2,38,44,9.09090909090909,6
"MIR614",4,0,18,22,18.1818181818182,4
"MIR762",4,0,7,11,36.3636363636364,4
"MIR877",4,0,12,16,25,4
"MIR9",4,0,12,16,25,4
"MIR99B",4,0,28,32,12.5,4
"MIRLET7E",4,0,28,32,12.5,4
"MLST8",4,0,5,9,44.4444444444444,4
"MOGAT1",4,3,17,24,16.6666666666667,7
"MPHOSPH9",4,0,24,28,14.2857142857143,4
"MPZL1",4,3,28,35,11.4285714285714,7
"MRPL22",4,3,26,33,12.1212121212121,7
"MSH5",4,0,13,17,23.5294117647059,4
"MTFR2",4,1,3,8,50,5
"MTMR10",4,1,56,61,6.55737704918033,5
"MXD3",4,0,26,30,13.3333333333333,4
"MYO1A",4,0,15,19,21.0526315789474,4
"NAB1",4,0,13,17,23.5294117647059,4
"NAB2",4,0,16,20,20,4
"NACC1",4,1,15,20,20,5
"NCAPH",4,2,46,52,7.69230769230769,6
"NCDN",4,0,14,18,22.2222222222222,4
"NCOR2",4,0,42,46,8.69565217391304,4
"NDUFA5P3",4,0,4,8,50,4
"NDUFS2",4,0,9,13,30.7692307692308,4
"NEAT1",4,0,11,15,26.6666666666667,4
"NEK1",4,0,13,17,23.5294117647059,4
"NEK10",4,0,29,33,12.1212121212121,4
"NEK8",4,0,19,23,17.3913043478261,4
"NFAM1",4,1,13,18,22.2222222222222,5
"NFE2L2",4,2,29,35,11.4285714285714,6
"NIPBL",4,0,8,12,33.3333333333333,4
"NME5",4,0,10,14,28.5714285714286,4
"NPRL2",4,0,20,24,16.6666666666667,4
"NPY4R",4,1,67,72,5.55555555555556,5
"NR1D1",4,1,5,10,40,5
"NR1H3",4,0,10,14,28.5714285714286,4
"NRAS",4,1,21,26,15.3846153846154,5
"NRDE2",4,0,7,11,36.3636363636364,4
"NSUN6",4,2,27,33,12.1212121212121,6
"NXPH4",4,0,8,12,33.3333333333333,4
"OR1K1",4,0,10,14,28.5714285714286,4
"OR5A2",4,0,21,25,16,4
"OTP",4,0,11,15,26.6666666666667,4
"OTX1",4,0,5,9,44.4444444444444,4
"PA2G4",4,0,11,15,26.6666666666667,4
"PAICS",4,1,12,17,23.5294117647059,5
"PARD6A",4,0,24,28,14.2857142857143,4
"PAXIP1-AS2",4,2,44,50,8,6
"PCBP1-AS1",4,0,21,25,16,4
"PDCL",4,0,5,9,44.4444444444444,4
"PDE12",4,0,10,14,28.5714285714286,4
"PDGFRA",4,0,21,25,16,4
"PFDN5",4,1,28,33,12.1212121212121,5
"PGM2",4,0,14,18,22.2222222222222,4
"PGP",4,0,4,8,50,4
"PHGR1",4,0,10,14,28.5714285714286,4
"PHLDA1",4,10,46,60,6.66666666666667,14
"PIGC",4,1,12,17,23.5294117647059,5
"PIGR",4,0,22,26,15.3846153846154,4
"PIGV",4,2,17,23,17.3913043478261,6
"PIM3",4,0,5,9,44.4444444444444,4
"PINLYP",4,0,10,14,28.5714285714286,4
"PIP5KL1",4,0,6,10,40,4
"PLA2G6",4,0,13,17,23.5294117647059,4
"PLIN2",4,0,4,8,50,4
"PLSCR1",4,3,13,20,20,7
"POC1B",4,0,9,13,30.7692307692308,4
"POC1B-GALNT4",4,0,9,13,30.7692307692308,4
"POLE3",4,1,20,25,16,5
"POLR3GL",4,0,21,25,16,4
"PPAPDC1B",4,0,28,32,12.5,4
"PPAT",4,1,12,17,23.5294117647059,5
"PPM1N",4,0,9,13,30.7692307692308,4
"PPOX",4,0,4,8,50,4
"PPP4C",4,0,9,13,30.7692307692308,4
"PPP6R1",4,0,22,26,15.3846153846154,4
"PRDM1",4,2,58,64,6.25,6
"PRPF4",4,1,12,17,23.5294117647059,5
"PRR5L",4,2,11,17,23.5294117647059,6
"PRRT3",4,0,21,25,16,4
"PRSS8",4,0,30,34,11.7647058823529,4
"PSMC2",4,1,13,18,22.2222222222222,5
"PSMC3IP",4,1,18,23,17.3913043478261,5
"PSMD12",4,1,21,26,15.3846153846154,5
"PSMD7",4,3,64,71,5.63380281690141,7
"PSMG2",4,1,32,37,10.8108108108108,5
"PTEN",4,1,21,26,15.3846153846154,5
"PTGS1",4,0,4,8,50,4
"PTPN1",4,0,18,22,18.1818181818182,4
"PTPN12",4,2,53,59,6.77966101694915,6
"QKI",4,8,70,82,4.8780487804878,12
"RAB28",4,1,45,50,8,5
"RAB5C",4,1,18,23,17.3913043478261,5
"RAD52",4,0,8,12,33.3333333333333,4
"RANBP3L",4,0,1,5,80,4
"RARA",4,2,19,25,16,6
"RESP18",4,1,19,24,16.6666666666667,5
"RETSAT",4,0,16,20,20,4
"RGS3",4,1,26,31,12.9032258064516,5
"RLTPR",4,0,24,28,14.2857142857143,4
"RN7SKP107",4,0,8,12,33.3333333333333,4
"RN7SL473P",4,1,23,28,14.2857142857143,5
"RN7SL600P",4,1,23,28,14.2857142857143,5
"RN7SL784P",4,0,14,18,22.2222222222222,4
"RNA5SP392",4,0,10,14,28.5714285714286,4
"RNASE11",4,0,24,28,14.2857142857143,4
"RNASEH2B",4,2,9,15,26.6666666666667,6
"RNASEH2B-AS1",4,2,9,15,26.6666666666667,6
"RNF183",4,1,6,11,36.3636363636364,5
"RNF40",4,1,11,16,25,5
"RNU4-20P",4,3,15,22,18.1818181818182,7
"RNU6-1142P",4,0,39,43,9.30232558139535,4
"RNU6-1143P",4,2,20,26,15.3846153846154,6
"RNU6-1148P",4,1,17,22,18.1818181818182,5
"RNU6-189P",4,2,19,25,16,6
"RNU6-242P",4,0,16,20,20,4
"RNU6-471P",4,1,6,11,36.3636363636364,5
"RNU6-63P",4,0,8,12,33.3333333333333,4
"RNU6-653P",4,0,14,18,22.2222222222222,4
"RNU6-709P",4,0,25,29,13.7931034482759,4
"RNU6-792P",4,0,7,11,36.3636363636364,4
"RNU6-850P",4,0,11,15,26.6666666666667,4
"RNU6-999P",4,0,9,13,30.7692307692308,4
"RNU7-110P",4,3,33,40,10,7
"RNU7-169P",4,0,21,25,16,4
"RNU7-188P",4,0,2,6,66.6666666666667,4
"RNU7-199P",4,1,30,35,11.4285714285714,5
"RNU7-3P",4,0,19,23,17.3913043478261,4
"RNU7-97P",4,1,11,16,25,5
"RNY4P17",4,1,19,24,16.6666666666667,5
"RP1-18D14.7",4,0,12,16,25,4
"RP1-261D10.2",4,2,54,60,6.66666666666667,6
"RP1-43E13.2",4,1,36,41,9.75609756097561,5
"RP11-1020A11.2",4,0,21,25,16,4
"RP11-102C16.3",4,0,7,11,36.3636363636364,4
"RP11-102M11.2",4,3,54,61,6.55737704918033,7
"RP11-1042B17.5",4,1,21,26,15.3846153846154,5
"RP11-133K1.1",4,0,19,23,17.3913043478261,4
"RP11-133K1.6",4,0,19,23,17.3913043478261,4
"RP11-17M16.1",4,0,45,49,8.16326530612245,4
"RP11-180M15.4",4,0,16,20,20,4
"RP11-199F11.2",4,0,10,14,28.5714285714286,4
"RP11-203J24.9",4,0,6,10,40,4
"RP11-215P8.3",4,0,14,18,22.2222222222222,4
"RP11-21B23.1",4,0,67,71,5.63380281690141,4
"RP11-230C9.2",4,0,8,12,33.3333333333333,4
"RP11-230C9.3",4,0,8,12,33.3333333333333,4
"RP11-230C9.4",4,0,8,12,33.3333333333333,4
"RP11-290L1.2",4,10,46,60,6.66666666666667,14
"RP11-290L1.3",4,10,46,60,6.66666666666667,14
"RP11-293M10.2",4,1,54,59,6.77966101694915,5
"RP11-304L19.11",4,0,4,8,50,4
"RP11-304L19.12",4,0,4,8,50,4
"RP11-304L19.8",4,0,4,8,50,4
"RP11-327F22.1",4,0,47,51,7.84313725490196,4
"RP11-347C12.10",4,1,18,23,17.3913043478261,5
"RP11-358B23.1",4,1,18,23,17.3913043478261,5
"RP11-359B12.2",4,0,8,12,33.3333333333333,4
"RP11-373D23.2",4,1,33,38,10.5263157894737,5
"RP11-382J12.1",4,0,21,25,16,4
"RP11-388M20.2",4,0,30,34,11.7647058823529,4
"RP11-393M11.2",4,1,14,19,21.0526315789474,5
"RP11-398C13.6",4,0,36,40,10,4
"RP11-404E16.1",4,0,29,33,12.1212121212121,4
"RP11-441O15.3",4,0,15,19,21.0526315789474,4
"RP11-47I22.1",4,0,41,45,8.88888888888889,4
"RP11-483A20.3",4,1,19,24,16.6666666666667,5
"RP11-498E2.9",4,0,4,8,50,4
"RP11-536G4.2",4,1,9,14,28.5714285714286,5
"RP11-545N8.3",4,0,16,20,20,4
"RP11-54A4.2",4,1,23,28,14.2857142857143,5
"RP11-603J24.6",4,0,23,27,14.8148148148148,4
"RP11-66D17.5",4,2,28,34,11.7647058823529,6
"RP11-680A11.5",4,1,18,23,17.3913043478261,5
"RP11-689B22.2",4,1,24,29,13.7931034482759,5
"RP11-6D1.3",4,2,52,58,6.89655172413793,6
"RP11-715G15.1",4,1,12,17,23.5294117647059,5
"RP11-717A5.1",4,0,16,20,20,4
"RP11-724N1.1",4,0,31,35,11.4285714285714,4
"RP11-734K2.4",4,0,9,13,30.7692307692308,4
"RP11-745O10.2",4,0,8,12,33.3333333333333,4
"RP11-761I4.3",4,0,5,9,44.4444444444444,4
"RP11-809O17.1",4,0,36,40,10,4
"RP11-96L14.7",4,0,26,30,13.3333333333333,4
"RP11-977G19.14",4,0,9,13,30.7692307692308,4
"RP4-668G5.1",4,0,9,13,30.7692307692308,4
"RP4-728D4.2",4,0,10,14,28.5714285714286,4
"RP4-790G17.7",4,1,23,28,14.2857142857143,5
"RP5-1056L3.1",4,0,26,30,13.3333333333333,4
"RP5-1115A15.1",4,0,18,22,18.1818181818182,4
"RP5-1170K4.7",4,2,39,45,8.88888888888889,6
"RP5-837M10.4",4,0,4,8,50,4
"RPA3",4,2,13,19,21.0526315789474,6
"RPA3-AS1",4,2,13,19,21.0526315789474,6
"RPL24",4,1,15,20,20,5
"RPL34",4,1,18,23,17.3913043478261,5
"RPL34-AS1",4,1,18,23,17.3913043478261,5
"RPL7P51",4,0,32,36,11.1111111111111,4
"RPS21",4,0,24,28,14.2857142857143,4
"RPS6",4,0,4,8,50,4
"RRBP1",4,2,32,38,10.5263157894737,6
"RTN2",4,0,9,13,30.7692307692308,4
"SAP30L",4,0,27,31,12.9032258064516,4
"SAP30L-AS1",4,0,27,31,12.9032258064516,4
"SCARNA10",4,0,9,13,30.7692307692308,4
"SCARNA21",4,0,15,19,21.0526315789474,4
"SDHC",4,0,6,10,40,4
"SEC31A",4,1,11,16,25,5
"SELPLG",4,1,24,29,13.7931034482759,5
"SEP15",4,1,18,23,17.3913043478261,5
"SERP2",4,0,12,16,25,4
"SERPING1",4,0,10,14,28.5714285714286,4
"SERTAD2",4,1,22,27,14.8148148148148,5
"SESTD1",4,0,23,27,14.8148148148148,4
"SHFM1",4,1,7,12,33.3333333333333,5
"SHMT2",4,0,8,12,33.3333333333333,4
"SIGLEC14",4,0,32,36,11.1111111111111,4
"SIGLEC5",4,0,32,36,11.1111111111111,4
"SIPA1L1",4,2,54,60,6.66666666666667,6
"SIX1",4,1,19,24,16.6666666666667,5
"SKAP1",4,0,11,15,26.6666666666667,4
"SLC16A13",4,0,13,17,23.5294117647059,4
"SLC43A2",4,0,9,13,30.7692307692308,4
"SLC45A4",4,0,32,36,11.1111111111111,4
"SLC6A6",4,0,14,18,22.2222222222222,4
"SMG5",4,0,12,16,25,4
"SMIM2",4,0,3,7,57.1428571428571,4
"SMIM2-AS1",4,0,9,13,30.7692307692308,4
"SNAPC1",4,1,36,41,9.75609756097561,5
"SNORA30",4,0,15,19,21.0526315789474,4
"SNORA4.4",4,0,17,21,19.047619047619,4
"SNORA63.1",4,0,17,21,19.047619047619,4
"SNORA63.7",4,0,17,21,19.047619047619,4
"SNORA7.3",4,1,12,17,23.5294117647059,5
"SNORA81.3",4,0,17,21,19.047619047619,4
"SNORD112.2",4,5,62,71,5.63380281690141,9
"SNORD42A",4,0,19,23,17.3913043478261,4
"SNORD4B",4,0,19,23,17.3913043478261,4
"SNORD56B",4,3,40,47,8.51063829787234,7
"SNORD94",4,0,30,34,11.7647058823529,4
"snoU13.114",4,1,23,28,14.2857142857143,5
"snoU13.124",4,0,27,31,12.9032258064516,4
"snoU13.191",4,2,24,30,13.3333333333333,6
"snoU13.52",4,0,24,28,14.2857142857143,4
"snoU13.75",4,0,26,30,13.3333333333333,4
"snoU13.77",4,2,42,48,8.33333333333333,6
"SNRPF",4,1,9,14,28.5714285714286,5
"SNX11",4,0,10,14,28.5714285714286,4
"SNX27",4,0,29,33,12.1212121212121,4
"SPACA6P",4,0,28,32,12.5,4
"SPACA6P-AS",4,0,28,32,12.5,4
"SPDYE4",4,2,31,37,10.8108108108108,6
"SQLE",4,2,52,58,6.89655172413793,6
"SRP72",4,1,14,19,21.0526315789474,5
"SRRM5",4,0,10,14,28.5714285714286,4
"ST6GALNAC4",4,0,6,10,40,4
"ST6GALNAC6",4,0,6,10,40,4
"STAG1",4,3,54,61,6.55737704918033,7
"STARD5",4,0,5,9,44.4444444444444,4
"STAT5B",4,1,7,12,33.3333333333333,5
"STIM2",4,1,10,15,26.6666666666667,5
"STON2",4,2,26,32,12.5,6
"STXBP5",4,0,22,26,15.3846153846154,4
"STXBP5-AS1",4,0,22,26,15.3846153846154,4
"SUGP2",4,0,8,12,33.3333333333333,4
"SUPT4H1",4,0,5,9,44.4444444444444,4
"SUV39H2",4,0,36,40,10,4
"TADA3",4,0,24,28,14.2857142857143,4
"TAL1",4,0,13,17,23.5294117647059,4
"TARBP1",4,1,3,8,50,5
"TFAP2E",4,0,10,14,28.5714285714286,4
"TFP1",4,2,16,22,18.1818181818182,6
"THADA",4,0,7,11,36.3636363636364,4
"THAP9",4,1,11,16,25,5
"THAP9-AS1",4,1,11,16,25,5
"THNSL2",4,0,16,20,20,4
"TIMELESS",4,0,15,19,21.0526315789474,4
"TIMM10B",4,0,19,23,17.3913043478261,4
"TLCD1",4,0,19,23,17.3913043478261,4
"TMCC1",4,0,19,23,17.3913043478261,4
"TMCC1-AS1",4,0,19,23,17.3913043478261,4
"TMEM115",4,0,9,13,30.7692307692308,4
"TMEM14E",4,0,5,9,44.4444444444444,4
"TMEM182",4,1,10,15,26.6666666666667,5
"TMEM194A",4,0,16,20,20,4
"TMEM63A",4,0,6,10,40,4
"TMEM79",4,0,12,16,25,4
"TMPRSS6",4,2,39,45,8.88888888888889,6
"TOP1",4,0,18,22,18.1818181818182,4
"TOP2A",4,1,14,19,21.0526315789474,5
"TOPBP1",4,2,16,22,18.1818181818182,6
"TPRG1",4,0,39,43,9.30232558139535,4
"TPST1",4,0,23,27,14.8148148148148,4
"TRAK1",4,0,7,11,36.3636363636364,4
"TRAM1",4,0,21,25,16,4
"TRAPPC3",4,0,15,19,21.0526315789474,4
"TRAPPC3L",4,2,36,42,9.52380952380952,6
"TRIM59",4,0,2,6,66.6666666666667,4
"TRIO",4,2,52,58,6.89655172413793,6
"TSHR",4,2,32,38,10.5263157894737,6
"TSPAN1",4,0,23,27,14.8148148148148,4
"TTLL11",4,0,13,17,23.5294117647059,4
"TTLL3",4,0,30,34,11.7647058823529,4
"TYW5",4,3,42,49,8.16326530612245,7
"UBE3C",4,2,36,42,9.52380952380952,6
"UBR4",4,1,36,41,9.75609756097561,5
"UBR5",4,0,11,15,26.6666666666667,4
"UCHL1",4,1,18,23,17.3913043478261,5
"UCHL1-AS1",4,1,18,23,17.3913043478261,5
"UMODL1",4,1,15,20,20,5
"USP39",4,0,32,36,11.1111111111111,4
"USP48",4,1,21,26,15.3846153846154,5
"VAV3",4,1,27,32,12.5,5
"VAV3-AS1",4,1,27,32,12.5,5
"VIMP",4,3,40,47,8.51063829787234,7
"VPS41",4,0,13,17,23.5294117647059,4
"VRK2",4,0,15,19,21.0526315789474,4
"VWF",4,0,23,27,14.8148148148148,4
"WBP4",4,0,7,11,36.3636363636364,4
"WDR77",4,0,20,24,16.6666666666667,4
"WRAP53",4,0,14,18,22.2222222222222,4
"WRNIP1",4,0,6,10,40,4
"XRCC1",4,0,10,14,28.5714285714286,4
"XXcos-LUCA11.5",4,0,14,18,22.2222222222222,4
"XXYLT1-AS1",4,1,32,37,10.8108108108108,5
"Y_RNA.356",4,0,8,12,33.3333333333333,4
"Y_RNA.403",4,0,39,43,9.30232558139535,4
"Y_RNA.418",4,0,13,17,23.5294117647059,4
"ZDHHC5",4,0,32,36,11.1111111111111,4
"ZEB1",4,0,13,17,23.5294117647059,4
"ZEB1-AS1",4,0,13,17,23.5294117647059,4
"ZNF184",4,0,11,15,26.6666666666667,4
"ZNF219",4,0,29,33,12.1212121212121,4
"ZNF225",4,3,40,47,8.51063829787234,7
"ZNF234",4,0,22,26,15.3846153846154,4
"ZNF333",4,0,2,6,66.6666666666667,4
"ZNF516",4,0,45,49,8.16326530612245,4
"ZNF572",4,1,44,49,8.16326530612245,5
"ZNF575",4,0,14,18,22.2222222222222,4
"ZNF576",4,0,10,14,28.5714285714286,4
"ZNF593",4,0,26,30,13.3333333333333,4
"ZNF609",4,1,5,10,40,5
"ZNF668",4,0,29,33,12.1212121212121,4
"ZNF689",4,0,17,21,19.047619047619,4
"ZNRD1",4,0,26,30,13.3333333333333,4
"ZNRD1-AS1",4,0,26,30,13.3333333333333,4
"ZSCAN2",4,0,13,17,23.5294117647059,4
"A2ML1-AS1",3,1,5,9,33.3333333333333,4
"AASDH",3,0,18,21,14.2857142857143,3
"ABCA17P",3,0,5,8,37.5,3
"ABCA2",3,0,7,10,30,3
"ABCA3",3,0,5,8,37.5,3
"ABCC4",3,0,17,20,15,3
"ABHD16A",3,0,10,13,23.0769230769231,3
"ABHD4",3,0,10,13,23.0769230769231,3
"ABTB2",3,0,31,34,8.82352941176471,3
"AC002117.1",3,0,12,15,20,3
"AC002454.1",3,2,20,25,12,5
"AC005037.3",3,0,15,18,16.6666666666667,3
"AC006483.1",3,0,13,16,18.75,3
"AC006960.7",3,0,4,7,42.8571428571429,3
"AC007242.1",3,1,30,34,8.82352941176471,4
"AC007391.2",3,0,7,10,30,3
"AC007879.5",3,0,19,22,13.6363636363636,3
"AC009065.1",3,0,2,5,60,3
"AC009501.4",3,1,7,11,27.2727272727273,4
"AC009506.1",3,0,12,15,20,3
"AC009961.3",3,3,25,31,9.67741935483871,6
"AC010295.1",3,0,7,10,30,3
"AC010761.8",3,0,19,22,13.6363636363636,3
"AC011290.4",3,1,11,15,20,4
"AC011465.1",3,0,13,16,18.75,3
"AC012358.8",3,1,21,25,12,4
"AC013264.2",3,0,9,12,25,3
"AC017006.2",3,0,26,29,10.3448275862069,3
"AC018755.1",3,0,25,28,10.7142857142857,3
"AC018755.16",3,0,25,28,10.7142857142857,3
"AC019201.1",3,0,18,21,14.2857142857143,3
"AC026956.1",3,0,13,16,18.75,3
"AC034228.2",3,0,18,21,14.2857142857143,3
"AC034228.3",3,0,21,24,12.5,3
"AC067968.3",3,0,7,10,30,3
"AC068039.4",3,0,0,3,100,3
"AC068831.3",3,0,9,12,25,3
"AC079080.1",3,1,30,34,8.82352941176471,4
"AC079305.10",3,2,28,33,9.09090909090909,5
"AC079807.2",3,0,25,28,10.7142857142857,3
"AC090587.4",3,0,19,22,13.6363636363636,3
"AC090587.5",3,0,19,22,13.6363636363636,3
"AC090952.5",3,1,26,30,10,4
"AC092171.2",3,0,13,16,18.75,3
"AC093388.3",3,0,12,15,20,3
"AC093620.5",3,0,13,16,18.75,3
"AC096649.2",3,0,9,12,25,3
"AC096670.3",3,3,24,30,10,6
"AC097468.4",3,0,10,13,23.0769230769231,3
"AC104623.2",3,0,19,22,13.6363636363636,3
"AC104695.4",3,0,13,16,18.75,3
"AC105053.4",3,0,10,13,23.0769230769231,3
"AC106873.4",3,1,3,7,42.8571428571429,4
"AC112219.1",3,0,34,37,8.10810810810811,3
"AC117395.1",3,0,12,15,20,3
"AC139149.1",3,0,8,11,27.2727272727273,3
"ACAD8",3,1,28,32,9.375,4
"ACAP1",3,0,27,30,10,3
"ACSL6",3,0,18,21,14.2857142857143,3
"ACTA1",3,0,3,6,50,3
"ACTG1",3,0,10,13,23.0769230769231,3
"ACVR1",3,1,13,17,17.6470588235294,4
"ACYP1",3,0,20,23,13.0434782608696,3
"ADAR",3,0,11,14,21.4285714285714,3
"ADC",3,0,15,18,16.6666666666667,3
"ADIPOQ",3,0,17,20,15,3
"ADM",3,0,26,29,10.3448275862069,3
"ADORA2A",3,0,12,15,20,3
"ADPGK",3,0,15,18,16.6666666666667,3
"ADPGK-AS1",3,0,15,18,16.6666666666667,3
"ADPRHL2",3,0,9,12,25,3
"AGAP7",3,1,36,40,7.5,4
"AGBL3",3,0,15,18,16.6666666666667,3
"AJUBA",3,0,9,12,25,3
"AK2",3,0,15,18,16.6666666666667,3
"AKAP10",3,2,28,33,9.09090909090909,5
"AL022328.1",3,0,3,6,50,3
"AL096677.1",3,1,24,28,10.7142857142857,4
"AL122015.1",3,5,35,43,6.97674418604651,8
"AL136160.1",3,2,17,22,13.6363636363636,5
"AL161790.1",3,0,0,3,100,3
"AL357519.1",3,3,17,23,13.0434782608696,6
"AL390776.1",3,0,18,21,14.2857142857143,3
"AL590431.1",3,0,12,15,20,3
"AL662800.2",3,0,10,13,23.0769230769231,3
"ALDH4A1",3,0,16,19,15.7894736842105,3
"ALPK3",3,2,25,30,10,5
"AMD1",3,1,13,17,17.6470588235294,4
"AMHR2",3,0,19,22,13.6363636363636,3
"AMPD3",3,0,26,29,10.3448275862069,3
"AMZ1",3,0,21,24,12.5,3
"ANAPC15",3,0,15,18,16.6666666666667,3
"ANKRD63",3,0,21,24,12.5,3
"ANKUB1",3,0,13,16,18.75,3
"ANKZF1",3,0,7,10,30,3
"ANTXR2",3,0,11,14,21.4285714285714,3
"ANXA4",3,0,10,13,23.0769230769231,3
"AP000936.4",3,2,35,40,7.5,5
"AP001412.1",3,1,19,23,13.0434782608696,4
"AP003041.2",3,2,33,38,7.89473684210526,5
"AP005482.1",3,1,21,25,12,4
"AP006216.10",3,1,26,30,10,4
"AP006216.11",3,1,26,30,10,4
"AP4S1",3,0,11,14,21.4285714285714,3
"AP5Z1",3,0,11,14,21.4285714285714,3
"APBB1",3,0,23,26,11.5384615384615,3
"APLP2",3,2,33,38,7.89473684210526,5
"APOL6",3,6,33,42,7.14285714285714,9
"ARAP2",3,0,41,44,6.81818181818182,3
"ARF4",3,0,8,11,27.2727272727273,3
"ARF5",3,0,9,12,25,3
"ARFGAP2",3,0,17,20,15,3
"ARHGAP18",3,1,16,20,15,4
"ARHGAP31",3,0,6,9,33.3333333333333,3
"ARHGAP9",3,0,11,14,21.4285714285714,3
"ARHGEF19-AS1",3,0,15,18,16.6666666666667,3
"ARID5A",3,0,13,16,18.75,3
"ARID5B",3,1,16,20,15,4
"ARMC5",3,1,27,31,9.67741935483871,4
"ASUN",3,0,1,4,75,3
"ATAD1",3,0,12,15,20,3
"ATF2",3,0,9,12,25,3
"ATG16L1",3,1,30,34,8.82352941176471,4
"ATG9A",3,0,8,11,27.2727272727273,3
"ATP13A4",3,3,31,37,8.10810810810811,6
"ATP5G2",3,2,8,13,23.0769230769231,5
"ATPAF1",3,0,10,13,23.0769230769231,3
"AUP1",3,0,18,21,14.2857142857143,3
"BAK1",3,0,8,11,27.2727272727273,3
"BATF3",3,1,14,18,16.6666666666667,4
"BAZ2A",3,0,18,21,14.2857142857143,3
"BAZ2B",3,0,12,15,20,3
"BBX",3,1,12,16,18.75,4
"BCAN",3,2,16,21,14.2857142857143,5
"BCAT2",3,0,9,12,25,3
"BCKDHB",3,0,11,14,21.4285714285714,3
"BCL2L11",3,3,24,30,10,6
"BCL6B",3,0,13,16,18.75,3
"BEND5",3,0,6,9,33.3333333333333,3
"BFSP1",3,0,12,15,20,3
"BHLHE41",3,1,27,31,9.67741935483871,4
"BIRC6",3,2,25,30,10,5
"BIVM",3,1,30,34,8.82352941176471,4
"BIVM-ERCC5",3,1,30,34,8.82352941176471,4
"BMP10",3,0,3,6,50,3
"BMP2K",3,0,14,17,17.6470588235294,3
"BOLA3",3,1,30,34,8.82352941176471,4
"BOLA3-AS1",3,1,30,34,8.82352941176471,4
"BPGM",3,0,14,17,17.6470588235294,3
"BTAF1",3,1,9,13,23.0769230769231,4
"BTBD18",3,0,12,15,20,3
"BTG1",3,2,33,38,7.89473684210526,5
"BUD13",3,1,26,30,10,4
"C10orf25",3,2,18,23,13.0434782608696,5
"C11orf1",3,1,27,31,9.67741935483871,4
"C12orf45",3,0,5,8,37.5,3
"C12orf55",3,2,37,42,7.14285714285714,5
"C12orf79",3,2,33,38,7.89473684210526,5
"C14orf119",3,1,17,21,14.2857142857143,4
"C14orf178",3,0,14,17,17.6470588235294,3
"C15orf48",3,1,36,40,7.5,4
"C16orf86",3,0,17,20,15,3
"C16orf92",3,0,12,15,20,3
"C1orf112",3,0,13,16,18.75,3
"C1orf132",3,0,24,27,11.1111111111111,3
"C1orf145",3,1,11,15,20,4
"C1orf194",3,1,25,29,10.3448275862069,4
"C1orf61",3,0,10,13,23.0769230769231,3
"C1QTNF2",3,0,15,18,16.6666666666667,3
"C20orf195",3,0,17,20,15,3
"C2CD2L",3,1,21,25,12,4
"C2CD5",3,1,21,25,12,4
"C3orf18",3,0,4,7,42.8571428571429,3
"C3orf36",3,1,22,26,11.5384615384615,4
"C3orf72",3,0,18,21,14.2857142857143,3
"C4orf32",3,1,29,33,9.09090909090909,4
"C5orf54",3,1,20,24,12.5,4
"C6orf136",3,0,10,13,23.0769230769231,3
"C6orf52",3,1,15,19,15.7894736842105,4
"C6orf62",3,0,24,27,11.1111111111111,3
"C7orf73",3,1,27,31,9.67741935483871,4
"C9",3,0,19,22,13.6363636363636,3
"C9orf139",3,0,7,10,30,3
"C9orf66",3,1,11,15,20,4
"CACNA1G",3,1,26,30,10,4
"CACNA1G-AS1",3,1,26,30,10,4
"CACNA1I",3,0,17,20,15,3
"CAGE1",3,0,21,24,12.5,3
"CAPN7",3,1,13,17,17.6470588235294,4
"CATSPERG",3,0,10,13,23.0769230769231,3
"CCDC147",3,3,34,40,7.5,6
"CCDC147-AS1",3,3,34,40,7.5,6
"CCDC148-AS1",3,0,12,15,20,3
"CCDC183",3,0,12,15,20,3
"CCDC3",3,0,10,13,23.0769230769231,3
"CCDC88A",3,2,26,31,9.67741935483871,5
"CCDC93",3,0,12,15,20,3
"CCNA2",3,0,5,8,37.5,3
"CCNB1",3,3,32,38,7.89473684210526,6
"CCNI2",3,0,4,7,42.8571428571429,3
"CCNK",3,3,11,17,17.6470588235294,6
"CCNYL1",3,0,12,15,20,3
"CCR1",3,0,23,26,11.5384615384615,3
"CCR7",3,2,7,12,25,5
"CCRL2",3,0,11,14,21.4285714285714,3
"CCSAP",3,0,5,8,37.5,3
"CCT3",3,0,11,14,21.4285714285714,3
"CCT5",3,1,24,28,10.7142857142857,4
"CCT6B",3,1,17,21,14.2857142857143,4
"CCT8",3,2,21,26,11.5384615384615,5
"CD180",3,1,10,14,21.4285714285714,4
"CD274",3,0,16,19,15.7894736842105,3
"CD2AP",3,1,14,18,16.6666666666667,4
"CD300E",3,0,25,28,10.7142857142857,3
"CD3D",3,0,6,9,33.3333333333333,3
"CD3EAP",3,0,5,8,37.5,3
"CD3G",3,0,6,9,33.3333333333333,3
"CD4",3,1,16,20,15,4
"CD58",3,0,24,27,11.1111111111111,3
"CD68",3,0,7,10,30,3
"CDK6",3,2,20,25,12,5
"CDKN1A",3,1,7,11,27.2727272727273,4
"CEACAM18",3,0,23,26,11.5384615384615,3
"CEBPB",3,0,39,42,7.14285714285714,3
"CEBPE",3,0,4,7,42.8571428571429,3
"CENPH",3,2,27,32,9.375,5
"CEP152",3,3,10,16,18.75,6
"CEP290",3,0,10,13,23.0769230769231,3
"CEP76",3,0,24,27,11.1111111111111,3
"CERS6",3,0,23,26,11.5384615384615,3
"CES2",3,0,13,16,18.75,3
"CETN3",3,2,15,20,15,5
"CFI",3,0,7,10,30,3
"CFL2",3,0,5,8,37.5,3
"CHAC1",3,1,6,10,30,4
"CHCHD2",3,0,18,21,14.2857142857143,3
"CHCHD5",3,0,14,17,17.6470588235294,3
"CHCHD6",3,0,17,20,15,3
"CHD7",3,0,34,37,8.10810810810811,3
"CHI3L2",3,0,16,19,15.7894736842105,3
"CHMP3",3,0,32,35,8.57142857142857,3
"CHRD",3,1,16,20,15,4
"CHST13",3,0,25,28,10.7142857142857,3
"CHTOP",3,0,16,19,15.7894736842105,3
"CIAO1",3,2,40,45,6.66666666666667,5
"CIC",3,0,22,25,12,3
"CKAP2L",3,0,17,20,15,3
"CLASP2",3,1,12,16,18.75,4
"CLDN7",3,0,14,17,17.6470588235294,3
"CLEC7A",3,0,23,26,11.5384615384615,3
"CLK1",3,0,12,15,20,3
"CMBL",3,0,20,23,13.0434782608696,3
"CMPK1",3,0,2,5,60,3
"CNEP1R1",3,0,36,39,7.69230769230769,3
"CNGB1",3,0,7,10,30,3
"CNTD1",3,1,8,12,25,4
"COA3",3,1,8,12,25,4
"COG1",3,0,19,22,13.6363636363636,3
"COG5",3,2,7,12,25,5
"COL6A4P1",3,1,13,17,17.6470588235294,4
"COMMD2",3,0,19,22,13.6363636363636,3
"COPS4",3,1,9,13,23.0769230769231,4
"COX6A1P2",3,0,21,24,12.5,3
"COX7A2",3,2,24,29,10.3448275862069,5
"CPB2-AS1",3,0,8,11,27.2727272727273,3
"CPN2",3,0,10,13,23.0769230769231,3
"CPSF2",3,1,29,33,9.09090909090909,4
"CREB1",3,0,19,22,13.6363636363636,3
"CRNDE",3,0,19,22,13.6363636363636,3
"CRTAP",3,0,17,20,15,3
"CRTC2",3,0,22,25,12,3
"CRYBG3",3,4,29,36,8.33333333333333,7
"CSNK2B",3,0,13,16,18.75,3
"CSNK2B-LY6G5B",3,0,16,19,15.7894736842105,3
"CSRNP2",3,0,13,16,18.75,3
"CTA-134P22.2",3,0,10,13,23.0769230769231,3
"CTA-445C9.14",3,0,5,8,37.5,3
"CTA-445C9.15",3,0,5,8,37.5,3
"CTC-308K20.1",3,0,10,13,23.0769230769231,3
"CTC-308K20.2",3,0,10,13,23.0769230769231,3
"CTC-321K16.1",3,2,14,19,15.7894736842105,5
"CTC-338M12.4",3,0,11,14,21.4285714285714,3
"CTC-432M15.3",3,0,10,13,23.0769230769231,3
"CTC-436P18.1",3,1,11,15,20,4
"CTD-2105E13.6",3,0,4,7,42.8571428571429,3
"CTD-2203A3.1",3,0,5,8,37.5,3
"CTD-2256P15.1",3,1,24,28,10.7142857142857,4
"CTD-2260A17.2",3,0,6,9,33.3333333333333,3
"CTD-2545G14.7",3,0,15,18,16.6666666666667,3
"CTD-2555K7.2",3,0,22,25,12,3
"CTD-3073N11.5",3,0,21,24,12.5,3
"CTD-3203P2.2",3,0,18,21,14.2857142857143,3
"CTDNEP1",3,0,15,18,16.6666666666667,3
"CTDSP1",3,0,19,22,13.6363636363636,3
"CTSK",3,1,12,16,18.75,4
"CTSO",3,1,1,5,60,4
"CUL1",3,1,14,18,16.6666666666667,4
"CXCL2",3,0,19,22,13.6363636363636,3
"CYP17A1",3,0,21,24,12.5,3
"CYR61",3,1,14,18,16.6666666666667,4
"DARC",3,0,10,13,23.0769230769231,3
"DBF4",3,0,15,18,16.6666666666667,3
"DBX1",3,0,3,6,50,3
"DCAF17",3,0,0,3,100,3
"DCUN1D3",3,1,6,10,30,4
"DDIT3",3,0,11,14,21.4285714285714,3
"DDX39B",3,0,18,21,14.2857142857143,3
"DDX39B-AS1",3,0,18,21,14.2857142857143,3
"DDX46",3,1,10,14,21.4285714285714,4
"DECR1",3,1,28,32,9.375,4
"DEDD2",3,0,22,25,12,3
"DENND2D",3,0,17,20,15,3
"DGKA",3,0,10,13,23.0769230769231,3
"DGKH",3,2,9,14,21.4285714285714,5
"DHFRL1",3,1,25,29,10.3448275862069,4
"DIEXF",3,0,21,24,12.5,3
"DISP2",3,0,9,12,25,3
"DLL4",3,1,6,10,30,4
"DLX3",3,0,39,42,7.14285714285714,3
"DNAJB8",3,0,7,10,30,3
"DNAJC7",3,1,14,18,16.6666666666667,4
"DOC2A",3,0,19,22,13.6363636363636,3
"DOCK4-AS1",3,0,7,10,30,3
"DOCK5",3,0,16,19,15.7894736842105,3
"DPAGT1",3,1,21,25,12,4
"DPF1",3,0,5,8,37.5,3
"DPH1",3,1,36,40,7.5,4
"DPYD-AS2",3,0,4,7,42.8571428571429,3
"DSCAML1",3,1,48,52,5.76923076923077,4
"DSCR3",3,1,19,23,13.0434782608696,4
"DSTN",3,0,12,15,20,3
"DTL",3,2,21,26,11.5384615384615,5
"DTX1",3,0,4,7,42.8571428571429,3
"DUPD1",3,0,4,7,42.8571428571429,3
"DUS4L",3,2,7,12,25,5
"DUSP13",3,0,6,9,33.3333333333333,3
"DVL2",3,0,15,18,16.6666666666667,3
"DYNC1LI2",3,1,21,25,12,4
"DYNLT1",3,0,14,17,17.6470588235294,3
"ECI1",3,0,2,5,60,3
"EEF1A1",3,3,26,32,9.375,6
"EEF1B2",3,2,29,34,8.82352941176471,5
"EEF1G",3,0,11,14,21.4285714285714,3
"EFCAB14-AS1",3,0,10,13,23.0769230769231,3
"EIF4A1",3,0,7,10,30,3
"EIF4A2",3,1,13,17,17.6470588235294,4
"ELP5",3,0,15,18,16.6666666666667,3
"EMILIN1",3,0,10,13,23.0769230769231,3
"EML6",3,0,3,6,50,3
"ENG",3,0,5,8,37.5,3
"ENOPH1",3,0,13,16,18.75,3
"ENTPD3-AS1",3,2,16,21,14.2857142857143,5
"EPN3",3,0,32,35,8.57142857142857,3
"EPS8",3,2,23,28,10.7142857142857,5
"ERCC4",3,2,37,42,7.14285714285714,5
"ERI2",3,2,9,14,21.4285714285714,5
"ERI3",3,0,17,20,15,3
"ERO1L",3,1,6,10,30,4
"ESF1",3,2,11,16,18.75,5
"ESYT2",3,4,30,37,8.10810810810811,7
"ETNK2",3,0,13,16,18.75,3
"EXOC7",3,0,25,28,10.7142857142857,3
"EXTL2",3,1,25,29,10.3448275862069,4
"F3",3,0,27,30,10,3
"FAM101A",3,3,42,48,6.25,6
"FAM101B",3,0,22,25,12,3
"FAM105A",3,0,73,76,3.94736842105263,3
"FAM110D",3,0,18,21,14.2857142857143,3
"FAM114A1",3,0,0,3,100,3
"FAM129A",3,1,13,17,17.6470588235294,4
"FAM173B",3,1,24,28,10.7142857142857,4
"FAM179B",3,5,22,30,10,8
"FAM208B",3,1,12,16,18.75,4
"FAM210B",3,0,14,17,17.6470588235294,3
"FAM214B",3,1,14,18,16.6666666666667,4
"FAM219B",3,1,13,17,17.6470588235294,4
"FAM228B",3,2,6,11,27.2727272727273,5
"FAM229B",3,1,14,18,16.6666666666667,4
"FAM26D",3,3,38,44,6.81818181818182,6
"FAM26F",3,2,39,44,6.81818181818182,5
"FAM57B",3,0,12,15,20,3
"FAM71E2",3,0,4,7,42.8571428571429,3
"FAM83F",3,1,22,26,11.5384615384615,4
"FAM96B",3,0,13,16,18.75,3
"FANCM",3,6,22,31,9.67741935483871,9
"FARSB",3,2,11,16,18.75,5
"FBXL18",3,0,15,18,16.6666666666667,3
"FBXL22",3,1,14,18,16.6666666666667,4
"FBXO11",3,0,25,28,10.7142857142857,3
"FBXO18",3,0,8,11,27.2727272727273,3
"FBXO42",3,0,13,16,18.75,3
"FCER1A",3,0,4,7,42.8571428571429,3
"FDXACB1",3,1,27,31,9.67741935483871,4
"FGD4",3,1,8,12,25,4
"FGF1",3,0,11,14,21.4285714285714,3
"FGFR1OP2",3,0,1,4,75,3
"FHL3",3,0,12,15,20,3
"FIZ1",3,0,7,10,30,3
"FKBP3",3,6,22,31,9.67741935483871,9
"FKRP",3,0,10,13,23.0769230769231,3
"FLI1",3,0,25,28,10.7142857142857,3
"FMNL2",3,3,50,56,5.35714285714286,6
"FNBP4",3,0,37,40,7.5,3
"FNIP1",3,0,10,13,23.0769230769231,3
"FOXC1",3,1,20,24,12.5,4
"FOXL2",3,0,18,21,14.2857142857143,3
"FOXN2",3,0,29,32,9.375,3
"FPR3",3,0,22,25,12,3
"FRS3",3,0,23,26,11.5384615384615,3
"FSCN1",3,0,15,18,16.6666666666667,3
"FSCN3",3,0,9,12,25,3
"FSTL4",3,2,8,13,23.0769230769231,5
"FTO",3,0,2,5,60,3
"FZD5",3,2,29,34,8.82352941176471,5
"GABARAP",3,0,15,18,16.6666666666667,3
"GABARAPL3",3,0,7,10,30,3
"GALR2",3,0,15,18,16.6666666666667,3
"GATA2",3,0,9,12,25,3
"GATM",3,1,31,35,8.57142857142857,4
"GBP5",3,0,13,16,18.75,3
"GCC2",3,0,27,30,10,3
"GEMIN2",3,2,16,21,14.2857142857143,5
"GEMIN8P4",3,3,16,22,13.6363636363636,6
"GGCX",3,0,13,16,18.75,3
"GJB2",3,1,29,33,9.09090909090909,4
"GLB1",3,0,12,15,20,3
"GLYR1",3,1,40,44,6.81818181818182,4
"GMCL1",3,0,4,7,42.8571428571429,3
"GNB2L1",3,0,11,14,21.4285714285714,3
"GNLY",3,0,21,24,12.5,3
"GOLT1A",3,0,21,24,12.5,3
"GP5",3,0,11,14,21.4285714285714,3
"GP9",3,0,7,10,30,3
"GPANK1",3,0,13,16,18.75,3
"GPATCH3",3,0,6,9,33.3333333333333,3
"GPCPD1",3,0,29,32,9.375,3
"GPN2",3,0,3,6,50,3
"GPR162",3,1,15,19,15.7894736842105,4
"GPR182",3,0,15,18,16.6666666666667,3
"GPR3",3,0,18,21,14.2857142857143,3
"GPR56",3,0,5,8,37.5,3
"GPR65",3,0,20,23,13.0434782608696,3
"GRK5",3,0,28,31,9.67741935483871,3
"GRK5-IT1",3,0,28,31,9.67741935483871,3
"GS1-251I9.3",3,1,9,13,23.0769230769231,4
"GS1-251I9.4",3,3,18,24,12.5,6
"GSAP",3,0,33,36,8.33333333333333,3
"GSG1L",3,0,41,44,6.81818181818182,3
"GTF2E2",3,1,23,27,11.1111111111111,4
"GTF3A",3,0,2,5,60,3
"GTF3C3",3,0,6,9,33.3333333333333,3
"GTF3C6",3,1,20,24,12.5,4
"GUCA1A",3,0,7,10,30,3
"GUCA1B",3,0,6,9,33.3333333333333,3
"GUCY1A3",3,0,4,7,42.8571428571429,3
"GUCY1B3",3,1,8,12,25,4
"H2AFJ",3,3,19,25,12,6
"HAL",3,0,3,6,50,3
"HAPLN4",3,1,20,24,12.5,4
"HBCBP",3,0,15,18,16.6666666666667,3
"HDAC10",3,0,3,6,50,3
"HECTD1",3,1,20,24,12.5,4
"HELQ",3,2,6,11,27.2727272727273,5
"HEMK1",3,0,4,7,42.8571428571429,3
"HERC4",3,2,26,31,9.67741935483871,5
"HES7",3,0,6,9,33.3333333333333,3
"HEXIM2",3,0,12,15,20,3
"HIAT1",3,1,6,10,30,4
"HIBCH",3,0,9,12,25,3
"HINT3",3,1,19,23,13.0434782608696,4
"HIRIP3",3,0,17,20,15,3
"HIST1H1PS1",3,1,25,29,10.3448275862069,4
"HIST1H2AG",3,0,12,15,20,3
"HIST1H2AK",3,0,14,17,17.6470588235294,3
"HIST1H2BJ",3,0,12,15,20,3
"HIST1H2BN",3,0,14,17,17.6470588235294,3
"HIST1H4D",3,1,25,29,10.3448275862069,4
"HM13",3,1,7,11,27.2727272727273,4
"HMGN4",3,0,15,18,16.6666666666667,3
"HNRNPDL",3,0,13,16,18.75,3
"HOXB3",3,3,38,44,6.81818181818182,6
"HOXD11",3,0,16,19,15.7894736842105,3
"HOXD9",3,0,19,22,13.6363636363636,3
"HPS4",3,0,6,9,33.3333333333333,3
"HS3ST1",3,0,11,14,21.4285714285714,3
"HSPD1",3,0,15,18,16.6666666666667,3
"HSPE1",3,0,14,17,17.6470588235294,3
"HSPE1-MOB4",3,0,14,17,17.6470588235294,3
"HTRA2",3,0,18,21,14.2857142857143,3
"ICAM2",3,0,29,32,9.375,3
"IER5",3,0,8,11,27.2727272727273,3
"IFNAR2",3,2,24,29,10.3448275862069,5
"IFRG15",3,0,11,14,21.4285714285714,3
"IFT122",3,0,29,32,9.375,3
"IFT43",3,0,9,12,25,3
"IFT80",3,0,3,6,50,3
"IKZF4",3,0,5,8,37.5,3
"IL11",3,0,4,7,42.8571428571429,3
"IL19",3,0,17,20,15,3
"IL1A",3,1,22,26,11.5384615384615,4
"IL1F10",3,1,23,27,11.1111111111111,4
"IL4R",3,0,18,21,14.2857142857143,3
"ILK",3,0,31,34,8.82352941176471,3
"INO80E",3,0,17,20,15,3
"INPP1",3,0,9,12,25,3
"INPP5K",3,0,13,16,18.75,3
"INSRR",3,0,16,19,15.7894736842105,3
"INTS7",3,2,21,26,11.5384615384615,5
"IQCE",3,0,10,13,23.0769230769231,3
"IQGAP1",3,1,27,31,9.67741935483871,4
"IRF1",3,0,13,16,18.75,3
"IRX5",3,0,19,22,13.6363636363636,3
"ISCA1P4",3,1,6,10,30,4
"ISCU",3,1,20,24,12.5,4
"ISG20L2",3,2,33,38,7.89473684210526,5
"ISY1",3,0,9,12,25,3
"ISY1-RAB43",3,0,9,12,25,3
"ITPR1",3,0,26,29,10.3448275862069,3
"ITPR1-AS1",3,0,26,29,10.3448275862069,3
"IZUMO1",3,0,3,6,50,3
"JDP2",3,1,43,47,6.38297872340426,4
"JTB",3,0,19,22,13.6363636363636,3
"KB-1615E4.2",3,1,6,10,30,4
"KB-1639H6.4",3,2,25,30,10,5
"KBTBD8",3,3,27,33,9.09090909090909,6
"KCNK17",3,0,12,15,20,3
"KCNK9",3,0,24,27,11.1111111111111,3
"KCTD11",3,0,25,28,10.7142857142857,3
"KCTD3",3,1,22,26,11.5384615384615,4
"KHK",3,0,10,13,23.0769230769231,3
"KIAA1324",3,1,25,29,10.3448275862069,4
"KIAA2013",3,0,7,10,30,3
"KIF20B",3,0,10,13,23.0769230769231,3
"KLHDC9",3,0,16,19,15.7894736842105,3
"KLHL2",3,0,32,35,8.57142857142857,3
"KLHL21",3,0,9,12,25,3
"KLHL28",3,5,22,30,10,8
"KLHL3",3,0,9,12,25,3
"KLHL6",3,0,17,20,15,3
"KMT2E",3,1,18,22,13.6363636363636,4
"KMT2E-AS1",3,1,18,22,13.6363636363636,4
"KPNA5",3,6,23,32,9.375,9
"KRI1",3,0,9,12,25,3
"KRT18P22",3,2,39,44,6.81818181818182,5
"KRTAP5",3,0,18,21,14.2857142857143,3
"KRTCAP2",3,0,2,5,60,3
"KRTDAP",3,2,25,30,10,5
"LACTB2",3,1,17,21,14.2857142857143,4
"LAMTOR1",3,0,15,18,16.6666666666667,3
"LAP3P2",3,1,7,11,27.2727272727273,4
"LEPRE1",3,0,14,17,17.6470588235294,3
"LEPREL2",3,1,15,19,15.7894736842105,4
"LIF",3,0,10,13,23.0769230769231,3
"LIG3",3,1,17,21,14.2857142857143,4
"LINC00112",3,0,12,15,20,3
"LINC00167",3,0,30,33,9.09090909090909,3
"LINC00479",3,0,12,15,20,3
"LINC00842",3,0,32,35,8.57142857142857,3
"LINC00917",3,0,5,8,37.5,3
"LINC01004",3,1,18,22,13.6363636363636,4
"LIPJ",3,1,5,9,33.3333333333333,4
"LIX1",3,2,32,37,8.10810810810811,5
"LMAN2",3,0,11,14,21.4285714285714,3
"LMOD3",3,2,16,21,14.2857142857143,5
"LNPEP",3,0,6,9,33.3333333333333,3
"LPP",3,1,14,18,16.6666666666667,4
"LPP-AS2",3,1,14,18,16.6666666666667,4
"LRCH1",3,0,26,29,10.3448275862069,3
"LRIG1",3,0,17,20,15,3
"LRRC4",3,1,21,25,12,4
"LRRFIP2",3,0,14,17,17.6470588235294,3
"LSM2",3,0,14,17,17.6470588235294,3
"LSM4",3,0,7,10,30,3
"LTBP2",3,1,9,13,23.0769230769231,4
"LXN",3,0,16,19,15.7894736842105,3
"LY6G5B",3,0,16,19,15.7894736842105,3
"LY6G5C",3,0,9,12,25,3
"LYL1",3,1,8,12,25,4
"LYRM1",3,1,6,10,30,4
"LYRM9",3,4,35,42,7.14285714285714,7
"MACROD1",3,0,3,6,50,3
"MALAT1",3,0,12,15,20,3
"MAP3K14-AS1",3,0,12,15,20,3
"MAP3K7CL",3,2,16,21,14.2857142857143,5
"MAPK11",3,0,3,6,50,3
"MAPK12",3,0,3,6,50,3
"MARCH7",3,3,25,31,9.67741935483871,6
"MARCKS",3,3,27,33,9.09090909090909,6
"MB",3,7,53,63,4.76190476190476,10
"MB21D2",3,3,19,25,12,6
"MBD4",3,0,29,32,9.375,3
"MBD6",3,0,11,14,21.4285714285714,3
"MBNL2",3,1,25,29,10.3448275862069,4
"MCM8",3,0,24,27,11.1111111111111,3
"MCPH1",3,0,41,44,6.81818181818182,3
"MED21",3,1,5,9,33.3333333333333,4
"MED29",3,0,5,8,37.5,3
"MED8",3,0,7,10,30,3
"MEGF9",3,1,43,47,6.38297872340426,4
"MEST",3,0,21,24,12.5,3
"METTL17",3,0,21,24,12.5,3
"METTL18",3,0,13,16,18.75,3
"METTL20",3,0,21,24,12.5,3
"METTL8",3,0,0,3,100,3
"MEX3B",3,0,13,16,18.75,3
"MFNG",3,0,3,6,50,3
"MFSD1",3,0,13,16,18.75,3
"MGARP",3,2,14,19,15.7894736842105,5
"MGST3",3,0,25,28,10.7142857142857,3
"MICAL3",3,1,30,34,8.82352941176471,4
"MICU1",3,1,11,15,20,4
"MIOX",3,0,2,5,60,3
"MIR1200",3,0,3,6,50,3
"MIR1256",3,0,14,17,17.6470588235294,3
"MIR1290",3,0,16,19,15.7894736842105,3
"MIR145",3,0,10,13,23.0769230769231,3
"MIR17HG",3,2,11,16,18.75,5
"MIR2278",3,0,8,11,27.2727272727273,3
"MIR3654",3,0,14,17,17.6470588235294,3
"MIR375",3,0,10,13,23.0769230769231,3
"MIR4687",3,0,19,22,13.6363636363636,3
"MIR548O",3,0,18,21,14.2857142857143,3
"MIR548Q",3,0,15,18,16.6666666666667,3
"MIR554",3,0,25,28,10.7142857142857,3
"MIR555",3,0,23,26,11.5384615384615,3
"MIR574",3,0,0,3,100,3
"MIR575",3,0,6,9,33.3333333333333,3
"MIR589",3,0,13,16,18.75,3
"MIR610",3,0,7,10,30,3
"MIR616",3,0,11,14,21.4285714285714,3
"MIR624",3,0,10,13,23.0769230769231,3
"MIR630",3,0,5,8,37.5,3
"MIR933",3,0,9,12,25,3
"MIR936",3,3,17,23,13.0434782608696,6
"MIS18BP1",3,5,18,26,11.5384615384615,8
"MLKL",3,1,29,33,9.09090909090909,4
"MPI",3,1,8,12,25,4
"MPP4",3,0,14,17,17.6470588235294,3
"MPZ",3,0,5,8,37.5,3
"MR1",3,1,17,21,14.2857142857143,4
"MRAS",3,0,11,14,21.4285714285714,3
"MRFAP1",3,0,18,21,14.2857142857143,3
"MRPL28",3,0,9,12,25,3
"MRPL3",3,0,14,17,17.6470588235294,3
"MRPL33",3,0,21,24,12.5,3
"MRPL51",3,0,3,6,50,3
"MRPS18C",3,2,6,11,27.2727272727273,5
"MRPS23",3,0,13,16,18.75,3
"MSI2",3,0,17,20,15,3
"MTDH",3,0,13,16,18.75,3
"MTG2",3,0,17,20,15,3
"MYCBPAP",3,0,24,27,11.1111111111111,3
"MYO1C",3,0,8,11,27.2727272727273,3
"MYO1G",3,1,20,24,12.5,4
"MYOC",3,0,3,6,50,3
"NAA15",3,2,17,22,13.6363636363636,5
"NAA38",3,2,13,18,16.6666666666667,5
"NACA",3,0,11,14,21.4285714285714,3
"NADK2",3,0,4,7,42.8571428571429,3
"NADK2-AS1",3,0,1,4,75,3
"NBN",3,1,28,32,9.375,4
"NCOA7-AS1",3,4,17,24,12.5,7
"NCR2",3,0,9,12,25,3
"NDUFA4L2",3,0,6,9,33.3333333333333,3
"NDUFAF5",3,2,11,16,18.75,5
"NDUFB1",3,1,29,33,9.09090909090909,4
"NDUFB1P1",3,0,5,8,37.5,3
"NDUFC1",3,2,17,22,13.6363636363636,5
"NDUFS1",3,2,24,29,10.3448275862069,5
"NDUFV3",3,0,1,4,75,3
"NEMF",3,0,7,10,30,3
"NF2",3,0,2,5,60,3
"NFIA",3,0,8,11,27.2727272727273,3
"NFKB2",3,1,13,17,17.6470588235294,4
"NHLRC1",3,2,31,36,8.33333333333333,5
"NIF3L1",3,0,23,26,11.5384615384615,3
"NIFK",3,0,20,23,13.0434782608696,3
"NKAPL",3,0,12,15,20,3
"NKIRAS2",3,1,14,18,16.6666666666667,4
"NKX6",3,2,12,17,17.6470588235294,5
"NLE1",3,2,10,15,20,5
"NMB",3,0,22,25,12,3
"NOM1",3,0,7,10,30,3
"NPC1L1",3,1,22,26,11.5384615384615,4
"NPM3",3,0,7,10,30,3
"NR3C1",3,0,31,34,8.82352941176471,3
"NSD1",3,0,13,16,18.75,3
"NSL1",3,0,8,11,27.2727272727273,3
"NSMCE1",3,0,18,21,14.2857142857143,3
"NSUN3",3,1,25,29,10.3448275862069,4
"NTRK1",3,0,16,19,15.7894736842105,3
"NUCB1",3,0,9,12,25,3
"NUDC",3,0,6,9,33.3333333333333,3
"NUP98",3,1,19,23,13.0434782608696,4
"NXN",3,0,38,41,7.31707317073171,3
"NXT1",3,1,24,28,10.7142857142857,4
"ODF1",3,0,7,10,30,3
"OLA1",3,1,5,9,33.3333333333333,4
"OPA1",3,3,31,37,8.10810810810811,6
"OPTN",3,0,10,13,23.0769230769231,3
"OR10J2P",3,0,4,7,42.8571428571429,3
"OR10J3",3,0,5,8,37.5,3
"OR2H2",3,3,5,11,27.2727272727273,6
"OR5A1",3,0,8,11,27.2727272727273,3
"OR5B21",3,0,11,14,21.4285714285714,3
"OR5C1",3,0,7,10,30,3
"ORC1",3,0,8,11,27.2727272727273,3
"ORC2",3,0,15,18,16.6666666666667,3
"OSBPL3",3,0,35,38,7.89473684210526,3
"OTUD6B",3,3,18,24,12.5,6
"OXA1L",3,0,22,25,12,3
"PACSIN3",3,0,17,20,15,3
"PADI3",3,0,23,26,11.5384615384615,3
"PAF1",3,0,5,8,37.5,3
"PAFAH1B2",3,1,30,34,8.82352941176471,4
"PAFAH1B3",3,0,22,25,12,3
"PAK1IP1",3,1,15,19,15.7894736842105,4
"PANX1",3,1,8,12,25,4
"PAPD5",3,0,46,49,6.12244897959184,3
"PARP2",3,0,6,9,33.3333333333333,3
"PCBP1",3,0,11,14,21.4285714285714,3
"PCDHB10",3,0,21,24,12.5,3
"PCDHB9",3,0,21,24,12.5,3
"PDCD6IP",3,1,14,18,16.6666666666667,4
"PDE3B",3,2,6,11,27.2727272727273,5
"PDZD2",3,0,11,14,21.4285714285714,3
"PEX26",3,1,34,38,7.89473684210526,4
"PFKFB3",3,1,9,13,23.0769230769231,4
"PFN1P11",3,0,21,24,12.5,3
"PFN2",3,0,13,16,18.75,3
"PGAP2",3,1,16,20,15,4
"PGK2",3,3,6,12,25,6
"PGRMC2",3,1,32,36,8.33333333333333,4
"PHF12",3,0,20,23,13.0434782608696,3
"PHF13",3,0,9,12,25,3
"PHF23",3,0,15,18,16.6666666666667,3
"PIK3C2B",3,0,16,19,15.7894736842105,3
"PIK3CA",3,2,41,46,6.52173913043478,5
"PIK3R3",3,0,20,23,13.0434782608696,3
"PIP5K1B",3,3,31,37,8.10810810810811,6
"PIPOX",3,0,20,23,13.0434782608696,3
"PKD2L1",3,0,13,16,18.75,3
"PLB1",3,0,13,16,18.75,3
"PLEKHA6",3,0,12,15,20,3
"PLXDC2",3,0,12,15,20,3
"PNKD",3,1,39,43,6.97674418604651,4
"PNN",3,3,16,22,13.6363636363636,6
"POGLUT1",3,1,18,22,13.6363636363636,4
"POLG2",3,2,25,30,10,5
"POLM",3,1,24,28,10.7142857142857,4
"POLR2B",3,0,34,37,8.10810810810811,3
"POLR3C",3,0,15,18,16.6666666666667,3
"POMGNT1",3,0,10,13,23.0769230769231,3
"POU2F2",3,0,29,32,9.375,3
"PPBP",3,1,13,17,17.6470588235294,4
"PPFIBP1",3,0,7,10,30,3
"PPIL3",3,0,21,24,12.5,3
"PPP1R13L",3,0,5,8,37.5,3
"PPP1R2",3,1,11,15,20,4
"PPP1R3C",3,1,15,19,15.7894736842105,4
"PPP3R1",3,2,13,18,16.6666666666667,5
"PRDM10",3,0,30,33,9.09090909090909,3
"PRDM13",3,0,3,6,50,3
"PRELID1",3,0,27,30,10,3
"PRG2",3,0,22,25,12,3
"PRICKLE4",3,0,20,23,13.0434782608696,3
"PRKD3",3,0,7,10,30,3
"PRKRIP1",3,0,18,21,14.2857142857143,3
"PRMT3",3,0,5,8,37.5,3
"PRNT",3,0,19,22,13.6363636363636,3
"PRPF38A",3,0,8,11,27.2727272727273,3
"PRPF39",3,5,25,33,9.09090909090909,8
"PRR19",3,0,22,25,12,3
"PSMA1",3,2,6,11,27.2727272727273,5
"PSMC6",3,1,6,10,30,4
"PTGES3P4",3,0,21,24,12.5,3
"PTK2",3,0,32,35,8.57142857142857,3
"PTPN4",3,1,26,30,10,4
"PTPRH",3,0,5,8,37.5,3
"PURB",3,1,15,19,15.7894736842105,4
"PVRL4",3,0,15,18,16.6666666666667,3
"PWWP2B",3,0,9,12,25,3
"PXN",3,0,19,22,13.6363636363636,3
"PYGB",3,1,31,35,8.57142857142857,4
"RAB24",3,0,27,30,10,3
"RAB26",3,1,9,13,23.0769230769231,4
"RAB32",3,2,13,18,16.6666666666667,5
"RAB35",3,0,12,15,20,3
"RAB8B",3,1,26,30,10,4
"RAD17",3,0,21,24,12.5,3
"RAD50",3,0,10,13,23.0769230769231,3
"RAG1",3,1,8,12,25,4
"RALGPS2",3,1,10,14,21.4285714285714,4
"RARRES1",3,0,13,16,18.75,3
"RASA2",3,1,10,14,21.4285714285714,4
"RASIP1",3,0,3,6,50,3
"RASL11A",3,1,11,15,20,4
"RASSF1",3,0,6,9,33.3333333333333,3
"RBM19",3,0,34,37,8.10810810810811,3
"RBM45",3,2,13,18,16.6666666666667,5
"RBPMS2",3,0,4,7,42.8571428571429,3
"REEP4",3,0,2,5,60,3
"REPS1",3,0,4,7,42.8571428571429,3
"RFC4",3,0,12,15,20,3
"RGS14",3,0,11,14,21.4285714285714,3
"RHBG",3,0,11,14,21.4285714285714,3
"RIOK1",3,0,21,24,12.5,3
"RN7SL103P",3,1,20,24,12.5,4
"RN7SL251P",3,0,13,16,18.75,3
"RN7SL3",3,0,7,10,30,3
"RN7SL312P",3,0,7,10,30,3
"RN7SL36P",3,1,21,25,12,4
"RN7SL651P",3,0,16,19,15.7894736842105,3
"RNA5SP203",3,0,6,9,33.3333333333333,3
"RNASE13",3,0,25,28,10.7142857142857,3
"RNF115",3,0,15,18,16.6666666666667,3
"RNF146",3,1,9,13,23.0769230769231,4
"RNF43",3,0,10,13,23.0769230769231,3
"RNF7",3,1,14,18,16.6666666666667,4
"RNPS1",3,0,2,5,60,3
"RNU1-150P",3,0,3,6,50,3
"RNU2-15P",3,0,15,18,16.6666666666667,3
"RNU2-37P",3,0,6,9,33.3333333333333,3
"RNU4",3,0,8,11,27.2727272727273,3
"RNU4-21P",3,0,2,5,60,3
"RNU4-41P",3,3,19,25,12,6
"RNU6-1007P",3,1,26,30,10,4
"RNU6-1031P",3,0,10,13,23.0769230769231,3
"RNU6-1062P",3,0,24,27,11.1111111111111,3
"RNU6-1154P",3,1,9,13,23.0769230769231,4
"RNU6-1177P",3,3,8,14,21.4285714285714,6
"RNU6-1180P",3,0,18,21,14.2857142857143,3
"RNU6-1226P",3,1,3,7,42.8571428571429,4
"RNU6-1305P",3,0,3,6,50,3
"RNU6-1309P",3,0,11,14,21.4285714285714,3
"RNU6-1338P",3,1,24,28,10.7142857142857,4
"RNU6-142P",3,0,17,20,15,3
"RNU6-157P",3,0,1,4,75,3
"RNU6-180P",3,0,1,4,75,3
"RNU6-260P",3,0,9,12,25,3
"RNU6-312P",3,0,21,24,12.5,3
"RNU6-369P",3,0,25,28,10.7142857142857,3
"RNU6-422P",3,0,7,10,30,3
"RNU6-423P",3,1,12,16,18.75,4
"RNU6-428P",3,7,17,27,11.1111111111111,10
"RNU6-501P",3,0,11,14,21.4285714285714,3
"RNU6-532P",3,0,2,5,60,3
"RNU6-57P",3,2,11,16,18.75,5
"RNU6-594P",3,0,7,10,30,3
"RNU6-640P",3,0,32,35,8.57142857142857,3
"RNU6-651P",3,0,7,10,30,3
"RNU6-665P",3,0,18,21,14.2857142857143,3
"RNU6-727P",3,0,3,6,50,3
"RNU6-74P",3,1,7,11,27.2727272727273,4
"RNU6-761P",3,0,10,13,23.0769230769231,3
"RNU6-762P",3,0,18,21,14.2857142857143,3
"RNU6-787P",3,0,5,8,37.5,3
"RNU6-883P",3,0,8,11,27.2727272727273,3
"RNU6-906P",3,0,7,10,30,3
"RNU6-939P",3,0,11,14,21.4285714285714,3
"RNU6ATAC24P",3,1,11,15,20,4
"RNU6ATAC38P",3,3,21,27,11.1111111111111,6
"RNU7-120P",3,0,11,14,21.4285714285714,3
"RNU7-128P",3,0,5,8,37.5,3
"RNU7-133P",3,1,12,16,18.75,4
"RNU7-181P",3,0,12,15,20,3
"RNU7-193P",3,0,10,13,23.0769230769231,3
"RNU7-46P",3,2,18,23,13.0434782608696,5
"RNU7-50P",3,1,24,28,10.7142857142857,4
"RNU7-5P",3,0,26,29,10.3448275862069,3
"RNU7-64P",3,0,13,16,18.75,3
"RP1-102K2.8",3,0,10,13,23.0769230769231,3
"RP1-111D6.2",3,2,37,42,7.14285714285714,5
"RP1-139D8.6",3,0,7,10,30,3
"RP1-144C9.2",3,0,18,21,14.2857142857143,3
"RP1-178F15.4",3,0,16,19,15.7894736842105,3
"RP1-178F15.5",3,0,16,19,15.7894736842105,3
"RP1-234P15.4",3,4,33,40,7.5,7
"RP1-261G23.7",3,2,32,37,8.10810810810811,5
"RP1-313I6.12",3,0,13,16,18.75,3
"RP1-4G17.5",3,0,14,17,17.6470588235294,3
"RP1-50O24.6",3,0,12,15,20,3
"RP1-66C13.4",3,4,35,42,7.14285714285714,7
"RP1-90J20.10",3,0,11,14,21.4285714285714,3
"RP1-92O14.6",3,0,6,9,33.3333333333333,3
"RP1-93H18.6",3,2,39,44,6.81818181818182,5
"RP11-1055B8.6",3,0,10,13,23.0769230769231,3
"RP11-1055B8.7",3,0,10,13,23.0769230769231,3
"RP11-1094H24.3",3,0,39,42,7.14285714285714,3
"RP11-109G23.1",3,0,14,17,17.6470588235294,3
"RP11-109G23.3",3,0,14,17,17.6470588235294,3
"RP11-109L13.5",3,1,30,34,8.82352941176471,4
"RP11-10C24.1",3,1,14,18,16.6666666666667,4
"RP11-10C24.2",3,1,14,18,16.6666666666667,4
"RP11-10C24.3",3,1,14,18,16.6666666666667,4
"RP11-115C21.2",3,0,41,44,6.81818181818182,3
"RP11-122C5.3",3,1,10,14,21.4285714285714,4
"RP11-124N14.3",3,1,26,30,10,4
"RP11-1275H24.1",3,0,11,14,21.4285714285714,3
"RP11-1275H24.2",3,0,11,14,21.4285714285714,3
"RP11-1275H24.3",3,0,11,14,21.4285714285714,3
"RP11-12M5.3",3,0,5,8,37.5,3
"RP11-158H5.7",3,0,9,12,25,3
"RP11-165F24.3",3,0,12,15,20,3
"RP11-175P19.2",3,3,31,37,8.10810810810811,6
"RP11-187A9.3",3,2,9,14,21.4285714285714,5
"RP11-203F10.5",3,0,8,11,27.2727272727273,3
"RP11-203M5.2",3,0,6,9,33.3333333333333,3
"RP11-216L13.17",3,0,6,9,33.3333333333333,3
"RP11-216L13.18",3,0,11,14,21.4285714285714,3
"RP11-216L13.19",3,0,12,15,20,3
"RP11-245J9.4",3,0,44,47,6.38297872340426,3
"RP11-24F11.2",3,0,11,14,21.4285714285714,3
"RP11-254B13.4",3,1,29,33,9.09090909090909,4
"RP11-259P20.1",3,2,29,34,8.82352941176471,5
"RP11-283G6.3",3,1,27,31,9.67741935483871,4
"RP11-293A21.1",3,0,9,12,25,3
"RP11-293M10.4",3,0,20,23,13.0434782608696,3
"RP11-293M10.5",3,0,20,23,13.0434782608696,3
"RP11-293M10.6",3,1,43,47,6.38297872340426,4
"RP11-298I3.4",3,0,9,12,25,3
"RP11-298I3.5",3,0,9,12,25,3
"RP11-2E11.10",3,0,21,24,12.5,3
"RP11-2E11.5",3,0,21,24,12.5,3
"RP11-304L19.5",3,1,9,13,23.0769230769231,4
"RP11-322N21.2",3,0,20,23,13.0434782608696,3
"RP11-346C20.3",3,0,30,33,9.09090909090909,3
"RP11-346C20.4",3,0,30,33,9.09090909090909,3
"RP11-349J5.2",3,4,33,40,7.5,7
"RP11-34D15.2",3,0,15,18,16.6666666666667,3
"RP11-351I24.1",3,0,26,29,10.3448275862069,3
"RP11-360P21.2",3,2,41,46,6.52173913043478,5
"RP11-363D14.1",3,0,20,23,13.0434782608696,3
"RP11-378A13.2",3,0,19,22,13.6363636363636,3
"RP11-379F4.4",3,0,13,16,18.75,3
"RP11-380D23.1",3,1,22,26,11.5384615384615,4
"RP11-385F7.1",3,1,14,18,16.6666666666667,4
"RP11-390K5.6",3,0,17,20,15,3
"RP11-394O4.3",3,0,15,18,16.6666666666667,3
"RP11-407N17.4",3,3,16,22,13.6363636363636,6
"RP11-414H17.5",3,1,5,9,33.3333333333333,4
"RP11-421F16.3",3,1,2,6,50,4
"RP11-421L21.2",3,0,19,22,13.6363636363636,3
"RP11-421M1.8",3,0,6,9,33.3333333333333,3
"RP11-422P24.10",3,0,17,20,15,3
"RP11-422P24.11",3,0,19,22,13.6363636363636,3
"RP11-428K3.1",3,1,10,14,21.4285714285714,4
"RP11-431M7.3",3,0,41,44,6.81818181818182,3
"RP11-432J24.3",3,0,7,10,30,3
"RP11-474G23.1",3,2,13,18,16.6666666666667,5
"RP11-474N8.5",3,0,15,18,16.6666666666667,3
"RP11-47I22.4",3,0,35,38,7.89473684210526,3
"RP11-481C4.1",3,3,50,56,5.35714285714286,6
"RP11-484D2.2",3,1,13,17,17.6470588235294,4
"RP11-485O10.3",3,3,10,16,18.75,6
"RP11-505P4.7",3,3,26,32,9.375,6
"RP11-519G16.3",3,0,26,29,10.3448275862069,3
"RP11-533E19.7",3,0,5,8,37.5,3
"RP11-542K23.9",3,0,5,8,37.5,3
"RP11-544M22.8",3,0,13,16,18.75,3
"RP11-545M17.1",3,2,16,21,14.2857142857143,5
"RP11-545M17.3",3,2,16,21,14.2857142857143,5
"RP11-57H14.2",3,0,47,50,6,3
"RP11-61A14.4",3,1,21,25,12,4
"RP11-637O19.3",3,0,6,9,33.3333333333333,3
"RP11-646I6.5",3,0,18,21,14.2857142857143,3
"RP11-651P23.5",3,0,12,15,20,3
"RP11-659E9.2",3,1,10,14,21.4285714285714,4
"RP11-662I13.2",3,0,16,19,15.7894736842105,3
"RP11-67L3.2",3,0,8,11,27.2727272727273,3
"RP11-691N7.6",3,0,12,15,20,3
"RP11-69L16.4",3,0,18,21,14.2857142857143,3
"RP11-700H6.1",3,1,22,26,11.5384615384615,4
"RP11-700H6.2",3,1,22,26,11.5384615384615,4
"RP11-712B9.2",3,2,23,28,10.7142857142857,5
"RP11-728F11.3",3,1,48,52,5.76923076923077,4
"RP11-732A19.2",3,0,29,32,9.375,3
"RP11-744N12.3",3,0,15,18,16.6666666666667,3
"RP11-74C1.2",3,0,25,28,10.7142857142857,3
"RP11-755B10.2",3,0,6,9,33.3333333333333,3
"RP11-755B10.4",3,0,8,11,27.2727272727273,3
"RP11-77G23.2",3,0,14,17,17.6470588235294,3
"RP11-77G23.5",3,0,12,15,20,3
"RP11-796E2.4",3,2,33,38,7.89473684210526,5
"RP11-7C6.1",3,0,27,30,10,3
"RP11-7N14.1",3,1,27,31,9.67741935483871,4
"RP11-829H16.5",3,0,10,13,23.0769230769231,3
"RP11-839D17.3",3,0,11,14,21.4285714285714,3
"RP11-849H4.4",3,0,20,23,13.0434782608696,3
"RP11-84C10.1",3,0,21,24,12.5,3
"RP11-857B24.5",3,8,19,30,10,11
"RP11-90L20.2",3,0,11,14,21.4285714285714,3
"RP11-90P5.7",3,0,44,47,6.38297872340426,3
"RP11-94C24.8",3,0,20,23,13.0434782608696,3
"RP11-968A15.2",3,0,9,12,25,3
"RP11-97N19.2",3,0,15,18,16.6666666666667,3
"RP11-998D10.1",3,0,25,28,10.7142857142857,3
"RP13-766D20.1",3,0,8,11,27.2727272727273,3
"RP13-766D20.2",3,0,10,13,23.0769230769231,3
"RP13-890H12.2",3,0,12,15,20,3
"RP3-322G13.7",3,1,24,28,10.7142857142857,4
"RP3-414A15.11",3,2,14,19,15.7894736842105,5
"RP3-414A15.2",3,2,14,19,15.7894736842105,5
"RP3-496C20.1",3,0,14,17,17.6470588235294,3
"RP3-521E19.2",3,0,9,12,25,3
"RP4-530I15.9",3,1,25,29,10.3448275862069,4
"RP4-665N4.4",3,0,9,12,25,3
"RP4-673M15.1",3,1,15,19,15.7894736842105,4
"RP4-706G24.1",3,0,15,18,16.6666666666667,3
"RP4-753D10.3",3,3,37,43,6.97674418604651,6
"RP4-753D10.5",3,3,37,43,6.97674418604651,6
"RP4-761J14.8",3,1,13,17,17.6470588235294,4
"RP4-800F24.1",3,0,17,20,15,3
"RP5-1029F21.3",3,0,22,25,12,3
"RP5-1096J16.1",3,0,4,7,42.8571428571429,3
"RP5-1115A15.2",3,0,10,13,23.0769230769231,3
"RP5-899E9.1",3,0,33,36,8.33333333333333,3
"RPE",3,3,24,30,10,6
"RPF2",3,0,12,15,20,3
"RPGRIP1L",3,0,2,5,60,3
"RPIA",3,0,23,26,11.5384615384615,3
"RPL10P14",3,0,46,49,6.12244897959184,3
"RPL14",3,2,16,21,14.2857142857143,5
"RPL26L1",3,0,10,13,23.0769230769231,3
"RPP25",3,0,7,10,30,3
"RPPH1",3,0,6,9,33.3333333333333,3
"RPS26P52",3,2,37,42,7.14285714285714,5
"RPUSD3",3,0,17,20,15,3
"RRAGA",3,0,5,8,37.5,3
"RRM1",3,2,30,35,8.57142857142857,5
"RRM2",3,0,27,30,10,3
"RRNAD1",3,2,33,38,7.89473684210526,5
"RSG1",3,0,16,19,15.7894736842105,3
"RSL24D1",3,1,29,33,9.09090909090909,4
"RTFDC1",3,0,18,21,14.2857142857143,3
"RUVBL1",3,0,6,9,33.3333333333333,3
"RUVBL1-AS1",3,0,6,9,33.3333333333333,3
"RYK",3,1,12,16,18.75,4
"S100A1",3,0,16,19,15.7894736842105,3
"S100A13",3,0,16,19,15.7894736842105,3
"SAE1",3,0,8,11,27.2727272727273,3
"SAMD4A",3,1,31,35,8.57142857142857,4
"SAMD8",3,0,6,9,33.3333333333333,3
"SAPCD1",3,0,13,16,18.75,3
"SAPCD1-AS1",3,0,13,16,18.75,3
"SBF2",3,0,20,23,13.0434782608696,3
"SCAMP5",3,0,10,13,23.0769230769231,3
"SCARNA16.4",3,0,17,20,15,3
"SCARNA5",3,1,25,29,10.3448275862069,4
"SCD",3,0,15,18,16.6666666666667,3
"SCRN2",3,0,7,10,30,3
"SEC23A",3,2,16,21,14.2857142857143,5
"SECTM1",3,0,9,12,25,3
"SENCR",3,0,23,26,11.5384615384615,3
"SENP3",3,0,1,4,75,3
"SENP6",3,1,24,28,10.7142857142857,4
"SERINC5",3,0,11,14,21.4285714285714,3
"SERPINB6",3,0,6,9,33.3333333333333,3
"SERPINB9",3,0,11,14,21.4285714285714,3
"SETD3",3,3,11,17,17.6470588235294,6
"SEZ6",3,0,22,25,12,3
"SF3B14",3,2,6,11,27.2727272727273,5
"SFN",3,0,8,11,27.2727272727273,3
"SH2B2",3,0,28,31,9.67741935483871,3
"SIGLEC8",3,0,21,24,12.5,3
"SIK3",3,2,35,40,7.5,5
"SIRT4",3,0,4,7,42.8571428571429,3
"SIT1",3,0,3,6,50,3
"SIX4",3,1,17,21,14.2857142857143,4
"SLC16A7",3,2,12,17,17.6470588235294,5
"SLC17A5",3,2,29,34,8.82352941176471,5
"SLC24A3",3,0,15,18,16.6666666666667,3
"SLC25A40",3,0,15,18,16.6666666666667,3
"SLC25A48",3,0,6,9,33.3333333333333,3
"SLC25A51",3,0,53,56,5.35714285714286,3
"SLC28A1",3,1,13,17,17.6470588235294,4
"SLC2A1",3,0,1,4,75,3
"SLC2A1-AS1",3,0,1,4,75,3
"SLC30A7",3,1,25,29,10.3448275862069,4
"SLC39A1",3,0,17,20,15,3
"SLC39A10",3,0,13,16,18.75,3
"SLC39A5",3,0,9,12,25,3
"SLC9A9-AS1",3,1,27,31,9.67741935483871,4
"SLC9B1",3,1,46,50,6,4
"SLK",3,4,32,39,7.69230769230769,7
"SMAD6",3,0,14,17,17.6470588235294,3
"SMAD7",3,2,34,39,7.69230769230769,5
"SMC3",3,1,26,30,10,4
"SMG9",3,0,5,8,37.5,3
"SMIM15",3,1,11,15,20,4
"SMPD1",3,0,23,26,11.5384615384615,3
"SNAI2",3,6,50,59,5.08474576271187,9
"SNORA12.2",3,0,22,25,12,3
"SNORA25.6",3,2,16,21,14.2857142857143,5
"SNORA48",3,0,7,10,30,3
"SNORA50.1",3,1,20,24,12.5,4
"SNORA67",3,0,7,10,30,3
"SNORA70.23",3,0,46,49,6.12244897959184,3
"SNORA70G",3,1,29,33,9.09090909090909,4
"SNORA77.1",3,0,10,13,23.0769230769231,3
"SNORD10",3,0,7,10,30,3
"SNORD112.40",3,2,20,25,12,5
"SNORD2",3,1,12,16,18.75,4
"SNORD4A",3,0,19,22,13.6363636363636,3
"SNORD60",3,1,9,13,23.0769230769231,4
"SNORD72",3,1,30,34,8.82352941176471,4
"snoU13.1",3,0,18,21,14.2857142857143,3
"snoU13.10",3,2,16,21,14.2857142857143,5
"snoU13.146",3,1,24,28,10.7142857142857,4
"snoU13.2",3,0,11,14,21.4285714285714,3
"snoU13.233",3,0,15,18,16.6666666666667,3
"snoU13.238",3,1,20,24,12.5,4
"snoU13.24",3,3,29,35,8.57142857142857,6
"snoU13.296",3,1,13,17,17.6470588235294,4
"snoU13.317",3,1,44,48,6.25,4
"snoU13.399",3,1,11,15,20,4
"snoU13.419",3,0,17,20,15,3
"snoU13.433",3,1,48,52,5.76923076923077,4
"snoU13.95",3,0,11,14,21.4285714285714,3
"SNRPGP7",3,0,13,16,18.75,3
"SNW1",3,0,14,17,17.6470588235294,3
"SNX6",3,1,6,10,30,4
"SOWAHA",3,0,16,19,15.7894736842105,3
"SP7",3,1,15,19,15.7894736842105,4
"SPATA13",3,0,15,18,16.6666666666667,3
"SPATA13-AS1",3,0,14,17,17.6470588235294,3
"SPATA20",3,0,20,23,13.0434782608696,3
"SPATA21",3,0,7,10,30,3
"SPATA32",3,0,12,15,20,3
"SPATA5L1",3,1,30,34,8.82352941176471,4
"SPINK2",3,0,13,16,18.75,3
"SPIRE1",3,1,21,25,12,4
"SPTY2D1",3,0,9,12,25,3
"SPZ1",3,0,4,7,42.8571428571429,3
"SQRDL",3,1,43,47,6.38297872340426,4
"SRFBP1",3,0,16,19,15.7894736842105,3
"SRMS",3,0,17,20,15,3
"SRP14",3,0,19,22,13.6363636363636,3
"SRP14-AS1",3,0,19,22,13.6363636363636,3
"SRP68",3,0,15,18,16.6666666666667,3
"SRP9",3,1,9,13,23.0769230769231,4
"SRRD",3,0,6,9,33.3333333333333,3
"SRSF1",3,0,14,17,17.6470588235294,3
"SSBP3-AS1",3,0,17,20,15,3
"SSR3",3,1,32,36,8.33333333333333,4
"ST3GAL5",3,0,10,13,23.0769230769231,3
"STAMBP",3,1,41,45,6.66666666666667,4
"STAT2",3,0,8,11,27.2727272727273,3
"STIM1",3,0,19,22,13.6363636363636,3
"STOML2",3,1,16,20,15,4
"STRN4",3,0,11,14,21.4285714285714,3
"STX7",3,1,12,16,18.75,4
"SUOX",3,0,8,11,27.2727272727273,3
"SWT1",3,1,10,14,21.4285714285714,4
"SYCP2L",3,0,7,10,30,3
"SYT15",3,1,46,50,6,4
"SYTL3",3,0,14,17,17.6470588235294,3
"SZRD1",3,0,13,16,18.75,3
"TADA1",3,0,2,5,60,3
"TAF10",3,0,29,32,9.375,3
"TAF9",3,0,21,24,12.5,3
"TAP2",3,1,13,17,17.6470588235294,4
"TATDN3",3,0,8,11,27.2727272727273,3
"TBC1D14",3,0,19,22,13.6363636363636,3
"TBC1D23",3,1,45,49,6.12244897959184,4
"TBC1D7",3,0,26,29,10.3448275862069,3
"TCF7L2",3,0,47,50,6,3
"TCTEX1D1",3,0,14,17,17.6470588235294,3
"TEDDM1",3,0,30,33,9.09090909090909,3
"TEKT2",3,0,9,12,25,3
"TEX19",3,0,10,13,23.0769230769231,3
"TEX2",3,0,13,16,18.75,3
"TEX38",3,0,10,13,23.0769230769231,3
"TFEC",3,1,18,22,13.6363636363636,4
"TFIP11",3,0,5,8,37.5,3
"TGFB3",3,0,7,10,30,3
"THAP2",3,4,54,61,4.91803278688525,7
"THAP3",3,0,5,8,37.5,3
"THPO",3,1,16,20,15,4
"THYN1",3,1,28,32,9.375,4
"TIGD3",3,0,16,19,15.7894736842105,3
"TIPARP",3,0,34,37,8.10810810810811,3
"TIPARP-AS1",3,0,34,37,8.10810810810811,3
"TLR1",3,0,11,14,21.4285714285714,3
"TLR10",3,0,19,22,13.6363636363636,3
"TLR6",3,0,11,14,21.4285714285714,3
"TM6SF2",3,1,21,25,12,4
"TMEM110",3,2,26,31,9.67741935483871,5
"TMEM110-MUSTN1",3,2,26,31,9.67741935483871,5
"TMEM114",3,0,51,54,5.55555555555556,3
"TMEM127",3,2,40,45,6.66666666666667,5
"TMEM130",3,4,20,27,11.1111111111111,7
"TMEM141",3,0,6,9,33.3333333333333,3
"TMEM14B",3,0,6,9,33.3333333333333,3
"TMEM192",3,0,32,35,8.57142857142857,3
"TMEM194B",3,0,12,15,20,3
"TMEM237",3,0,8,11,27.2727272727273,3
"TMEM245",3,1,22,26,11.5384615384615,4
"TMEM30A",3,4,33,40,7.5,7
"TMEM39A",3,1,18,22,13.6363636363636,4
"TMEM55B",3,0,22,25,12,3
"TMPPE",3,0,12,15,20,3
"TMTC3",3,0,10,13,23.0769230769231,3
"TNFSF13",3,0,1,4,75,3
"TNRC18",3,0,13,16,18.75,3
"TNRC6B",3,0,14,17,17.6470588235294,3
"TOR1AIP1",3,0,5,8,37.5,3
"TOR1AIP2",3,0,8,11,27.2727272727273,3
"TPPP2",3,0,25,28,10.7142857142857,3
"TPST2",3,0,6,9,33.3333333333333,3
"TRAF6",3,1,8,12,25,4
"TRAF7",3,0,7,10,30,3
"TRAPPC6B",3,3,16,22,13.6363636363636,6
"TRDMT1",3,0,27,30,10,3
"TRIM46",3,0,2,5,60,3
"TRMT1",3,1,8,12,25,4
"TRMT13",3,3,9,15,20,6
"TRMT1L",3,1,10,14,21.4285714285714,4
"TRMT6",3,0,24,27,11.1111111111111,3
"TRMU",3,0,11,14,21.4285714285714,3
"TSACC",3,0,3,6,50,3
"TSN",3,0,20,23,13.0434782608696,3
"TSPAN3",3,1,14,18,16.6666666666667,4
"TTC12",3,0,11,14,21.4285714285714,3
"TTC17",3,1,13,17,17.6470588235294,4
"TTC22",3,0,9,12,25,3
"TTC4",3,0,7,10,30,3
"TTYH3",3,0,22,25,12,3
"TUBE1",3,1,14,18,16.6666666666667,4
"TUBGCP6",3,0,3,6,50,3
"TULP2",3,0,9,12,25,3
"TUT1",3,0,14,17,17.6470588235294,3
"TXNRD1",3,1,26,30,10,4
"TXNRD3",3,0,12,15,20,3
"U3.3",3,0,3,6,50,3
"U3.32",3,2,19,24,12.5,5
"U3.87",3,5,26,34,8.82352941176471,8
"UBAP2L",3,0,16,19,15.7894736842105,3
"UBE2C",3,0,13,16,18.75,3
"UBE2D3P3",3,1,12,16,18.75,4
"UBE2E2",3,0,27,30,10,3
"UBN1",3,1,40,44,6.81818181818182,4
"UBR2",3,0,14,17,17.6470588235294,3
"UFM1",3,0,15,18,16.6666666666667,3
"UGGT1",3,0,13,16,18.75,3
"UNC45A",3,0,9,12,25,3
"UNG",3,1,34,38,7.89473684210526,4
"UPP2",3,1,14,18,16.6666666666667,4
"UROC1",3,0,10,13,23.0769230769231,3
"USP12-AS1",3,1,9,13,23.0769230769231,4
"USP3-AS1",3,1,14,18,16.6666666666667,4
"USP54",3,0,12,15,20,3
"UST",3,0,19,22,13.6363636363636,3
"UTP11L",3,0,12,15,20,3
"UTP3",3,1,28,32,9.375,4
"VAMP8",3,0,13,16,18.75,3
"VCAM1",3,0,3,6,50,3
"VEGFA",3,2,32,37,8.10810810810811,5
"VIL1",3,0,10,13,23.0769230769231,3
"VIM",3,1,27,31,9.67741935483871,4
"VIM-AS1",3,1,27,31,9.67741935483871,4
"VPS18",3,2,7,12,25,5
"VSIG10L",3,0,7,10,30,3
"VWA7",3,0,16,19,15.7894736842105,3
"WBP1",3,1,16,20,15,4
"WDR31",3,1,6,10,30,4
"WDR4",3,0,1,4,75,3
"WDR59",3,1,23,27,11.1111111111111,4
"WDR73",3,0,22,25,12,3
"WIBG",3,0,9,12,25,3
"WWOX",3,0,26,29,10.3448275862069,3
"XKR9",3,1,17,21,14.2857142857143,4
"XXbac-B476C20.11",3,1,34,38,7.89473684210526,4
"XXbac-B476C20.9",3,1,34,38,7.89473684210526,4
"XXbac-BPG249D20.9",3,1,12,16,18.75,4
"XXYLT1-AS2",3,1,21,25,12,4
"Y_RNA.248",3,0,13,16,18.75,3
"Y_RNA.291",3,1,5,9,33.3333333333333,4
"Y_RNA.379",3,0,14,17,17.6470588235294,3
"Y_RNA.540",3,1,8,12,25,4
"Y_RNA.592",3,0,14,17,17.6470588235294,3
"Y_RNA.728",3,0,13,16,18.75,3
"Y_RNA.734",3,1,7,11,27.2727272727273,4
"YAE1D1",3,1,11,15,20,4
"YEATS2",3,0,14,17,17.6470588235294,3
"Z84488.1",3,2,39,44,6.81818181818182,5
"ZACN",3,0,15,18,16.6666666666667,3
"ZC2HC1C",3,0,20,23,13.0434782608696,3
"ZC3H13",3,0,8,11,27.2727272727273,3
"ZEB2",3,1,23,27,11.1111111111111,4
"ZFAND4",3,4,21,28,10.7142857142857,7
"ZFC3H1",3,4,54,61,4.91803278688525,7
"ZFHX3",3,0,30,33,9.09090909090909,3
"ZKSCAN2",3,0,6,9,33.3333333333333,3
"ZKSCAN4",3,0,12,15,20,3
"ZMYND10",3,0,6,9,33.3333333333333,3
"ZMYND10-AS1",3,0,6,9,33.3333333333333,3
"ZNF155",3,2,22,27,11.1111111111111,5
"ZNF165",3,0,13,16,18.75,3
"ZNF22",3,2,18,23,13.0434782608696,5
"ZNF222",3,0,7,10,30,3
"ZNF223",3,0,9,12,25,3
"ZNF227",3,1,21,25,12,4
"ZNF24",3,1,11,15,20,4
"ZNF271",3,0,9,12,25,3
"ZNF326",3,3,16,22,13.6363636363636,6
"ZNF345",3,2,28,33,9.09090909090909,5
"ZNF487",3,0,13,16,18.75,3
"ZNF524",3,0,7,10,30,3
"ZNF526",3,0,22,25,12,3
"ZNF639",3,3,24,30,10,6
"ZNF691",3,0,0,3,100,3
"ZNF774",3,1,23,27,11.1111111111111,4
"ZNF790",3,2,28,33,9.09090909090909,5
"ZNRF1",3,1,23,27,11.1111111111111,4
"ZSCAN30",3,0,9,12,25,3
"AAMP",2,1,37,40,5,3
"ABCB9",2,0,6,8,25,2
"ABCC1",2,2,15,19,10.5263157894737,4
"ABCC11",2,0,9,11,18.1818181818182,2
"ABCC3",2,0,14,16,12.5,2
"ABCD3",2,3,8,13,15.3846153846154,5
"ABHD10",2,2,25,29,6.89655172413793,4
"AC000123.4",2,0,4,6,33.3333333333333,2
"AC002310.7",2,0,12,14,14.2857142857143,2
"AC002467.7",2,2,16,20,10,4
"AC003002.4",2,0,3,5,40,2
"AC003075.4",2,2,26,30,6.66666666666667,4
"AC004069.1",2,0,21,23,8.69565217391304,2
"AC004381.6",2,1,4,7,28.5714285714286,3
"AC004706.1",2,0,9,11,18.1818181818182,2
"AC005037.1",2,2,7,11,18.1818181818182,4
"AC005037.2",2,2,7,11,18.1818181818182,4
"AC005215.1",2,1,18,21,9.52380952380952,3
"AC005609.1",2,0,15,17,11.7647058823529,2
"AC005682.5",2,1,11,14,14.2857142857143,3
"AC005776.1",2,0,5,7,28.5714285714286,2
"AC006369.2",2,0,5,7,28.5714285714286,2
"AC006486.1",2,0,25,27,7.40740740740741,2
"AC007096.1",2,0,5,7,28.5714285714286,2
"AC007163.6",2,2,18,22,9.09090909090909,4
"AC007246.3",2,0,24,26,7.69230769230769,2
"AC007401.2",2,0,14,16,12.5,2
"AC007405.8",2,0,16,18,11.1111111111111,2
"AC007556.3",2,1,4,7,28.5714285714286,3
"AC007750.5",2,1,4,7,28.5714285714286,3
"AC008697.1",2,0,10,12,16.6666666666667,2
"AC008949.1",2,0,12,14,14.2857142857143,2
"AC009061.1",2,0,9,11,18.1818181818182,2
"AC009065.2",2,0,1,3,66.6666666666667,2
"AC009133.15",2,0,18,20,10,2
"AC009303.1",2,0,9,11,18.1818181818182,2
"AC009336.1",2,0,12,14,14.2857142857143,2
"AC009677.1",2,1,25,28,7.14285714285714,3
"AC009950.2",2,1,15,18,11.1111111111111,3
"AC009970.1",2,0,1,3,66.6666666666667,2
"AC010247.1",2,0,19,21,9.52380952380952,2
"AC010376.1",2,0,5,7,28.5714285714286,2
"AC010761.6",2,0,9,11,18.1818181818182,2
"AC011475.1",2,0,2,4,50,2
"AC012456.4",2,0,5,7,28.5714285714286,2
"AC012467.1",2,0,21,23,8.69565217391304,2
"AC012487.2",2,0,14,16,12.5,2
"AC012594.1",2,0,7,9,22.2222222222222,2
"AC012613.2",2,0,8,10,20,2
"AC013436.6",2,2,20,24,8.33333333333333,4
"AC016712.1",2,2,14,18,11.1111111111111,4
"AC017076.5",2,0,15,17,11.7647058823529,2
"AC017104.2",2,2,30,34,5.88235294117647,4
"AC018867.1",2,2,15,19,10.5263157894737,4
"AC019048.1",2,0,2,4,50,2
"AC019100.3",2,0,9,11,18.1818181818182,2
"AC019131.1",2,6,30,38,5.26315789473684,8
"AC019181.3",2,0,1,3,66.6666666666667,2
"AC022498.1",2,1,12,15,13.3333333333333,3
"AC024940.1",2,1,15,18,11.1111111111111,3
"AC025165.8",2,1,13,16,12.5,3
"AC026806.2",2,0,4,6,33.3333333333333,2
"AC026954.6",2,0,10,12,16.6666666666667,2
"AC027281.1",2,2,31,35,5.71428571428571,4
"AC034243.1",2,0,16,18,11.1111111111111,2
"AC064874.1",2,0,9,11,18.1818181818182,2
"AC073072.5",2,0,15,17,11.7647058823529,2
"AC074323.1",2,1,7,10,20,3
"AC079305.8",2,1,10,13,15.3846153846154,3
"AC079467.1",2,0,3,5,40,2
"AC080032.1",2,1,9,12,16.6666666666667,3
"AC080037.1",2,0,12,14,14.2857142857143,2
"AC087069.1",2,0,1,3,66.6666666666667,2
"AC091132.2",2,0,9,11,18.1818181818182,2
"AC091633.3",2,1,4,7,28.5714285714286,3
"AC092964.1",2,0,9,11,18.1818181818182,2
"AC093162.1",2,1,8,11,18.1818181818182,3
"AC093267.1",2,2,41,45,4.44444444444444,4
"AC096649.4",2,0,2,4,50,2
"AC096664.3",2,0,14,16,12.5,2
"AC098680.1",2,1,8,11,18.1818181818182,3
"AC099539.1",2,1,0,3,66.6666666666667,3
"AC100791.2",2,0,6,8,25,2
"AC100832.1",2,0,8,10,20,2
"AC104781.1",2,0,0,2,100,2
"AC104794.4",2,0,21,23,8.69565217391304,2
"AC110769.1",2,0,7,9,22.2222222222222,2
"AC114760.1",2,1,1,4,50,3
"AC116366.5",2,0,9,11,18.1818181818182,2
"AC120194.1",2,0,7,9,22.2222222222222,2
"AC130689.1",2,0,7,9,22.2222222222222,2
"AC131025.8",2,0,4,6,33.3333333333333,2
"AC135048.1",2,0,21,23,8.69565217391304,2
"AC135050.1",2,0,5,7,28.5714285714286,2
"AC144449.1",2,2,16,20,10,4
"ACADS",2,0,8,10,20,2
"ACADSB",2,0,7,9,22.2222222222222,2
"ACADVL",2,0,11,13,15.3846153846154,2
"ACBD3",2,0,5,7,28.5714285714286,2
"ACO2",2,0,6,8,25,2
"ACOT13",2,0,9,11,18.1818181818182,2
"ACOX2",2,0,13,15,13.3333333333333,2
"ACP2",2,0,0,2,100,2
"ACP6",2,1,22,25,8,3
"ACSF2",2,0,6,8,25,2
"ACSL1",2,0,20,22,9.09090909090909,2
"ACSL3",2,2,29,33,6.06060606060606,4
"ACTA2",2,0,10,12,16.6666666666667,2
"ACTA2-AS1",2,0,13,15,13.3333333333333,2
"ACTN1",2,0,6,8,25,2
"ACTN1-AS1",2,0,6,8,25,2
"ACTR2",2,1,5,8,25,3
"ACTR3",2,2,30,34,5.88235294117647,4
"ACTR3B",2,1,20,23,8.69565217391304,3
"ACTR8",2,0,21,23,8.69565217391304,2
"ADA",2,0,2,4,50,2
"ADAD2",2,1,19,22,9.09090909090909,3
"ADAM17",2,1,11,14,14.2857142857143,3
"ADAM9",2,0,12,14,14.2857142857143,2
"ADHFE1",2,2,32,36,5.55555555555556,4
"ADPRH",2,0,9,11,18.1818181818182,2
"ADRB2",2,0,21,23,8.69565217391304,2
"ADRBK1",2,0,6,8,25,2
"AEBP1",2,0,27,29,6.89655172413793,2
"AF131215.3",2,0,2,4,50,2
"AF131215.5",2,0,2,4,50,2
"AF131215.6",2,0,0,2,100,2
"AF213884.2",2,0,14,16,12.5,2
"AF213884.3",2,0,11,13,15.3846153846154,2
"AGAP3",2,0,15,17,11.7647058823529,2
"AGPAT9",2,1,1,4,50,3
"AHCTF1",2,1,18,21,9.52380952380952,3
"AHCYL1",2,0,13,15,13.3333333333333,2
"AHDC1",2,0,16,18,11.1111111111111,2
"AHR",2,2,26,30,6.66666666666667,4
"AHSA1",2,0,16,18,11.1111111111111,2
"AIM2",2,0,4,6,33.3333333333333,2
"AKIRIN2",2,0,16,18,11.1111111111111,2
"AKR1D1",2,0,20,22,9.09090909090909,2
"AKR1D1P1",2,0,9,11,18.1818181818182,2
"AL021546.6",2,0,8,10,20,2
"AL021917.1",2,1,7,10,20,3
"AL078585.1",2,0,13,15,13.3333333333333,2
"AL079342.1",2,0,14,16,12.5,2
"AL121588.1",2,1,13,16,12.5,3
"AL133410.1",2,0,1,3,66.6666666666667,2
"AL135998.1",2,0,20,22,9.09090909090909,2
"AL137118.1",2,1,4,7,28.5714285714286,3
"AL138963.1",2,1,11,14,14.2857142857143,3
"AL139139.1",2,0,8,10,20,2
"AL139815.1",2,1,6,9,22.2222222222222,3
"AL158151.2",2,0,5,7,28.5714285714286,2
"AL162430.1",2,1,13,16,12.5,3
"AL162430.2",2,1,13,16,12.5,3
"AL162431.1",2,0,8,10,20,2
"AL162458.1",2,1,14,17,11.7647058823529,3
"AL353147.1",2,0,3,5,40,2
"AL354833.1",2,1,8,11,18.1818181818182,3
"AL354833.2",2,1,8,11,18.1818181818182,3
"AL354833.3",2,1,8,11,18.1818181818182,3
"AL357673.1",2,0,10,12,16.6666666666667,2
"AL359878.1",2,0,60,62,3.2258064516129,2
"AL450992.2",2,1,38,41,4.8780487804878,3
"AL513123.1",2,1,5,8,25,3
"AL513185.1",2,0,10,12,16.6666666666667,2
"AL513547.1",2,1,17,20,10,3
"AL590113.1",2,0,2,4,50,2
"AL590403.1",2,0,7,9,22.2222222222222,2
"ALDH1L2",2,0,22,24,8.33333333333333,2
"ALG8",2,1,4,7,28.5714285714286,3
"ALKBH1",2,0,15,17,11.7647058823529,2
"ALOX15B",2,0,19,21,9.52380952380952,2
"ALOX5",2,2,15,19,10.5263157894737,4
"AMDHD1",2,0,5,7,28.5714285714286,2
"ANAPC13",2,1,27,30,6.66666666666667,3
"ANGEL2",2,0,3,5,40,2
"ANKRD10",2,0,11,13,15.3846153846154,2
"ANKRD31",2,1,5,8,25,3
"ANKRD32",2,0,1,3,66.6666666666667,2
"ANKRD33B",2,0,20,22,9.09090909090909,2
"ANKRD37",2,0,10,12,16.6666666666667,2
"ANKRD49",2,1,16,19,10.5263157894737,3
"ANKRD60",2,0,11,13,15.3846153846154,2
"ANKS3",2,1,29,32,6.25,3
"ANP32D",2,1,9,12,16.6666666666667,3
"AP000230.1",2,1,27,30,6.66666666666667,3
"AP000295.9",2,2,16,20,10,4
"AP000640.2",2,0,13,15,13.3333333333333,2
"AP000692.10",2,0,9,11,18.1818181818182,2
"AP000697.6",2,0,5,7,28.5714285714286,2
"AP000908.1",2,0,24,26,7.69230769230769,2
"AP001362.1",2,0,2,4,50,2
"AP001623.1",2,0,1,3,66.6666666666667,2
"AP001630.5",2,0,1,3,66.6666666666667,2
"AP002490.1",2,0,9,11,18.1818181818182,2
"AP003068.12",2,0,15,17,11.7647058823529,2
"AP006285.6",2,0,16,18,11.1111111111111,2
"AP1AR",2,0,7,9,22.2222222222222,2
"AP3M2",2,1,16,19,10.5263157894737,3
"AP3S2",2,0,9,11,18.1818181818182,2
"APBB1IP",2,1,10,13,15.3846153846154,3
"APCDD1",2,0,15,17,11.7647058823529,2
"APCS",2,0,7,9,22.2222222222222,2
"APOA1",2,0,8,10,20,2
"APOA5",2,1,24,27,7.40740740740741,3
"APOBEC3B-AS1",2,0,9,11,18.1818181818182,2
"APP",2,1,27,30,6.66666666666667,3
"AQP10",2,0,5,7,28.5714285714286,2
"AQP6",2,0,11,13,15.3846153846154,2
"AQR",2,2,15,19,10.5263157894737,4
"ARAP3",2,0,17,19,10.5263157894737,2
"ARCN1",2,0,4,6,33.3333333333333,2
"ARF6",2,1,15,18,11.1111111111111,3
"ARGLU1",2,2,37,41,4.8780487804878,4
"ARHGAP17",2,0,13,15,13.3333333333333,2
"ARHGAP25",2,0,1,3,66.6666666666667,2
"ARHGAP27",2,0,9,11,18.1818181818182,2
"ARHGAP30",2,0,3,5,40,2
"ARHGAP5",2,1,12,15,13.3333333333333,3
"ARHGAP5-AS1",2,1,12,15,13.3333333333333,3
"ARHGEF12",2,1,8,11,18.1818181818182,3
"ARHGEF19",2,0,11,13,15.3846153846154,2
"ARHGEF25",2,1,13,16,12.5,3
"ARHGEF37",2,0,8,10,20,2
"ARID1A",2,0,13,15,13.3333333333333,2
"ARID2",2,1,24,27,7.40740740740741,3
"ARL6",2,2,7,11,18.1818181818182,4
"ARMC10",2,0,11,13,15.3846153846154,2
"ARMC12",2,0,9,11,18.1818181818182,2
"ARRDC4",2,0,9,11,18.1818181818182,2
"AS3MT",2,0,13,15,13.3333333333333,2
"ASAP2",2,0,29,31,6.45161290322581,2
"ASB13",2,1,8,11,18.1818181818182,3
"ASCC2",2,1,4,7,28.5714285714286,3
"ASIC1",2,0,5,7,28.5714285714286,2
"ASPSCR1",2,0,2,4,50,2
"ATAD2B",2,2,19,23,8.69565217391304,4
"ATF3",2,0,8,10,20,2
"ATF7",2,2,3,7,28.5714285714286,4
"ATG13",2,1,18,21,9.52380952380952,3
"ATG3",2,0,20,22,9.09090909090909,2
"ATN1",2,3,14,19,10.5263157894737,5
"ATOH8",2,0,22,24,8.33333333333333,2
"ATP11A",2,3,10,15,13.3333333333333,5
"ATP11B",2,3,12,17,11.7647058823529,5
"ATP1A1",2,1,16,19,10.5263157894737,3
"ATP1A1OS",2,0,4,6,33.3333333333333,2
"ATP4A",2,1,11,14,14.2857142857143,3
"ATP5C1",2,1,4,7,28.5714285714286,3
"ATP5E",2,0,7,9,22.2222222222222,2
"ATP6V0B",2,0,6,8,25,2
"ATP6V0D1",2,0,9,11,18.1818181818182,2
"ATP6V1H",2,1,23,26,7.69230769230769,3
"ATP8B1",2,0,3,5,40,2
"ATP8B2",2,0,5,7,28.5714285714286,2
"ATRIP",2,0,19,21,9.52380952380952,2
"ATXN7",2,0,24,26,7.69230769230769,2
"B3GNT5",2,0,19,21,9.52380952380952,2
"B4GALNT1",2,1,4,7,28.5714285714286,3
"BAALC",2,1,11,14,14.2857142857143,3
"BACH1-AS1",2,0,16,18,11.1111111111111,2
"BACH1-IT2",2,0,16,18,11.1111111111111,2
"BAD",2,0,3,5,40,2
"BAG2",2,2,33,37,5.40540540540541,4
"BANF2",2,0,18,20,10,2
"BATF",2,0,7,9,22.2222222222222,2
"BBS12",2,0,5,7,28.5714285714286,2
"BCAS4",2,0,6,8,25,2
"BCDIN3D",2,0,17,19,10.5263157894737,2
"BCKDK",2,0,5,7,28.5714285714286,2
"BCL10",2,0,2,4,50,2
"BCL2L1",2,0,9,11,18.1818181818182,2
"BCL6",2,1,53,56,3.57142857142857,3
"BDH2",2,1,30,33,6.06060606060606,3
"BDNF-AS",2,1,9,12,16.6666666666667,3
"BGLAP",2,0,13,15,13.3333333333333,2
"BID",2,1,12,15,13.3333333333333,3
"BIN3",2,1,26,29,6.89655172413793,3
"BLOC1S2",2,0,10,12,16.6666666666667,2
"BLOC1S4",2,0,41,43,4.65116279069767,2
"BMF",2,0,17,19,10.5263157894737,2
"BMP4",2,0,6,8,25,2
"BMP6",2,0,25,27,7.40740740740741,2
"BRAF",2,0,9,11,18.1818181818182,2
"BRD4",2,0,5,7,28.5714285714286,2
"BRE",2,0,13,15,13.3333333333333,2
"BSPRY",2,1,4,7,28.5714285714286,3
"BTBD19",2,0,6,8,25,2
"BTBD9-AS1",2,0,23,25,8,2
"BTG2",2,0,12,14,14.2857142857143,2
"BTN1A1",2,0,14,16,12.5,2
"BTN2A1",2,0,6,8,25,2
"BTN2A2",2,1,8,11,18.1818181818182,3
"BTN3A2",2,1,7,10,20,3
"BYSL",2,0,10,12,16.6666666666667,2
"BZRAP1",2,0,1,3,66.6666666666667,2
"BZRAP1-AS1",2,0,1,3,66.6666666666667,2
"BZW1",2,2,18,22,9.09090909090909,4
"C10orf111",2,1,21,24,8.33333333333333,3
"C10orf82",2,1,3,6,33.3333333333333,3
"C11orf73",2,1,31,34,5.88235294117647,3
"C11orf82",2,6,29,37,5.40540540540541,8
"C12orf42",2,1,2,5,40,3
"C12orf43",2,0,9,11,18.1818181818182,2
"C12orf57",2,3,14,19,10.5263157894737,5
"C12orf60",2,1,23,26,7.69230769230769,3
"C12orf61",2,1,17,20,10,3
"C12orf68",2,0,37,39,5.12820512820513,2
"C14orf164",2,0,9,11,18.1818181818182,2
"C15orf38",2,0,9,11,18.1818181818182,2
"C15orf38-AP3S2",2,0,9,11,18.1818181818182,2
"C15orf39",2,0,16,18,11.1111111111111,2
"C16orf98",2,0,33,35,5.71428571428571,2
"C17orf100",2,0,9,11,18.1818181818182,2
"C17orf61-PLSCR3",2,0,7,9,22.2222222222222,2
"C19orf82",2,0,2,4,50,2
"C1orf122",2,1,8,11,18.1818181818182,3
"C1orf134",2,0,4,6,33.3333333333333,2
"C1orf141",2,0,5,7,28.5714285714286,2
"C1orf177",2,0,10,12,16.6666666666667,2
"C1orf189",2,0,9,11,18.1818181818182,2
"C1orf192",2,0,2,4,50,2
"C1orf21",2,0,12,14,14.2857142857143,2
"C1orf220",2,2,14,18,11.1111111111111,4
"C1ORF220",2,2,14,18,11.1111111111111,4
"C1orf50",2,0,6,8,25,2
"C1QBP",2,0,8,10,20,2
"C1QTNF4",2,1,19,22,9.09090909090909,3
"C20orf26",2,0,4,6,33.3333333333333,2
"C21orf33",2,0,12,14,14.2857142857143,2
"C21orf49",2,0,7,9,22.2222222222222,2
"C2CD4D",2,1,38,41,4.8780487804878,3
"C2orf66",2,0,0,2,100,2
"C2orf68",2,0,20,22,9.09090909090909,2
"C2orf78",2,0,6,8,25,2
"C3orf38",2,1,6,9,22.2222222222222,3
"C3orf52",2,0,20,22,9.09090909090909,2
"C4orf21",2,0,11,13,15.3846153846154,2
"C4orf22",2,0,2,4,50,2
"C5orf22",2,0,5,7,28.5714285714286,2
"C5orf28",2,0,10,12,16.6666666666667,2
"C5orf51",2,0,9,11,18.1818181818182,2
"C5orf58",2,0,13,15,13.3333333333333,2
"C6orf120",2,1,17,20,10,3
"C6orf211",2,1,16,19,10.5263157894737,3
"C6orf223",2,0,21,23,8.69565217391304,2
"C6orf226",2,0,1,3,66.6666666666667,2
"C6orf25",2,0,11,13,15.3846153846154,2
"C6orf48",2,0,17,19,10.5263157894737,2
"C6orf89",2,0,7,9,22.2222222222222,2
"C7orf25",2,1,22,25,8,3
"C7orf60",2,1,11,14,14.2857142857143,3
"C8G",2,0,8,10,20,2
"C8orf56",2,2,9,13,15.3846153846154,4
"C8orf88",2,1,13,16,12.5,3
"CA13",2,3,16,21,9.52380952380952,5
"CA2",2,3,25,30,6.66666666666667,5
"CA7",2,1,28,31,6.45161290322581,3
"CABLES2",2,0,7,9,22.2222222222222,2
"CABP7",2,0,2,4,50,2
"CACYBP",2,1,14,17,11.7647058823529,3
"CADM3",2,0,12,14,14.2857142857143,2
"CALM2",2,0,31,33,6.06060606060606,2
"CALML3",2,2,3,7,28.5714285714286,4
"CALML3-AS1",2,2,3,7,28.5714285714286,4
"CAMK1D",2,0,20,22,9.09090909090909,2
"CAMK2G",2,0,20,22,9.09090909090909,2
"CAPS2",2,1,5,8,25,3
"CARNS1",2,0,6,8,25,2
"CARS2",2,0,15,17,11.7647058823529,2
"CASC11",2,1,30,33,6.06060606060606,3
"CASQ1",2,0,5,7,28.5714285714286,2
"CBLL1",2,2,16,20,10,4
"CBX4",2,0,6,8,25,2
"CC2D1B",2,0,7,9,22.2222222222222,2
"CCAR2",2,1,23,26,7.69230769230769,3
"CCDC102B",2,3,21,26,7.69230769230769,5
"CCDC115",2,1,3,6,33.3333333333333,3
"CCDC12",2,0,10,12,16.6666666666667,2
"CCDC122",2,1,11,14,14.2857142857143,3
"CCDC148",2,0,13,15,13.3333333333333,2
"CCDC17",2,0,9,11,18.1818181818182,2
"CCDC170",2,1,14,17,11.7647058823529,3
"CCDC183-AS1",2,0,9,11,18.1818181818182,2
"CCDC19",2,1,17,20,10,3
"CCDC42B",2,0,12,14,14.2857142857143,2
"CCDC57",2,0,7,9,22.2222222222222,2
"CCDC68",2,0,5,7,28.5714285714286,2
"CCDC70",2,0,9,11,18.1818181818182,2
"CCDC91",2,0,13,15,13.3333333333333,2
"CCM2L",2,0,1,3,66.6666666666667,2
"CCNA1",2,4,17,23,8.69565217391304,6
"CCND1",2,0,26,28,7.14285714285714,2
"CCR2",2,0,18,20,10,2
"CCR5",2,0,17,19,10.5263157894737,2
"CCT4",2,0,8,10,20,2
"CD101",2,1,27,30,6.66666666666667,3
"CD109",2,1,20,23,8.69565217391304,3
"CD164",2,0,19,21,9.52380952380952,2
"CD200R1",2,0,30,32,6.25,2
"CD200R1L",2,0,6,8,25,2
"CD247",2,0,9,11,18.1818181818182,2
"CD300LB",2,0,11,13,15.3846153846154,2
"CD302",2,1,2,5,40,3
"CD3E",2,0,5,7,28.5714285714286,2
"CD6",2,2,16,20,10,4
"CD7",2,0,4,6,33.3333333333333,2
"CD72",2,0,1,3,66.6666666666667,2
"CD80",2,0,8,10,20,2
"CD84",2,0,4,6,33.3333333333333,2
"CDC20",2,0,7,9,22.2222222222222,2
"CDC25B",2,0,6,8,25,2
"CDC40",2,0,1,3,66.6666666666667,2
"CDC42BPG",2,0,19,21,9.52380952380952,2
"CDC42EP3",2,0,10,12,16.6666666666667,2
"CDC7",2,1,7,10,20,3
"CDCA5",2,0,3,5,40,2
"CDCA7L",2,0,4,6,33.3333333333333,2
"CDH15",2,0,18,20,10,2
"CDH24",2,0,9,11,18.1818181818182,2
"CDK15",2,0,17,19,10.5263157894737,2
"CDK19",2,0,14,16,12.5,2
"CDK3",2,0,6,8,25,2
"CDK7",2,1,20,23,8.69565217391304,3
"CDKAL1",2,0,22,24,8.33333333333333,2
"CDKN1B",2,0,24,26,7.69230769230769,2
"CDX1",2,0,8,10,20,2
"CDX2",2,0,8,10,20,2
"CEBPG",2,0,21,23,8.69565217391304,2
"CELF6",2,1,9,12,16.6666666666667,3
"CENPB",2,0,6,8,25,2
"CENPK",2,1,21,24,8.33333333333333,3
"CEP41",2,0,2,4,50,2
"CEP57L1",2,0,4,6,33.3333333333333,2
"CEP63",2,1,27,30,6.66666666666667,3
"CEP95",2,1,8,11,18.1818181818182,3
"CES5A",2,1,10,13,15.3846153846154,3
"CETN4P",2,0,5,7,28.5714285714286,2
"CGGBP1",2,2,10,14,14.2857142857143,4
"CH25H",2,0,23,25,8,2
"CHAD",2,0,6,8,25,2
"CHEK1",2,1,16,19,10.5263157894737,3
"CHEK2",2,0,0,2,100,2
"CHIT1",2,0,27,29,6.89655172413793,2
"CHMP1B",2,0,10,12,16.6666666666667,2
"CHMP2B",2,4,10,16,12.5,6
"CHPT1",2,1,12,15,13.3333333333333,3
"CHRAC1",2,0,12,14,14.2857142857143,2
"CHRM4",2,1,14,17,11.7647058823529,3
"CHRNB1",2,0,4,6,33.3333333333333,2
"CHTF8",2,0,13,15,13.3333333333333,2
"CIDECP",2,0,6,8,25,2
"CIRH1A",2,0,13,15,13.3333333333333,2
"CISD3",2,0,3,5,40,2
"CKLF",2,2,20,24,8.33333333333333,4
"CKLF-CMTM1",2,2,20,24,8.33333333333333,4
"CKS2",2,0,16,18,11.1111111111111,2
"CLASP1",2,0,9,11,18.1818181818182,2
"CLCN2",2,1,17,20,10,3
"CLDN14",2,0,1,3,66.6666666666667,2
"CLEC10A",2,1,8,11,18.1818181818182,3
"CLEC12B",2,0,10,12,16.6666666666667,2
"CLEC16A",2,1,21,24,8.33333333333333,3
"CLEC1B",2,0,9,11,18.1818181818182,2
"CLEC2B",2,0,6,8,25,2
"CLEC4E",2,1,12,15,13.3333333333333,3
"CLEC9A",2,0,21,23,8.69565217391304,2
"CLIP2",2,1,16,19,10.5263157894737,3
"CLLU1",2,0,3,5,40,2
"CLPB",2,1,9,12,16.6666666666667,3
"CLVS1",2,1,25,28,7.14285714285714,3
"CMTM6",2,1,7,10,20,3
"CNBP",2,0,9,11,18.1818181818182,2
"CNKSR3",2,0,11,13,15.3846153846154,2
"CNN3",2,0,10,12,16.6666666666667,2
"CNOT8",2,2,30,34,5.88235294117647,4
"COA5",2,0,18,20,10,2
"COL12A1",2,1,19,22,9.09090909090909,3
"COL4A2",2,1,26,29,6.89655172413793,3
"COL8A2",2,0,4,6,33.3333333333333,2
"COMMD1",2,0,8,10,20,2
"COMMD9",2,3,9,14,14.2857142857143,5
"COMT",2,0,1,3,66.6666666666667,2
"COPB1",2,1,2,5,40,3
"COPG2",2,0,3,5,40,2
"COQ2",2,0,3,5,40,2
"CORO6",2,1,14,17,11.7647058823529,3
"COTL1",2,0,27,29,6.89655172413793,2
"COX5A",2,0,5,7,28.5714285714286,2
"COX6A1",2,0,8,10,20,2
"COX6B2",2,0,7,9,22.2222222222222,2
"COX6C",2,0,0,2,100,2
"COX7C",2,1,22,25,8,3
"CPA2",2,0,15,17,11.7647058823529,2
"CPE",2,0,12,14,14.2857142857143,2
"CPLX3",2,0,12,14,14.2857142857143,2
"CPOX",2,2,28,32,6.25,4
"CR1",2,1,12,15,13.3333333333333,3
"CRAT",2,0,5,7,28.5714285714286,2
"CREB3",2,0,11,13,15.3846153846154,2
"CREB3L2",2,0,20,22,9.09090909090909,2
"CREG1",2,0,25,27,7.40740740740741,2
"CREM",2,0,28,30,6.66666666666667,2
"CRHR1-IT1",2,0,12,14,14.2857142857143,2
"CRIM1",2,1,44,47,4.25531914893617,3
"CRISP3",2,1,5,8,25,3
"CRNKL1",2,0,4,6,33.3333333333333,2
"CRYBA2",2,0,8,10,20,2
"CRYBA4",2,0,6,8,25,2
"CRYBB1",2,0,6,8,25,2
"CRYL1",2,1,15,18,11.1111111111111,3
"CSF1",2,0,13,15,13.3333333333333,2
"CSF1R",2,0,12,14,14.2857142857143,2
"CSGALNACT1",2,0,20,22,9.09090909090909,2
"CSHL1",2,0,23,25,8,2
"CSK",2,0,12,14,14.2857142857143,2
"CSNK1A1",2,0,12,14,14.2857142857143,2
"CST9",2,1,3,6,33.3333333333333,3
"CSTF2T",2,0,3,5,40,2
"CTA-204B4.2",2,0,12,14,14.2857142857143,2
"CTA-941F9.9",2,0,6,8,25,2
"CTAGE5",2,2,12,16,12.5,4
"CTB-161M19.4",2,2,21,25,8,4
"CTB-22K21.2",2,0,14,16,12.5,2
"CTB-49A3.4",2,0,0,2,100,2
"CTB-60E11.9",2,0,8,10,20,2
"CTBS",2,0,28,30,6.66666666666667,2
"CTC-281F24.1",2,0,9,11,18.1818181818182,2
"CTC-303L1.2",2,0,1,3,66.6666666666667,2
"CTC-338M12.6",2,0,9,11,18.1818181818182,2
"CTC-378H22.1",2,0,24,26,7.69230769230769,2
"CTC-467M3.1",2,0,8,10,20,2
"CTC-467M3.2",2,0,12,14,14.2857142857143,2
"CTC-467M3.3",2,0,12,14,14.2857142857143,2
"CTC-492K19.4",2,0,7,9,22.2222222222222,2
"CTD-2001C12.1",2,0,12,14,14.2857142857143,2
"CTD-2006C1.2",2,0,24,26,7.69230769230769,2
"CTD-2017C7.1",2,1,13,16,12.5,3
"CTD-2017C7.3",2,1,13,16,12.5,3
"CTD-2047H16.4",2,1,31,34,5.88235294117647,3
"CTD-2140B24.4",2,1,15,18,11.1111111111111,3
"CTD-2152M20.2",2,0,10,12,16.6666666666667,2
"CTD-2193P3.2",2,0,9,11,18.1818181818182,2
"CTD-2267D19.4",2,1,7,10,20,3
"CTD-2288O8.1",2,1,18,21,9.52380952380952,3
"CTD-2290P7.1",2,0,4,6,33.3333333333333,2
"CTD-2292M16.7",2,0,8,10,20,2
"CTD-2311M21.3",2,0,11,13,15.3846153846154,2
"CTD-2315E11.1",2,1,10,13,15.3846153846154,3
"CTD-2325P2.3",2,0,44,46,4.34782608695652,2
"CTD-2325P2.4",2,0,20,22,9.09090909090909,2
"CTD-2353F22.1",2,4,23,29,6.89655172413793,6
"CTD-2369P2.4",2,1,12,15,13.3333333333333,3
"CTD-2373N4.5",2,0,2,4,50,2
"CTD-2534I21.8",2,0,0,2,100,2
"CTD-2537I9.16",2,0,8,10,20,2
"CTD-2544N14.3",2,0,11,13,15.3846153846154,2
"CTD-2600O9.1",2,0,3,5,40,2
"CTD-2616J11.2",2,0,3,5,40,2
"CTD-2616J11.3",2,0,3,5,40,2
"CTD-2631K10.1",2,0,45,47,4.25531914893617,2
"CTD-3028N15.1",2,5,22,29,6.89655172413793,7
"CTD-3065J16.9",2,0,8,10,20,2
"CTHRC1",2,2,24,28,7.14285714285714,4
"CTNND1",2,0,20,22,9.09090909090909,2
"CUBN",2,1,18,21,9.52380952380952,3
"CUEDC2",2,0,7,9,22.2222222222222,2
"CWC27",2,1,8,11,18.1818181818182,3
"CXCL3",2,1,14,17,11.7647058823529,3
"CXCR6",2,0,10,12,16.6666666666667,2
"CYB5R3",2,0,11,13,15.3846153846154,2
"CYBRD1",2,0,7,9,22.2222222222222,2
"CYP11A1",2,0,11,13,15.3846153846154,2
"CYP2W1",2,0,7,9,22.2222222222222,2
"CYP7B1",2,0,5,7,28.5714285714286,2
"CYTIP",2,0,11,13,15.3846153846154,2
"DAAM1",2,1,26,29,6.89655172413793,3
"DANCR",2,0,5,7,28.5714285714286,2
"DAO",2,0,11,13,15.3846153846154,2
"DAPK2",2,0,20,22,9.09090909090909,2
"DBN1",2,0,1,3,66.6666666666667,2
"DCK",2,2,33,37,5.40540540540541,4
"DCLRE1A",2,1,3,6,33.3333333333333,3
"DCTN2",2,1,10,13,15.3846153846154,3
"DDAH2",2,0,11,13,15.3846153846154,2
"DDC",2,0,12,14,14.2857142857143,2
"DDX41",2,0,5,7,28.5714285714286,2
"DDX47",2,0,11,13,15.3846153846154,2
"DDX5",2,1,8,11,18.1818181818182,3
"DDX54",2,0,33,35,5.71428571428571,2
"DDX55",2,0,7,9,22.2222222222222,2
"DEDD",2,0,18,20,10,2
"DEFB134",2,0,13,15,13.3333333333333,2
"DEFB136",2,0,24,26,7.69230769230769,2
"DEGS2",2,0,17,19,10.5263157894737,2
"DEPDC5",2,0,13,15,13.3333333333333,2
"DERL2",2,0,7,9,22.2222222222222,2
"DEXI",2,0,21,23,8.69565217391304,2
"DFNA5",2,0,7,9,22.2222222222222,2
"DHRS13",2,0,10,12,16.6666666666667,2
"DHRS7B",2,1,24,27,7.40740740740741,3
"DHX36",2,0,7,9,22.2222222222222,2
"DIAPH1",2,0,29,31,6.45161290322581,2
"DIS3",2,1,10,13,15.3846153846154,3
"DIXDC1",2,0,16,18,11.1111111111111,2
"DKFZP667F0711",2,0,1,3,66.6666666666667,2
"DLD",2,0,12,14,14.2857142857143,2
"DLK2",2,0,4,6,33.3333333333333,2
"DLX6",2,2,11,15,13.3333333333333,4
"DLX6-AS1",2,2,11,15,13.3333333333333,4
"DLX6-AS2",2,2,11,15,13.3333333333333,4
"DMXL1",2,2,21,25,8,4
"DNAAF1",2,2,19,23,8.69565217391304,4
"DNAH11",2,1,3,6,33.3333333333333,3
"DNAH2",2,0,9,11,18.1818181818182,2
"DNAH7",2,1,1,4,50,3
"DNAJB8-AS1",2,0,1,3,66.6666666666667,2
"DNAJC3",2,1,12,15,13.3333333333333,3
"DNAJC3-AS1",2,1,12,15,13.3333333333333,3
"DNASE2B",2,3,34,39,5.12820512820513,5
"DNMT3A",2,0,5,7,28.5714285714286,2
"DNTTIP1",2,3,14,19,10.5263157894737,5
"DNTTIP2",2,0,4,6,33.3333333333333,2
"DOCK6",2,0,16,18,11.1111111111111,2
"DOK1",2,0,13,15,13.3333333333333,2
"DOK2",2,0,24,26,7.69230769230769,2
"DOK3",2,0,5,7,28.5714285714286,2
"DOLPP1",2,0,4,6,33.3333333333333,2
"DROSHA",2,0,5,7,28.5714285714286,2
"DTWD1",2,1,11,14,14.2857142857143,3
"DTX3",2,1,13,16,12.5,3
"DUSP11",2,0,6,8,25,2
"DUSP19",2,0,4,6,33.3333333333333,2
"DUSP22",2,4,38,44,4.54545454545455,6
"DUSP27",2,0,7,9,22.2222222222222,2
"DYM",2,0,7,9,22.2222222222222,2
"DYNC1H1",2,0,6,8,25,2
"DYNC2H1",2,0,7,9,22.2222222222222,2
"E2F3",2,0,40,42,4.76190476190476,2
"E2F4",2,0,7,9,22.2222222222222,2
"EAF2",2,0,20,22,9.09090909090909,2
"EDN1",2,1,30,33,6.06060606060606,3
"EED",2,2,37,41,4.8780487804878,4
"EFCAB11",2,0,3,5,40,2
"EFHC1",2,1,29,32,6.25,3
"EFNB2",2,1,31,34,5.88235294117647,3
"EGF",2,5,15,22,9.09090909090909,7
"EHBP1L1",2,0,4,6,33.3333333333333,2
"EID2",2,0,9,11,18.1818181818182,2
"EID2B",2,0,8,10,20,2
"EIF2AK2",2,1,5,8,25,3
"EIF2B2",2,0,4,6,33.3333333333333,2
"EIF2B3",2,1,13,16,12.5,3
"EIF3J",2,1,4,7,28.5714285714286,3
"EIF3J-AS1",2,1,4,7,28.5714285714286,3
"EIF4E",2,6,30,38,5.26315789473684,8
"EIF4EBP3",2,2,10,14,14.2857142857143,4
"EIF4G2",2,1,17,20,10,3
"ELMO1-AS1",2,0,0,2,100,2
"ELOVL1",2,0,7,9,22.2222222222222,2
"ELOVL3",2,0,17,19,10.5263157894737,2
"EMC7",2,0,7,9,22.2222222222222,2
"EMG1",2,2,12,16,12.5,4
"EML3",2,0,14,16,12.5,2
"EMP1",2,1,25,28,7.14285714285714,3
"EMP3",2,0,0,2,100,2
"ENDOD1",2,1,11,14,14.2857142857143,3
"ENDOV",2,1,31,34,5.88235294117647,3
"ENO4",2,2,8,12,16.6666666666667,4
"ENSA",2,0,17,19,10.5263157894737,2
"ENTPD7",2,0,4,6,33.3333333333333,2
"EPB41L1",2,0,0,2,100,2
"EPB41L4A-AS1",2,3,14,19,10.5263157894737,5
"EPDR1",2,0,0,2,100,2
"EPGN",2,3,11,16,12.5,5
"EPHX1",2,0,2,4,50,2
"EPS15",2,2,16,20,10,4
"ERCC8",2,0,5,7,28.5714285714286,2
"ERF",2,0,25,27,7.40740740740741,2
"ERI1",2,0,33,35,5.71428571428571,2
"ERICH2",2,0,14,16,12.5,2
"ERMN",2,0,16,18,11.1111111111111,2
"ERN1",2,0,14,16,12.5,2
"ERP29",2,0,1,3,66.6666666666667,2
"ESYT1",2,0,19,21,9.52380952380952,2
"ETNK1",2,2,19,23,8.69565217391304,4
"ETS1",2,1,37,40,5,3
"ETV5",2,0,10,12,16.6666666666667,2
"EVPL",2,0,6,8,25,2
"EXOC3L1",2,0,7,9,22.2222222222222,2
"EXOC6",2,0,1,3,66.6666666666667,2
"EXOSC4",2,0,8,10,20,2
"EXTL3",2,1,5,8,25,3
"EYA3",2,1,9,12,16.6666666666667,3
"FABP6",2,0,14,16,12.5,2
"FAM103A1",2,3,26,31,6.45161290322581,5
"FAM126A",2,0,6,8,25,2
"FAM129B",2,0,3,5,40,2
"FAM154A",2,0,5,7,28.5714285714286,2
"FAM174A",2,0,12,14,14.2857142857143,2
"FAM177A1",2,0,16,18,11.1111111111111,2
"FAM180B",2,1,12,15,13.3333333333333,3
"FAM187B",2,0,23,25,8,2
"FAM187B2P",2,0,23,25,8,2
"FAM196B",2,0,11,13,15.3846153846154,2
"FAM200B",2,0,16,18,11.1111111111111,2
"FAM20B",2,4,13,19,10.5263157894737,6
"FAM213B",2,0,7,9,22.2222222222222,2
"FAM227B",2,1,11,14,14.2857142857143,3
"FAM26E",2,2,24,28,7.14285714285714,4
"FAM47E",2,0,16,18,11.1111111111111,2
"FAM60A",2,1,16,19,10.5263157894737,3
"FAM63A",2,0,4,6,33.3333333333333,2
"FAM71A",2,0,13,15,13.3333333333333,2
"FAM89B",2,0,4,6,33.3333333333333,2
"FAM99B",2,0,16,18,11.1111111111111,2
"FANCD2",2,0,6,8,25,2
"FAR1",2,0,2,4,50,2
"FAR1-IT1",2,0,2,4,50,2
"FAS",2,0,10,12,16.6666666666667,2
"FASTKD2",2,0,14,16,12.5,2
"FASTKD3",2,0,39,41,4.8780487804878,2
"FAXDC2",2,2,30,34,5.88235294117647,4
"FBF1",2,0,6,8,25,2
"FBN1",2,2,18,22,9.09090909090909,4
"FBP1",2,0,7,9,22.2222222222222,2
"FBRS",2,0,10,12,16.6666666666667,2
"FBXL13",2,0,11,13,15.3846153846154,2
"FBXL15",2,1,9,12,16.6666666666667,3
"FBXL5",2,0,16,18,11.1111111111111,2
"FBXO45",2,0,3,5,40,2
"FBXW5",2,0,8,10,20,2
"FCER1G",2,0,4,6,33.3333333333333,2
"FEM1C",2,4,57,63,3.17460317460317,6
"FER1L5",2,0,6,8,25,2
"FERMT3",2,0,3,5,40,2
"FEV",2,0,8,10,20,2
"FFAR2",2,1,22,25,8,3
"FGD6",2,1,14,17,11.7647058823529,3
"FGF17",2,0,3,5,40,2
"FGFR1OP",2,0,23,25,8,2
"FJX1",2,4,15,21,9.52380952380952,6
"FKBP5",2,0,9,11,18.1818181818182,2
"FLNB-AS1",2,0,17,19,10.5263157894737,2
"FLRT1",2,0,2,4,50,2
"FNDC9",2,1,12,15,13.3333333333333,3
"FOLR3",2,0,7,9,22.2222222222222,2
"FOPNL",2,2,30,34,5.88235294117647,4
"FOXR1",2,0,16,18,11.1111111111111,2
"FRY",2,0,28,30,6.66666666666667,2
"FRY-AS1",2,0,28,30,6.66666666666667,2
"FTSJ2",2,0,24,26,7.69230769230769,2
"FZD7",2,0,15,17,11.7647058823529,2
"FZD9",2,0,4,6,33.3333333333333,2
"GAB2",2,1,47,50,4,3
"GABARAPL2",2,0,15,17,11.7647058823529,2
"GAD1",2,0,16,18,11.1111111111111,2
"GADD45G",2,0,37,39,5.12820512820513,2
"GAK",2,0,7,9,22.2222222222222,2
"GALNT1",2,1,4,7,28.5714285714286,3
"GALNT10",2,0,16,18,11.1111111111111,2
"GALNT6",2,0,3,5,40,2
"GAN",2,0,23,25,8,2
"GAPDHS",2,0,9,11,18.1818181818182,2
"GATAD1",2,2,19,23,8.69565217391304,4
"GATC",2,0,9,11,18.1818181818182,2
"GBA2",2,0,13,15,13.3333333333333,2
"GBAS",2,1,17,20,10,3
"GBE1",2,1,18,21,9.52380952380952,3
"GBF1",2,0,13,15,13.3333333333333,2
"GBP4",2,0,7,9,22.2222222222222,2
"GBP6",2,0,18,20,10,2
"GCA",2,0,2,4,50,2
"GCAT",2,0,4,6,33.3333333333333,2
"GCG",2,0,3,5,40,2
"GCNT6",2,0,4,6,33.3333333333333,2
"GDAP2",2,0,8,10,20,2
"GDF9",2,0,2,4,50,2
"GEN1",2,3,16,21,9.52380952380952,5
"GFOD2",2,0,5,7,28.5714285714286,2
"GGA1",2,0,5,7,28.5714285714286,2
"GGH",2,0,13,15,13.3333333333333,2
"GH1",2,0,23,25,8,2
"GHRH",2,0,9,11,18.1818181818182,2
"GHRL",2,0,8,10,20,2
"GHRLOS",2,0,9,11,18.1818181818182,2
"GJA3",2,0,6,8,25,2
"GJB6",2,0,14,16,12.5,2
"GJC2",2,0,1,3,66.6666666666667,2
"GJD3",2,1,7,10,20,3
"GLI1",2,1,12,15,13.3333333333333,3
"GLIPR1L2",2,1,5,8,25,3
"GLS2",2,0,10,12,16.6666666666667,2
"GMIP",2,0,4,6,33.3333333333333,2
"GMNN",2,0,26,28,7.14285714285714,2
"GMPR",2,0,8,10,20,2
"GNAS",2,1,18,21,9.52380952380952,3
"GNAS-AS1",2,1,14,17,11.7647058823529,3
"GNB5",2,1,14,17,11.7647058823529,3
"GNPTAB",2,1,12,15,13.3333333333333,3
"GORASP1",2,0,22,24,8.33333333333333,2
"GPATCH4",2,0,4,6,33.3333333333333,2
"GPBP1L1",2,0,10,12,16.6666666666667,2
"GPR110",2,0,3,5,40,2
"GPR137",2,0,4,6,33.3333333333333,2
"GPR137B",2,1,15,18,11.1111111111111,3
"GPR141",2,0,0,2,100,2
"GPR61",2,0,41,43,4.65116279069767,2
"GPRC5B",2,0,22,24,8.33333333333333,2
"GPRIN3",2,0,2,4,50,2
"GPT2",2,1,17,20,10,3
"GRAMD2",2,0,4,6,33.3333333333333,2
"GRB10",2,0,23,25,8,2
"GRHPR",2,0,6,8,25,2
"GRM4",2,0,9,11,18.1818181818182,2
"GRPEL1",2,0,2,4,50,2
"GS1-279B7.2",2,2,24,28,7.14285714285714,4
"GSDMA",2,0,3,5,40,2
"GSE1",2,2,28,32,6.25,4
"GSK3A",2,0,25,27,7.40740740740741,2
"GSK3B",2,1,12,15,13.3333333333333,3
"GSN-AS1",2,0,7,9,22.2222222222222,2
"GSTO2",2,3,23,28,7.14285714285714,5
"GTF2IRD1",2,0,14,16,12.5,2
"GTPBP2",2,0,10,12,16.6666666666667,2
"GTPBP4",2,0,60,62,3.2258064516129,2
"GTSF1",2,0,5,7,28.5714285714286,2
"GUCY2D",2,0,13,15,13.3333333333333,2
"GUK1",2,0,1,3,66.6666666666667,2
"H1F0",2,0,4,6,33.3333333333333,2
"H2AFX",2,1,20,23,8.69565217391304,3
"HARBI1",2,1,18,21,9.52380952380952,3
"HAVCR2",2,1,22,25,8,3
"HDGFRP3",2,1,5,8,25,3
"HDLBP",2,0,9,11,18.1818181818182,2
"HEATR3",2,0,28,30,6.66666666666667,2
"HECA",2,0,2,4,50,2
"HERPUD1",2,1,12,15,13.3333333333333,3
"HEXA",2,1,6,9,22.2222222222222,3
"HEXA-AS1",2,1,6,9,22.2222222222222,3
"HEY2",2,4,17,23,8.69565217391304,6
"HFM1",2,1,1,4,50,3
"HHEX",2,1,7,10,20,3
"HIC1",2,1,30,33,6.06060606060606,3
"HINT2",2,0,6,8,25,2
"HIPK1",2,2,14,18,11.1111111111111,4
"HIST1H1C",2,0,24,26,7.69230769230769,2
"HIST1H1T",2,0,6,8,25,2
"HIST1H2AC",2,0,3,5,40,2
"HIST1H2BC",2,0,3,5,40,2
"HIST1H4B",2,0,13,15,13.3333333333333,2
"HIVEP1",2,4,37,43,4.65116279069767,6
"HIVEP2",2,0,11,13,15.3846153846154,2
"HLA-DMB",2,1,9,12,16.6666666666667,3
"HLA-DOB",2,1,28,31,6.45161290322581,3
"HLA-DQA2",2,0,16,18,11.1111111111111,2
"HLA-DQB2",2,0,16,18,11.1111111111111,2
"HM13-AS1",2,0,2,4,50,2
"HMBOX1",2,0,10,12,16.6666666666667,2
"HMBS",2,1,20,23,8.69565217391304,3
"HMG20A",2,0,5,7,28.5714285714286,2
"HMGB1P10",2,0,3,5,40,2
"HMGB2",2,1,8,11,18.1818181818182,3
"HMGN3",2,3,7,12,16.6666666666667,5
"HMGN3-AS1",2,3,7,12,16.6666666666667,5
"HMMR",2,2,21,25,8,4
"HN1L",2,0,6,8,25,2
"HNF1A-AS1",2,0,16,18,11.1111111111111,2
"HNRNPA3",2,1,10,13,15.3846153846154,3
"HNRNPA3P16",2,1,4,7,28.5714285714286,3
"HNRNPK",2,4,32,38,5.26315789473684,6
"HOMER2",2,3,29,34,5.88235294117647,5
"HOXB-AS3",2,3,36,41,4.8780487804878,5
"HOXB-AS4",2,2,28,32,6.25,4
"HOXB6",2,2,28,32,6.25,4
"HOXB8",2,3,29,34,5.88235294117647,5
"HOXB9",2,2,28,32,6.25,4
"HOXC8",2,0,19,21,9.52380952380952,2
"HOXD-AS2",2,0,24,26,7.69230769230769,2
"HOXD10",2,0,12,14,14.2857142857143,2
"HOXD3",2,0,26,28,7.14285714285714,2
"HOXD8",2,0,21,23,8.69565217391304,2
"HPSE",2,2,7,11,18.1818181818182,4
"HSCB",2,0,0,2,100,2
"HSD11B2",2,0,9,11,18.1818181818182,2
"HSD3B7",2,0,21,23,8.69565217391304,2
"HSDL1",2,2,15,19,10.5263157894737,4
"HSF2BP",2,0,9,11,18.1818181818182,2
"HSPA12A",2,1,4,7,28.5714285714286,3
"HSPA4L",2,1,4,7,28.5714285714286,3
"HTR1B",2,0,9,11,18.1818181818182,2
"HTR2B",2,0,8,10,20,2
"HTRA3",2,0,11,13,15.3846153846154,2
"HTRA4",2,0,11,13,15.3846153846154,2
"HUS1",2,0,24,26,7.69230769230769,2
"IBA57",2,0,1,3,66.6666666666667,2
"IBA57-AS1",2,0,1,3,66.6666666666667,2
"ICAM1",2,1,12,15,13.3333333333333,3
"ID1",2,1,8,11,18.1818181818182,3
"IDH1",2,0,18,20,10,2
"IDH1-AS1",2,0,17,19,10.5263157894737,2
"IDH2",2,1,10,13,15.3846153846154,3
"IFIH1",2,0,2,4,50,2
"IFIT2",2,1,8,11,18.1818181818182,3
"IFIT3",2,0,5,7,28.5714285714286,2
"IFLTD1",2,1,8,11,18.1818181818182,3
"IFNAR1",2,0,5,7,28.5714285714286,2
"IFNK",2,0,17,19,10.5263157894737,2
"IFNLR1",2,0,6,8,25,2
"IFRD1",2,0,23,25,8,2
"IFT46",2,0,4,6,33.3333333333333,2
"IFT57",2,1,15,18,11.1111111111111,3
"IFT74",2,2,33,37,5.40540540540541,4
"IFT88",2,0,15,17,11.7647058823529,2
"IGF2BP3",2,0,21,23,8.69565217391304,2
"IGSF6",2,1,21,24,8.33333333333333,3
"IGSF9",2,1,12,15,13.3333333333333,3
"IKZF5",2,0,7,9,22.2222222222222,2
"IL12B",2,0,10,12,16.6666666666667,2
"IL17B",2,0,4,6,33.3333333333333,2
"IL17D",2,0,12,14,14.2857142857143,2
"IL17RD",2,2,5,9,22.2222222222222,4
"IL17REL",2,0,2,4,50,2
"IL1R2",2,0,27,29,6.89655172413793,2
"IL1RAP",2,2,16,20,10,4
"IL22RA1",2,0,8,10,20,2
"IL3",2,0,2,4,50,2
"IL4",2,0,1,3,66.6666666666667,2
"IL6",2,0,15,17,11.7647058823529,2
"ILF2",2,0,24,26,7.69230769230769,2
"IMP4",2,1,3,6,33.3333333333333,3
"ING1",2,0,15,17,11.7647058823529,2
"INTS1",2,0,4,6,33.3333333333333,2
"INTS3",2,0,25,27,7.40740740740741,2
"INTS9",2,0,10,12,16.6666666666667,2
"IP6K3",2,0,15,17,11.7647058823529,2
"IPO11",2,0,13,15,13.3333333333333,2
"IPO13",2,0,12,14,14.2857142857143,2
"IPO4",2,1,31,34,5.88235294117647,3
"IQCB1",2,0,20,22,9.09090909090909,2
"IQGAP3",2,0,7,9,22.2222222222222,2
"IRAK2",2,0,6,8,25,2
"IRF2BPL",2,0,25,27,7.40740740740741,2
"IRGC",2,0,16,18,11.1111111111111,2
"ISLR2",2,0,6,8,25,2
"ITGA1",2,1,18,21,9.52380952380952,3
"ITGB1",2,0,3,5,40,2
"ITIH1",2,0,6,8,25,2
"ITIH4",2,0,8,10,20,2
"ITIH4-AS1",2,0,8,10,20,2
"ITK",2,2,28,32,6.25,4
"ITLN2",2,0,16,18,11.1111111111111,2
"IVNS1ABP",2,2,24,28,7.14285714285714,4
"JADE1",2,4,29,35,5.71428571428571,6
"JAG2",2,0,11,13,15.3846153846154,2
"JARID2",2,0,14,16,12.5,2
"JARID2-AS1",2,0,14,16,12.5,2
"JHDM1D-AS1",2,0,17,19,10.5263157894737,2
"KANK2",2,0,16,18,11.1111111111111,2
"KANSL3",2,0,6,8,25,2
"KATNAL1",2,0,16,18,11.1111111111111,2
"KATNB1",2,0,4,6,33.3333333333333,2
"KB-1410C5.5",2,0,18,20,10,2
"KB-431C1.4",2,1,10,13,15.3846153846154,3
"KCMF1",2,1,17,20,10,3
"KCNAB1-AS1",2,0,13,15,13.3333333333333,2
"KCNC4",2,0,14,16,12.5,2
"KCNC4-AS1",2,0,14,16,12.5,2
"KCNE3",2,1,8,11,18.1818181818182,3
"KCNH3",2,0,8,10,20,2
"KCNK6",2,0,4,6,33.3333333333333,2
"KCNK7",2,0,2,4,50,2
"KCNN3",2,0,19,21,9.52380952380952,2
"KCNN4",2,1,13,16,12.5,3
"KCTD19",2,0,7,9,22.2222222222222,2
"KCTD21",2,2,19,23,8.69565217391304,4
"KCTD21-AS1",2,1,4,7,28.5714285714286,3
"KDM4A-AS1",2,0,13,15,13.3333333333333,2
"KDM7A",2,0,17,19,10.5263157894737,2
"KDM8",2,0,17,19,10.5263157894737,2
"KIAA0196",2,1,45,48,4.16666666666667,3
"KIAA0232",2,0,42,44,4.54545454545455,2
"KIAA0513",2,1,19,22,9.09090909090909,3
"KIAA0754",2,0,26,28,7.14285714285714,2
"KIAA0825",2,0,1,3,66.6666666666667,2
"KIAA0895L",2,0,9,11,18.1818181818182,2
"KIAA0907",2,0,37,39,5.12820512820513,2
"KIAA1199",2,1,21,24,8.33333333333333,3
"KIAA1324L",2,1,6,9,22.2222222222222,3
"KIAA1549L",2,2,14,18,11.1111111111111,4
"KIAA1586",2,2,26,30,6.66666666666667,4
"KIAA1614",2,1,10,13,15.3846153846154,3
"KIF13A",2,0,13,15,13.3333333333333,2
"KIF18B",2,0,0,2,100,2
"KIF5A",2,1,10,13,15.3846153846154,3
"KIF9-AS1",2,0,4,6,33.3333333333333,2
"KIFC3",2,0,3,5,40,2
"KIN",2,1,4,7,28.5714285714286,3
"KITLG",2,1,6,9,22.2222222222222,3
"KLF11",2,0,10,12,16.6666666666667,2
"KLHDC10",2,0,13,15,13.3333333333333,2
"KLHDC3",2,0,2,4,50,2
"KLHL36",2,0,10,12,16.6666666666667,2
"KRCC1",2,0,23,25,8,2
"KRT84",2,1,31,34,5.88235294117647,3
"KRT85",2,0,16,18,11.1111111111111,2
"KYNU",2,1,27,30,6.66666666666667,3
"L3MBTL3",2,1,14,17,11.7647058823529,3
"LACC1",2,1,11,14,14.2857142857143,3
"LAMA5",2,0,17,19,10.5263157894737,2
"LAMB4",2,0,10,12,16.6666666666667,2
"LAMP3",2,0,15,17,11.7647058823529,2
"LAPTM4B",2,0,11,13,15.3846153846154,2
"LARP7",2,0,15,17,11.7647058823529,2
"LCMT1",2,1,11,14,14.2857142857143,3
"LCOR",2,1,24,27,7.40740740740741,3
"LCORL",2,2,32,36,5.55555555555556,4
"LDHA",2,2,11,15,13.3333333333333,4
"LEAP2",2,0,9,11,18.1818181818182,2
"LEMD2",2,0,14,16,12.5,2
"LEP",2,1,11,14,14.2857142857143,3
"LEPR",2,0,15,17,11.7647058823529,2
"LEPROT",2,0,15,17,11.7647058823529,2
"LETMD1",2,0,18,20,10,2
"LGR4",2,0,11,13,15.3846153846154,2
"LHX2",2,0,23,25,8,2
"LIMD1",2,1,2,5,40,3
"LIMS1",2,0,14,16,12.5,2
"LIN7C",2,1,9,12,16.6666666666667,3
"LIN9",2,0,2,4,50,2
"LINC00461",2,1,15,18,11.1111111111111,3
"LINC00528",2,1,12,15,13.3333333333333,3
"LINC00608",2,0,8,10,20,2
"LINC00610",2,3,13,18,11.1111111111111,5
"LINC00636",2,1,9,12,16.6666666666667,3
"LINC00938",2,1,24,27,7.40740740740741,3
"LINC01057",2,3,21,26,7.69230769230769,5
"LINC01136",2,0,12,14,14.2857142857143,2
"LITAF",2,1,16,19,10.5263157894737,3
"LL22NC03-104C7.1",2,1,15,18,11.1111111111111,3
"LL22NC03-86G7.1",2,0,10,12,16.6666666666667,2
"LLNLR-246C6.1",2,0,5,7,28.5714285714286,2
"LMAN1L",2,0,9,11,18.1818181818182,2
"LMNB1",2,0,26,28,7.14285714285714,2
"LNX1-AS1",2,0,1,3,66.6666666666667,2
"LNX2",2,0,5,7,28.5714285714286,2
"LOH12CR1",2,0,22,24,8.33333333333333,2
"LOH12CR2",2,0,22,24,8.33333333333333,2
"LONP2",2,0,9,11,18.1818181818182,2
"LONRF1",2,3,40,45,4.44444444444444,5
"LOXL3",2,0,15,17,11.7647058823529,2
"LPAR2",2,0,4,6,33.3333333333333,2
"LPIN1",2,0,8,10,20,2
"LPIN2",2,0,23,25,8,2
"LPIN3",2,0,15,17,11.7647058823529,2
"LPP-AS1",2,0,4,6,33.3333333333333,2
"LRP10",2,0,11,13,15.3846153846154,2
"LRP1B",2,0,2,4,50,2
"LRP2BP",2,0,10,12,16.6666666666667,2
"LRP4",2,1,6,9,22.2222222222222,3
"LRRC15",2,0,5,7,28.5714285714286,2
"LRRC16B",2,0,5,7,28.5714285714286,2
"LRRC32",2,0,3,5,40,2
"LRRC36",2,0,7,9,22.2222222222222,2
"LRRC71",2,0,20,22,9.09090909090909,2
"LSM14A",2,0,10,12,16.6666666666667,2
"LTBP1",2,6,35,43,4.65116279069767,8
"LTBP3",2,0,0,2,100,2
"LTBR",2,0,1,3,66.6666666666667,2
"LTV1",2,2,14,18,11.1111111111111,4
"LUC7L3",2,0,11,13,15.3846153846154,2
"LURAP1",2,0,8,10,20,2
"LY6G6C",2,0,11,13,15.3846153846154,2
"LY6G6D",2,0,11,13,15.3846153846154,2
"LYPD3",2,0,3,5,40,2
"MACF1",2,0,7,9,22.2222222222222,2
"MAD1L1",2,0,24,26,7.69230769230769,2
"MAD2L1BP",2,0,10,12,16.6666666666667,2
"MADD",2,0,10,12,16.6666666666667,2
"MAGEF1",2,0,3,5,40,2
"MAK",2,0,6,8,25,2
"MAN1A1",2,0,7,9,22.2222222222222,2
"MAN2A1",2,2,9,13,15.3846153846154,4
"MANSC1",2,0,21,23,8.69565217391304,2
"MAP1B",2,0,6,8,25,2
"MAP3K3",2,1,10,13,15.3846153846154,3
"MAP4K3",2,0,24,26,7.69230769230769,2
"MAPK10",2,0,9,11,18.1818181818182,2
"MAPK8",2,0,15,17,11.7647058823529,2
"MARVELD2",2,0,21,23,8.69565217391304,2
"MAST4",2,0,9,11,18.1818181818182,2
"MAST4-AS1",2,0,2,4,50,2
"MAU2",2,1,14,17,11.7647058823529,3
"MAX",2,0,5,7,28.5714285714286,2
"MAZ",2,0,18,20,10,2
"MBOAT7",2,0,10,12,16.6666666666667,2
"MCCC1",2,0,17,19,10.5263157894737,2
"MCFD2",2,0,8,10,20,2
"MCM3",2,2,21,25,8,4
"MCRS1",2,0,10,12,16.6666666666667,2
"MCTP1",2,1,14,17,11.7647058823529,3
"MCTP2",2,1,25,28,7.14285714285714,3
"MDH1B",2,0,14,16,12.5,2
"MDM1",2,2,19,23,8.69565217391304,4
"MDM2",2,0,18,20,10,2
"MDN1",2,0,13,15,13.3333333333333,2
"ME3",2,0,7,9,22.2222222222222,2
"MEA1",2,0,2,4,50,2
"MECOM",2,3,10,15,13.3333333333333,5
"MED20",2,0,10,12,16.6666666666667,2
"MED24",2,0,28,30,6.66666666666667,2
"MED31",2,0,9,11,18.1818181818182,2
"MED7",2,1,27,30,6.66666666666667,3
"MEIG1",2,0,26,28,7.14285714285714,2
"MESP2",2,0,13,15,13.3333333333333,2
"MFHAS1",2,0,31,33,6.06060606060606,2
"MFN2",2,0,13,15,13.3333333333333,2
"MFSD6",2,0,12,14,14.2857142857143,2
"MGAT2",2,0,10,12,16.6666666666667,2
"MGAT4A",2,0,9,11,18.1818181818182,2
"MGC10955",2,0,23,25,8,2
"MICALCL",2,0,13,15,13.3333333333333,2
"MIEF1",2,0,3,5,40,2
"MINA",2,3,18,23,8.69565217391304,5
"MIR1183",2,0,2,4,50,2
"MIR1227",2,0,5,7,28.5714285714286,2
"MIR1228",2,0,3,5,40,2
"MIR1272",2,0,1,3,66.6666666666667,2
"MIR1284",2,0,5,7,28.5714285714286,2
"MIR1288",2,0,11,13,15.3846153846154,2
"MIR1289",2,2,33,37,5.40540540540541,4
"MIR1303",2,0,14,16,12.5,2
"MIR132",2,1,30,33,6.06060606060606,3
"MIR1343",2,0,23,25,8,2
"MIR138",2,1,15,18,11.1111111111111,3
"MIR141",2,2,8,12,16.6666666666667,4
"MIR142",2,0,1,3,66.6666666666667,2
"MIR143HG",2,0,4,6,33.3333333333333,2
"MIR1469",2,1,14,17,11.7647058823529,3
"MIR146B",2,0,5,7,28.5714285714286,2
"MIR1471",2,1,27,30,6.66666666666667,3
"MIR148A",2,0,1,3,66.6666666666667,2
"MIR151B",2,0,16,18,11.1111111111111,2
"MIR1538",2,1,18,21,9.52380952380952,3
"MIR181C",2,0,8,10,20,2
"MIR181D",2,0,8,10,20,2
"MIR190B",2,0,11,13,15.3846153846154,2
"MIR193B",2,2,27,31,6.45161290322581,4
"MIR200C",2,2,8,12,16.6666666666667,4
"MIR212",2,1,30,33,6.06060606060606,3
"MIR2276",2,0,8,10,20,2
"MIR22HG",2,0,14,16,12.5,2
"MIR26B",2,0,5,7,28.5714285714286,2
"MIR302B",2,0,14,16,12.5,2
"MIR302C",2,0,14,16,12.5,2
"MIR30C1",2,0,5,7,28.5714285714286,2
"MIR30E",2,0,5,7,28.5714285714286,2
"MIR3159",2,2,11,15,13.3333333333333,4
"MIR3165",2,0,9,11,18.1818181818182,2
"MIR3180",2,1,9,12,16.6666666666667,3
"MIR3184",2,0,9,11,18.1818181818182,2
"MIR3193",2,1,8,11,18.1818181818182,3
"MIR324",2,0,10,12,16.6666666666667,2
"MIR335",2,0,7,9,22.2222222222222,2
"MIR342",2,0,16,18,11.1111111111111,2
"MIR365A",2,2,19,23,8.69565217391304,4
"MIR378A",2,0,4,6,33.3333333333333,2
"MIR3939",2,0,23,25,8,2
"MIR423",2,0,9,11,18.1818181818182,2
"MIR4444",2,1,10,13,15.3846153846154,3
"MIR4449",2,0,5,7,28.5714285714286,2
"MIR4482",2,3,23,28,7.14285714285714,5
"MIR4520A",2,0,9,11,18.1818181818182,2
"MIR4522",2,0,20,22,9.09090909090909,2
"MIR4667",2,0,1,3,66.6666666666667,2
"MIR4700",2,0,24,26,7.69230769230769,2
"MIR4736",2,0,1,3,66.6666666666667,2
"MIR4781",2,0,19,21,9.52380952380952,2
"MIR4795",2,4,10,16,12.5,6
"MIR497HG",2,0,10,12,16.6666666666667,2
"MIR5009",2,0,9,11,18.1818181818182,2
"MIR5187",2,0,9,11,18.1818181818182,2
"MIR548AL",2,0,2,4,50,2
"MIR548J",2,0,3,5,40,2
"MIR553",2,2,2,6,33.3333333333333,4
"MIR558",2,2,20,24,8.33333333333333,4
"MIR5580",2,0,6,8,25,2
"MIR567",2,0,18,20,10,2
"MIR590",2,1,27,30,6.66666666666667,3
"MIR593",2,1,10,13,15.3846153846154,3
"MIR600HG",2,0,9,11,18.1818181818182,2
"MIR607",2,1,24,27,7.40740740740741,3
"MIR629",2,2,52,56,3.57142857142857,4
"MIR940",2,0,3,5,40,2
"MIRLET7I",2,1,17,20,10,3
"MIS12",2,0,7,9,22.2222222222222,2
"MKNK1",2,1,8,11,18.1818181818182,3
"MKX",2,1,14,17,11.7647058823529,3
"MLH3",2,0,11,13,15.3846153846154,2
"MLLT3",2,1,9,12,16.6666666666667,3
"MLN",2,0,14,16,12.5,2
"MMADHC",2,5,28,35,5.71428571428571,7
"MMEL1",2,0,8,10,20,2
"MMP14",2,0,15,17,11.7647058823529,2
"MMP20",2,4,39,45,4.44444444444444,6
"MMP7",2,1,31,34,5.88235294117647,3
"MMS19",2,0,19,21,9.52380952380952,2
"MNAT1",2,1,18,21,9.52380952380952,3
"MOB3B",2,0,20,22,9.09090909090909,2
"MOB3C",2,1,8,11,18.1818181818182,3
"MOGAT2",2,0,10,12,16.6666666666667,2
"MOGS",2,0,13,15,13.3333333333333,2
"MOK",2,0,17,19,10.5263157894737,2
"MON2",2,0,12,14,14.2857142857143,2
"MORC2",2,0,6,8,25,2
"MORC3",2,0,9,11,18.1818181818182,2
"MORN1",2,0,9,11,18.1818181818182,2
"MORN5",2,0,2,4,50,2
"MPL",2,0,1,3,66.6666666666667,2
"MPPE1",2,0,4,6,33.3333333333333,2
"MRE11A",2,1,16,19,10.5263157894737,3
"MRGPRX2",2,0,11,13,15.3846153846154,2
"MRO",2,1,4,7,28.5714285714286,3
"MRPL14",2,1,15,18,11.1111111111111,3
"MRPL4",2,1,12,15,13.3333333333333,3
"MRPL46",2,0,40,42,4.76190476190476,2
"MRPL47",2,1,20,23,8.69565217391304,3
"MRPL52",2,0,20,22,9.09090909090909,2
"MRPL53",2,0,13,15,13.3333333333333,2
"MRPL9",2,0,29,31,6.45161290322581,2
"MRPS11",2,0,40,42,4.76190476190476,2
"MRPS17",2,1,17,20,10,3
"MSANTD4",2,0,22,24,8.33333333333333,2
"MSMP",2,0,5,7,28.5714285714286,2
"MTAP",2,2,33,37,5.40540540540541,4
"MTCH1",2,0,16,18,11.1111111111111,2
"MTCH2",2,0,23,25,8,2
"MTF1",2,0,15,17,11.7647058823529,2
"MTHFD2",2,0,21,23,8.69565217391304,2
"MTHFD2L",2,0,17,19,10.5263157894737,2
"MTRR",2,0,39,41,4.8780487804878,2
"MUSTN1",2,0,8,10,20,2
"MUTYH",2,0,9,11,18.1818181818182,2
"MYBPC1",2,2,11,15,13.3333333333333,4
"MYC",2,1,30,33,6.06060606060606,3
"MYCBP2",2,1,15,18,11.1111111111111,3
"MYCN",2,0,14,16,12.5,2
"MYCNOS",2,0,14,16,12.5,2
"MYH11",2,0,27,29,6.89655172413793,2
"MYL6",2,0,6,8,25,2
"MYL6B",2,0,6,8,25,2
"MYO18A",2,0,14,16,12.5,2
"MYO6",2,2,26,30,6.66666666666667,4
"MYPN",2,2,19,23,8.69565217391304,4
"MYRFL",2,1,12,15,13.3333333333333,3
"N4BP2L2",2,0,10,12,16.6666666666667,2
"NAA25",2,0,7,9,22.2222222222222,2
"NAA40",2,0,6,8,25,2
"NAE1",2,0,6,8,25,2
"NAIF1",2,0,3,5,40,2
"NANOS3",2,0,8,10,20,2
"NAP1L1",2,5,28,35,5.71428571428571,7
"NAPG",2,1,15,18,11.1111111111111,3
"NAV2-AS1",2,1,6,9,22.2222222222222,3
"NAV2-AS4",2,1,11,14,14.2857142857143,3
"NBEAL2",2,0,10,12,16.6666666666667,2
"NCAPG2",2,2,16,20,10,4
"NCBP2",2,0,11,13,15.3846153846154,2
"NCBP2-AS1",2,0,10,12,16.6666666666667,2
"NCKAP1L",2,0,2,4,50,2
"NCL",2,2,23,27,7.40740740740741,4
"NCOA4",2,0,12,14,14.2857142857143,2
"NCOR1",2,1,31,34,5.88235294117647,3
"NCR3LG1",2,1,14,17,11.7647058823529,3
"NDEL1",2,0,14,16,12.5,2
"NDRG1",2,0,9,11,18.1818181818182,2
"NDUFA4",2,1,5,8,25,3
"NDUFA8",2,0,2,4,50,2
"NDUFAF2",2,0,4,6,33.3333333333333,2
"NDUFB2",2,0,9,11,18.1818181818182,2
"NDUFB2-AS1",2,0,9,11,18.1818181818182,2
"NDUFB5",2,2,20,24,8.33333333333333,4
"NDUFB7",2,0,2,4,50,2
"NDUFC2",2,0,8,10,20,2
"NDUFC2-KCTD14",2,0,8,10,20,2
"NECAB2",2,0,8,10,20,2
"NEDD4L",2,4,18,24,8.33333333333333,6
"NEDD9",2,1,25,28,7.14285714285714,3
"NELFCD",2,0,5,7,28.5714285714286,2
"NEURL4",2,0,13,15,13.3333333333333,2
"NEUROG1",2,0,8,10,20,2
"NFAT5",2,1,18,21,9.52380952380952,3
"NFE2L1",2,0,3,5,40,2
"NFKB1",2,0,14,16,12.5,2
"NFKBIA",2,1,12,15,13.3333333333333,3
"NFKBIE",2,0,8,10,20,2
"NFKBIZ",2,2,20,24,8.33333333333333,4
"NFS1",2,0,15,17,11.7647058823529,2
"NFYC",2,0,7,9,22.2222222222222,2
"NGLY1",2,3,40,45,4.44444444444444,5
"NHLRC2",2,1,3,6,33.3333333333333,3
"NIM1K",2,0,2,4,50,2
"NIPSNAP1",2,0,2,4,50,2
"NIT2",2,1,13,16,12.5,3
"NKX2",2,0,25,27,7.40740740740741,2
"NLGN2",2,0,7,9,22.2222222222222,2
"NMRK1",2,1,16,19,10.5263157894737,3
"NNT",2,0,11,13,15.3846153846154,2
"NNT-AS1",2,0,11,13,15.3846153846154,2
"NOA1",2,0,28,30,6.66666666666667,2
"NOLC1",2,0,14,16,12.5,2
"NPHP3",2,1,29,32,6.25,3
"NPHP3-AS1",2,1,29,32,6.25,3
"NPL",2,2,40,44,4.54545454545455,4
"NPM2",2,0,3,5,40,2
"NPPC",2,1,27,30,6.66666666666667,3
"NR1I3",2,0,9,11,18.1818181818182,2
"NR2C1",2,0,6,8,25,2
"NR2F2",2,1,14,17,11.7647058823529,3
"NRD1",2,1,5,8,25,3
"NREP-AS1",2,1,11,14,14.2857142857143,3
"NSMCE2",2,1,45,48,4.16666666666667,3
"NSRP1",2,0,9,11,18.1818181818182,2
"NT5C2",2,0,3,5,40,2
"NUDCD2",2,2,21,25,8,4
"NUDT14",2,0,11,13,15.3846153846154,2
"NUDT16L1",2,1,27,30,6.66666666666667,3
"NUDT4",2,1,35,38,5.26315789473684,3
"NUP107",2,1,15,18,11.1111111111111,3
"NUPL2",2,0,15,17,11.7647058823529,2
"NVL",2,1,24,27,7.40740740740741,3
"NXPE3",2,0,8,10,20,2
"NXPH1",2,1,14,17,11.7647058823529,3
"OAZ3",2,0,29,31,6.45161290322581,2
"OGFOD2",2,0,6,8,25,2
"OPA1-AS1",2,3,18,23,8.69565217391304,5
"OR10J1",2,0,2,4,50,2
"OR10R3P",2,0,19,21,9.52380952380952,2
"OR13A1",2,1,15,18,11.1111111111111,3
"OR2AJ1",2,0,4,6,33.3333333333333,2
"OR2M4",2,0,2,4,50,2
"OR2T1",2,0,10,12,16.6666666666667,2
"OR2V2",2,0,6,8,25,2
"OR4D6",2,0,1,3,66.6666666666667,2
"OR7E155P",2,1,8,11,18.1818181818182,3
"OR7E37P",2,1,8,11,18.1818181818182,3
"ORAOV1",2,0,32,34,5.88235294117647,2
"ORC5",2,0,14,16,12.5,2
"ORC6",2,0,14,16,12.5,2
"OSBPL6",2,0,8,10,20,2
"OSBPL7",2,0,4,6,33.3333333333333,2
"OSCP1",2,0,18,20,10,2
"OSGIN1",2,1,17,20,10,3
"OSTC",2,0,9,11,18.1818181818182,2
"OSTF1",2,1,16,19,10.5263157894737,3
"OVCA2",2,1,30,33,6.06060606060606,3
"OXCT1",2,1,5,8,25,3
"OXCT1-AS1",2,1,5,8,25,3
"OXNAD1",2,1,6,9,22.2222222222222,3
"OXSM",2,3,40,45,4.44444444444444,5
"P2RY1",2,3,7,12,16.6666666666667,5
"P2RY2",2,0,1,3,66.6666666666667,2
"PADI1",2,0,6,8,25,2
"PADI4",2,0,14,16,12.5,2
"PANK2",2,0,5,7,28.5714285714286,2
"PANK4",2,0,6,8,25,2
"PAPD7",2,0,32,34,5.88235294117647,2
"PAPSS1",2,0,10,12,16.6666666666667,2
"PAQR6",2,0,5,7,28.5714285714286,2
"PARN",2,0,7,9,22.2222222222222,2
"PARP1",2,0,6,8,25,2
"PARP4",2,0,9,11,18.1818181818182,2
"PARS2",2,0,6,8,25,2
"PARVB",2,0,6,8,25,2
"PATL1",2,0,13,15,13.3333333333333,2
"PAX4",2,0,14,16,12.5,2
"PAXBP1",2,0,7,9,22.2222222222222,2
"PAXIP1",2,1,24,27,7.40740740740741,3
"PAXIP1-AS1",2,1,24,27,7.40740740740741,3
"PCBD1",2,0,16,18,11.1111111111111,2
"PCCB",2,1,17,20,10,3
"PCDH12",2,2,25,29,6.89655172413793,4
"PCDHA1",2,0,15,17,11.7647058823529,2
"PCDHA10",2,0,15,17,11.7647058823529,2
"PCDHA14",2,0,15,17,11.7647058823529,2
"PCDHA2",2,0,23,25,8,2
"PCDHA3",2,0,21,23,8.69565217391304,2
"PCDHA4",2,0,16,18,11.1111111111111,2
"PCDHA5",2,0,20,22,9.09090909090909,2
"PCDHA6",2,0,20,22,9.09090909090909,2
"PCDHA9",2,0,21,23,8.69565217391304,2
"PCDHB14",2,0,28,30,6.66666666666667,2
"PCDHB16",2,0,20,22,9.09090909090909,2
"PCDHB18",2,0,28,30,6.66666666666667,2
"PCDHB6",2,0,4,6,33.3333333333333,2
"PCDHB7",2,1,31,34,5.88235294117647,3
"PCDHGA3",2,0,19,21,9.52380952380952,2
"PCMTD1",2,0,20,22,9.09090909090909,2
"PCNXL4",2,0,7,9,22.2222222222222,2
"PDE4C",2,0,5,7,28.5714285714286,2
"PDE4DIP",2,0,8,10,20,2
"PDE6A",2,0,11,13,15.3846153846154,2
"PDIK1L",2,0,20,22,9.09090909090909,2
"PDK2",2,0,3,5,40,2
"PEAK1",2,0,5,7,28.5714285714286,2
"PEAR1",2,0,20,22,9.09090909090909,2
"PELI2",2,0,26,28,7.14285714285714,2
"PELO",2,1,18,21,9.52380952380952,3
"PEX10",2,0,10,12,16.6666666666667,2
"PEX19",2,1,11,14,14.2857142857143,3
"PEX2",2,2,14,18,11.1111111111111,4
"PFAS",2,0,6,8,25,2
"PFKFB2",2,0,25,27,7.40740740740741,2
"PFKM",2,1,8,11,18.1818181818182,3
"PGBD4",2,0,7,9,22.2222222222222,2
"PGM2L1",2,0,2,4,50,2
"PHACTR4",2,0,4,6,33.3333333333333,2
"PHB2",2,2,12,16,12.5,4
"PHC1",2,0,2,4,50,2
"PHC2",2,0,14,16,12.5,2
"PHF21A",2,0,12,14,14.2857142857143,2
"PHLDB3",2,0,3,5,40,2
"PHOX2A",2,1,20,23,8.69565217391304,3
"PI4KA",2,0,3,5,40,2
"PIBF1",2,1,10,13,15.3846153846154,3
"PICALM",2,1,37,40,5,3
"PIGO",2,1,15,18,11.1111111111111,3
"PIGT",2,0,10,12,16.6666666666667,2
"PIK3CB",2,1,6,9,22.2222222222222,3
"PITPNA",2,0,7,9,22.2222222222222,2
"PITPNA-AS1",2,0,9,11,18.1818181818182,2
"PITPNC1",2,0,5,7,28.5714285714286,2
"PITPNM2",2,0,14,16,12.5,2
"PITX3",2,0,13,15,13.3333333333333,2
"PKD1",2,1,9,12,16.6666666666667,3
"PKD2L2",2,0,11,13,15.3846153846154,2
"PKM",2,1,6,9,22.2222222222222,3
"PKP4",2,0,13,15,13.3333333333333,2
"PLA2G12A",2,0,9,11,18.1818181818182,2
"PLA2G15",2,1,13,16,12.5,3
"PLA2G16",2,0,2,4,50,2
"PLA2G1B",2,0,4,6,33.3333333333333,2
"PLA2G4A",2,2,16,20,10,4
"PLAUR",2,0,15,17,11.7647058823529,2
"PLCL1",2,0,21,23,8.69565217391304,2
"PLD1",2,0,10,12,16.6666666666667,2
"PLEKHA2",2,1,22,25,8,3
"PLEKHG3",2,0,7,9,22.2222222222222,2
"PLEKHG6",2,0,17,19,10.5263157894737,2
"PLEKHJ1",2,0,7,9,22.2222222222222,2
"PLEKHM3",2,0,21,23,8.69565217391304,2
"PLGRKT",2,3,17,22,9.09090909090909,5
"PLIN3",2,0,4,6,33.3333333333333,2
"PLK2",2,1,34,37,5.40540540540541,3
"PLK3",2,0,6,8,25,2
"PLOD2",2,5,14,21,9.52380952380952,7
"PLSCR5",2,6,11,19,10.5263157894737,8
"PLSCR5-AS1",2,5,10,17,11.7647058823529,7
"PLXNA1",2,0,4,6,33.3333333333333,2
"PMF1",2,0,12,14,14.2857142857143,2
"PMF1-BGLAP",2,0,12,14,14.2857142857143,2
"PML",2,0,9,11,18.1818181818182,2
"PNMA1",2,0,9,11,18.1818181818182,2
"POGZ",2,0,16,18,11.1111111111111,2
"POLA2",2,0,5,7,28.5714285714286,2
"POLH",2,0,3,5,40,2
"POLQ",2,0,15,17,11.7647058823529,2
"POLR1D",2,0,5,7,28.5714285714286,2
"POLR2H",2,1,17,20,10,3
"POLR3B",2,1,16,19,10.5263157894737,3
"POLR3E",2,0,6,8,25,2
"POR",2,0,9,11,18.1818181818182,2
"POU1F1",2,3,12,17,11.7647058823529,5
"POU2F1",2,1,5,8,25,3
"POU3F1",2,0,17,19,10.5263157894737,2
"PP13439",2,0,10,12,16.6666666666667,2
"PPARG",2,2,32,36,5.55555555555556,4
"PPARGC1B",2,0,4,6,33.3333333333333,2
"PPCDC",2,0,8,10,20,2
"PPIAP28",2,0,6,8,25,2
"PPL",2,1,23,26,7.69230769230769,3
"PPM1F",2,0,10,12,16.6666666666667,2
"PPP1CA",2,0,6,8,25,2
"PPP1R14BP2",2,0,9,11,18.1818181818182,2
"PPP1R21",2,0,28,30,6.66666666666667,2
"PPP2R2A",2,0,14,16,12.5,2
"PPP2R4",2,0,5,7,28.5714285714286,2
"PPP2R5C",2,0,13,15,13.3333333333333,2
"PPP2R5D",2,0,2,4,50,2
"PPWD1",2,1,21,24,8.33333333333333,3
"PRCP",2,6,30,38,5.26315789473684,8
"PRDM11",2,0,19,21,9.52380952380952,2
"PRDM2",2,0,5,7,28.5714285714286,2
"PRELP",2,0,16,18,11.1111111111111,2
"PRICKLE2-AS1",2,0,22,24,8.33333333333333,2
"PRKAA1",2,0,12,14,14.2857142857143,2
"PRKAG3",2,0,10,12,16.6666666666667,2
"PRKCB",2,0,12,14,14.2857142857143,2
"PROK1",2,0,6,8,25,2
"PROKR1",2,0,2,4,50,2
"PROSC",2,0,6,8,25,2
"PRPF40B",2,0,11,13,15.3846153846154,2
"PRR14",2,0,11,13,15.3846153846154,2
"PRR18",2,0,5,7,28.5714285714286,2
"PRR5",2,0,10,12,16.6666666666667,2
"PRR7",2,0,6,8,25,2
"PRRC2C",2,5,23,30,6.66666666666667,7
"PRSS23",2,0,14,16,12.5,2
"PRSS35",2,3,18,23,8.69565217391304,5
"PRSS51",2,0,9,11,18.1818181818182,2
"PRSS53",2,0,7,9,22.2222222222222,2
"PRUNE",2,0,5,7,28.5714285714286,2
"PSD",2,1,10,13,15.3846153846154,3
"PSD2",2,2,16,20,10,4
"PSMA6",2,0,4,6,33.3333333333333,2
"PSMB4",2,0,23,25,8,2
"PSMD6-AS2",2,0,17,19,10.5263157894737,2
"PSMD8",2,0,4,6,33.3333333333333,2
"PSPC1",2,3,18,23,8.69565217391304,5
"PSTPIP2",2,0,4,6,33.3333333333333,2
"PTGER4",2,0,27,29,6.89655172413793,2
"PTGS2",2,1,9,12,16.6666666666667,3
"PTPLAD2",2,0,2,4,50,2
"PTPN13",2,0,4,6,33.3333333333333,2
"PTPN6",2,2,8,12,16.6666666666667,4
"PYCARD",2,0,33,35,5.71428571428571,2
"PYDC1",2,0,28,30,6.66666666666667,2
"QPCT",2,0,15,17,11.7647058823529,2
"RAB20",2,1,17,20,10,3
"RAB27B",2,0,7,9,22.2222222222222,2
"RAB30",2,5,25,32,6.25,7
"RAB30-AS1",2,5,24,31,6.45161290322581,7
"RAB34",2,0,7,9,22.2222222222222,2
"RAB3GAP2",2,1,22,25,8,3
"RAB3IP",2,0,3,5,40,2
"RAB42",2,0,4,6,33.3333333333333,2
"RABL6",2,0,9,11,18.1818181818182,2
"RAD51",2,0,5,7,28.5714285714286,2
"RAD51-AS1",2,0,5,7,28.5714285714286,2
"RAD51C",2,2,4,8,25,4
"RAD9A",2,0,6,8,25,2
"RAI1",2,0,37,39,5.12820512820513,2
"RAMP1",2,0,41,43,4.65116279069767,2
"RANBP1",2,0,5,7,28.5714285714286,2
"RAPGEF1",2,0,21,23,8.69565217391304,2
"RAPGEF6",2,0,5,7,28.5714285714286,2
"RARS",2,2,12,16,12.5,4
"RASAL2",2,5,19,26,7.69230769230769,7
"RASAL2-AS1",2,5,19,26,7.69230769230769,7
"RASGRF1",2,0,7,9,22.2222222222222,2
"RASL10B",2,0,1,3,66.6666666666667,2
"RASSF8",2,0,8,10,20,2
"RASSF8-AS1",2,0,8,10,20,2
"RBKS",2,0,13,15,13.3333333333333,2
"RBL2",2,2,19,23,8.69565217391304,4
"RBM48",2,1,5,8,25,3
"RBPJ",2,0,13,15,13.3333333333333,2
"RCL1",2,0,4,6,33.3333333333333,2
"REEP3",2,3,23,28,7.14285714285714,5
"REM2",2,0,11,13,15.3846153846154,2
"REP15",2,0,6,8,25,2
"RER1",2,0,9,11,18.1818181818182,2
"RFC3",2,1,4,7,28.5714285714286,3
"RFT1",2,0,20,22,9.09090909090909,2
"RGCC",2,1,8,11,18.1818181818182,3
"RGP1",2,0,5,7,28.5714285714286,2
"RGS22",2,0,17,19,10.5263157894737,2
"RHAG",2,3,9,14,14.2857142857143,5
"RHBDD1",2,1,25,28,7.14285714285714,3
"RHOU",2,0,5,7,28.5714285714286,2
"RICTOR",2,0,16,18,11.1111111111111,2
"RILP",2,0,6,8,25,2
"RITA1",2,0,33,35,5.71428571428571,2
"RMI1",2,4,32,38,5.26315789473684,6
"RMND1",2,1,16,19,10.5263157894737,3
"RMND5B",2,1,7,10,20,3
"RN7SL104P",2,0,14,16,12.5,2
"RN7SL111P",2,0,6,8,25,2
"RN7SL393P",2,0,13,15,13.3333333333333,2
"RN7SL845P",2,1,20,23,8.69565217391304,3
"RNA5SP151",2,0,19,21,9.52380952380952,2
"RNA5SP192",2,0,8,10,20,2
"RNA5SP351",2,0,16,18,11.1111111111111,2
"RNA5SP440",2,0,3,5,40,2
"RNA5SP481",2,0,1,3,66.6666666666667,2
"RNASE9",2,0,8,10,20,2
"RNF122",2,4,31,37,5.40540540540541,6
"RNF130",2,1,19,22,9.09090909090909,3
"RNF14",2,2,25,29,6.89655172413793,4
"RNF149",2,0,21,23,8.69565217391304,2
"RNF157",2,0,8,10,20,2
"RNF181",2,0,0,2,100,2
"RNF2",2,1,6,9,22.2222222222222,3
"RNF207",2,1,28,31,6.45161290322581,3
"RNF25",2,0,10,12,16.6666666666667,2
"RNGTT",2,0,9,11,18.1818181818182,2
"RNU1-117P",2,1,6,9,22.2222222222222,3
"RNU1-19P",2,0,10,12,16.6666666666667,2
"RNU1-38P",2,0,24,26,7.69230769230769,2
"RNU1-58P",2,0,6,8,25,2
"RNU1-83P",2,0,1,3,66.6666666666667,2
"RNU105C",2,1,15,18,11.1111111111111,3
"RNU2-11P",2,0,3,5,40,2
"RNU2-14P",2,0,5,7,28.5714285714286,2
"RNU2-20P",2,1,8,11,18.1818181818182,3
"RNU2-2P",2,0,9,11,18.1818181818182,2
"RNU2-31P",2,1,14,17,11.7647058823529,3
"RNU2-43P",2,0,17,19,10.5263157894737,2
"RNU4-7P",2,1,4,7,28.5714285714286,3
"RNU5E-9P",2,0,12,14,14.2857142857143,2
"RNU6",2,0,10,12,16.6666666666667,2
"RNU6-1005P",2,1,9,12,16.6666666666667,3
"RNU6-101P",2,1,17,20,10,3
"RNU6-1029P",2,0,11,13,15.3846153846154,2
"RNU6-1058P",2,0,9,11,18.1818181818182,2
"RNU6-1080P",2,0,8,10,20,2
"RNU6-1111P",2,0,9,11,18.1818181818182,2
"RNU6-1181P",2,0,2,4,50,2
"RNU6-1198P",2,0,21,23,8.69565217391304,2
"RNU6-11P",2,4,21,27,7.40740740740741,6
"RNU6-1201P",2,0,4,6,33.3333333333333,2
"RNU6-1212P",2,0,3,5,40,2
"RNU6-1238P",2,0,6,8,25,2
"RNU6-128P",2,0,8,10,20,2
"RNU6-169P",2,0,2,4,50,2
"RNU6-172P",2,0,0,2,100,2
"RNU6-194P",2,0,3,5,40,2
"RNU6-196P",2,1,9,12,16.6666666666667,3
"RNU6-201P",2,0,10,12,16.6666666666667,2
"RNU6-213P",2,1,28,31,6.45161290322581,3
"RNU6-252P",2,0,13,15,13.3333333333333,2
"RNU6-258P",2,2,9,13,15.3846153846154,4
"RNU6-343P",2,0,5,7,28.5714285714286,2
"RNU6-372P",2,0,13,15,13.3333333333333,2
"RNU6-384P",2,0,2,4,50,2
"RNU6-430P",2,0,8,10,20,2
"RNU6-431P",2,0,9,11,18.1818181818182,2
"RNU6-440P",2,0,10,12,16.6666666666667,2
"RNU6-451P",2,1,17,20,10,3
"RNU6-456P",2,0,2,4,50,2
"RNU6-459P",2,0,20,22,9.09090909090909,2
"RNU6-494P",2,0,20,22,9.09090909090909,2
"RNU6-509P",2,1,14,17,11.7647058823529,3
"RNU6-541P",2,2,24,28,7.14285714285714,4
"RNU6-548P",2,0,3,5,40,2
"RNU6-560P",2,1,31,34,5.88235294117647,3
"RNU6-586P",2,0,5,7,28.5714285714286,2
"RNU6-601P",2,3,5,10,20,5
"RNU6-664P",2,0,9,11,18.1818181818182,2
"RNU6-672P",2,0,21,23,8.69565217391304,2
"RNU6-689P",2,0,6,8,25,2
"RNU6-752P",2,0,43,45,4.44444444444444,2
"RNU6-757P",2,0,5,7,28.5714285714286,2
"RNU6-773P",2,5,19,26,7.69230769230769,7
"RNU6-789P",2,3,31,36,5.55555555555556,5
"RNU6-78P",2,0,1,3,66.6666666666667,2
"RNU6-797P",2,0,7,9,22.2222222222222,2
"RNU6-807P",2,1,18,21,9.52380952380952,3
"RNU6-823P",2,0,6,8,25,2
"RNU6-840P",2,1,11,14,14.2857142857143,3
"RNU6-842P",2,1,26,29,6.89655172413793,3
"RNU6-872P",2,4,18,24,8.33333333333333,6
"RNU6-884P",2,0,5,7,28.5714285714286,2
"RNU6-888P",2,0,9,11,18.1818181818182,2
"RNU6-915P",2,0,2,4,50,2
"RNU6-920P",2,1,15,18,11.1111111111111,3
"RNU6-921P",2,0,25,27,7.40740740740741,2
"RNU6ATAC14P",2,0,3,5,40,2
"RNU6ATAC31P",2,0,15,17,11.7647058823529,2
"RNU6ATAC32P",2,1,11,14,14.2857142857143,3
"RNU6ATAC8P",2,0,6,8,25,2
"RNU7",2,3,13,18,11.1111111111111,5
"RNU7-109P",2,0,0,2,100,2
"RNU7-111P",2,0,9,11,18.1818181818182,2
"RNU7-124P",2,0,28,30,6.66666666666667,2
"RNU7-136P",2,0,0,2,100,2
"RNU7-151P",2,1,14,17,11.7647058823529,3
"RNU7-171P",2,0,5,7,28.5714285714286,2
"RNU7-172P",2,1,19,22,9.09090909090909,3
"RNU7-177P",2,0,11,13,15.3846153846154,2
"RNU7-195P",2,0,10,12,16.6666666666667,2
"RNU7-20P",2,0,5,7,28.5714285714286,2
"RNU7-57P",2,0,5,7,28.5714285714286,2
"ROMO1",2,0,15,17,11.7647058823529,2
"ROPN1L",2,0,43,45,4.44444444444444,2
"ROPN1L-AS1",2,0,43,45,4.44444444444444,2
"RORC",2,1,29,32,6.25,3
"RP1-102K2.6",2,0,2,4,50,2
"RP1-111C20.4",2,2,7,11,18.1818181818182,4
"RP1-120G22.11",2,1,28,31,6.45161290322581,3
"RP1-167A14.2",2,0,23,25,8,2
"RP1-212P9.3",2,0,14,16,12.5,2
"RP1-302G2.5",2,0,16,18,11.1111111111111,2
"RP1-3J17.3",2,1,25,28,7.14285714285714,3
"RP1-76B20.11",2,0,2,4,50,2
"RP1-76B20.12",2,0,2,4,50,2
"RP1-92O14.3",2,0,7,9,22.2222222222222,2
"RP11-103B5.2",2,0,4,6,33.3333333333333,2
"RP11-106M3.1",2,1,6,9,22.2222222222222,3
"RP11-106M3.2",2,1,6,9,22.2222222222222,3
"RP11-1070N10.3",2,0,4,6,33.3333333333333,2
"RP11-107N15.1",2,0,15,17,11.7647058823529,2
"RP11-109P14.10",2,0,15,17,11.7647058823529,2
"RP11-109P14.9",2,0,4,6,33.3333333333333,2
"RP11-110G21.1",2,0,20,22,9.09090909090909,2
"RP11-110G21.2",2,0,20,22,9.09090909090909,2
"RP11-112J3.15",2,0,5,7,28.5714285714286,2
"RP11-1148O4.2",2,0,9,11,18.1818181818182,2
"RP11-116G8.5",2,2,3,7,28.5714285714286,4
"RP11-118H4.3",2,0,6,8,25,2
"RP11-119B16.2",2,0,5,7,28.5714285714286,2
"RP11-122G18.5",2,0,2,4,50,2
"RP11-131L12.2",2,0,31,33,6.06060606060606,2
"RP11-131L23.1",2,0,2,4,50,2
"RP11-133L14.5",2,0,21,23,8.69565217391304,2
"RP11-141B14.1",2,2,30,34,5.88235294117647,4
"RP11-144L1.4",2,0,19,21,9.52380952380952,2
"RP11-145E5.5",2,2,33,37,5.40540540540541,4
"RP11-146F11.5",2,0,12,14,14.2857142857143,2
"RP11-149I23.3",2,0,2,4,50,2
"RP11-151H2.1",2,0,8,10,20,2
"RP11-159F24.3",2,0,10,12,16.6666666666667,2
"RP11-159H22.2",2,0,11,13,15.3846153846154,2
"RP11-159M11.2",2,0,3,5,40,2
"RP11-15A1.7",2,0,6,8,25,2
"RP11-162J8.2",2,0,14,16,12.5,2
"RP11-162J8.3",2,1,23,26,7.69230769230769,3
"RP11-167P22.3",2,1,12,15,13.3333333333333,3
"RP11-168K11.2",2,1,21,24,8.33333333333333,3
"RP11-169K16.9",2,0,4,6,33.3333333333333,2
"RP11-16B13.1",2,0,7,9,22.2222222222222,2
"RP11-16K12.1",2,0,6,8,25,2
"RP11-173P15.5",2,0,24,26,7.69230769230769,2
"RP11-173P15.7",2,0,15,17,11.7647058823529,2
"RP11-17A1.3",2,0,3,5,40,2
"RP11-17G12.3",2,0,10,12,16.6666666666667,2
"RP11-180K7.1",2,0,14,16,12.5,2
"RP11-182N22.8",2,1,15,18,11.1111111111111,3
"RP11-186N15.3",2,0,19,21,9.52380952380952,2
"RP11-18H7.1",2,1,12,15,13.3333333333333,3
"RP11-190C22.8",2,1,7,10,20,3
"RP11-190C22.9",2,0,9,11,18.1818181818182,2
"RP11-191A15.4",2,4,38,44,4.54545454545455,6
"RP11-191G24.1",2,2,13,17,11.7647058823529,4
"RP11-191L17.1",2,0,28,30,6.66666666666667,2
"RP11-196G11.1",2,0,7,9,22.2222222222222,2
"RP11-196G11.4",2,0,15,17,11.7647058823529,2
"RP11-197N18.2",2,0,6,8,25,2
"RP11-203B9.4",2,2,33,37,5.40540540540541,4
"RP11-209D14.2",2,3,22,27,7.40740740740741,5
"RP11-211G3.2",2,1,53,56,3.57142857142857,3
"RP11-214N9.1",2,1,11,14,14.2857142857143,3
"RP11-216B9.6",2,0,8,10,20,2
"RP11-216N14.8",2,0,25,27,7.40740740740741,2
"RP11-216N14.9",2,0,25,27,7.40740740740741,2
"RP11-219B4.5",2,3,16,21,9.52380952380952,5
"RP11-219E7.2",2,0,19,21,9.52380952380952,2
"RP11-219O3.2",2,1,6,9,22.2222222222222,3
"RP11-21A7A.3",2,0,5,7,28.5714285714286,2
"RP11-225N10.1",2,3,12,17,11.7647058823529,5
"RP11-227D13.1",2,2,18,22,9.09090909090909,4
"RP11-233G1.4",2,1,11,14,14.2857142857143,3
"RP11-247C2.2",2,0,6,8,25,2
"RP11-24C3.2",2,0,19,21,9.52380952380952,2
"RP11-254F7.2",2,0,10,12,16.6666666666667,2
"RP11-265D17.2",2,0,11,13,15.3846153846154,2
"RP11-266L9.1",2,0,13,15,13.3333333333333,2
"RP11-268P4.4",2,2,19,23,8.69565217391304,4
"RP11-276H7.3",2,0,3,5,40,2
"RP11-277B15.3",2,1,5,8,25,3
"RP11-277J6.2",2,1,7,10,20,3
"RP11-27K13.3",2,0,29,31,6.45161290322581,2
"RP11-284F21.10",2,1,12,15,13.3333333333333,3
"RP11-284F21.9",2,1,12,15,13.3333333333333,3
"RP11-285G1.9",2,0,11,13,15.3846153846154,2
"RP11-288L9.4",2,1,8,11,18.1818181818182,3
"RP11-296A18.3",2,0,4,6,33.3333333333333,2
"RP11-296P7.4",2,0,5,7,28.5714285714286,2
"RP11-297A16.2",2,0,27,29,6.89655172413793,2
"RP11-297D21.2",2,0,9,11,18.1818181818182,2
"RP11-297K8.2",2,0,7,9,22.2222222222222,2
"RP11-299G20.2",2,4,29,35,5.71428571428571,6
"RP11-306G20.1",2,1,6,9,22.2222222222222,3
"RP11-313A24.1",2,0,7,9,22.2222222222222,2
"RP11-317J10.2",2,3,25,30,6.66666666666667,5
"RP11-326K13.4",2,1,20,23,8.69565217391304,3
"RP11-331F9.4",2,0,1,3,66.6666666666667,2
"RP11-331K21.1",2,0,8,10,20,2
"RP11-337A23.3",2,2,32,36,5.55555555555556,4
"RP11-338C15.5",2,0,13,15,13.3333333333333,2
"RP11-33I11.2",2,0,8,10,20,2
"RP11-33N16.3",2,0,3,5,40,2
"RP11-342M1.3",2,0,3,5,40,2
"RP11-346I3.4",2,2,32,36,5.55555555555556,4
"RP11-347C18.3",2,0,22,24,8.33333333333333,2
"RP11-34F13.2",2,0,8,10,20,2
"RP11-34F13.3",2,0,8,10,20,2
"RP11-350N15.3",2,0,16,18,11.1111111111111,2
"RP11-353N14.2",2,0,6,8,25,2
"RP11-353N14.3",2,0,6,8,25,2
"RP11-356I2.4",2,1,26,29,6.89655172413793,3
"RP11-360I20.2",2,1,14,17,11.7647058823529,3
"RP11-366L20.2",2,0,7,9,22.2222222222222,2
"RP11-36B15.1",2,0,6,8,25,2
"RP11-375N15.2",2,0,5,7,28.5714285714286,2
"RP11-381K20.2",2,0,11,13,15.3846153846154,2
"RP11-382D12.2",2,0,12,14,14.2857142857143,2
"RP11-390E23.6",2,3,18,23,8.69565217391304,5
"RP11-390K5.3",2,0,18,20,10,2
"RP11-399K21.10",2,0,9,11,18.1818181818182,2
"RP11-399K21.11",2,1,8,11,18.1818181818182,3
"RP11-401P9.6",2,0,8,10,20,2
"RP11-420K8.1",2,0,23,25,8,2
"RP11-425A23.1",2,0,4,6,33.3333333333333,2
"RP11-425D10.10",2,0,19,21,9.52380952380952,2
"RP11-429P3.3",2,0,28,30,6.66666666666667,2
"RP11-432J9.5",2,0,10,12,16.6666666666667,2
"RP11-433M22.1",2,0,2,4,50,2
"RP11-434D11.4",2,0,26,28,7.14285714285714,2
"RP11-444E17.6",2,0,5,7,28.5714285714286,2
"RP11-449H11.1",2,1,11,14,14.2857142857143,3
"RP11-44K6.3",2,0,11,13,15.3846153846154,2
"RP11-44K6.5",2,0,11,13,15.3846153846154,2
"RP11-44N11.2",2,0,8,10,20,2
"RP11-44N11.3",2,0,8,10,20,2
"RP11-44N12.5",2,0,4,6,33.3333333333333,2
"RP11-44N21.4",2,0,11,13,15.3846153846154,2
"RP11-465L10.10",2,1,14,17,11.7647058823529,3
"RP11-466F5.8",2,0,16,18,11.1111111111111,2
"RP11-468E2.2",2,1,31,34,5.88235294117647,3
"RP11-46A10.2",2,1,10,13,15.3846153846154,3
"RP11-46A10.5",2,0,8,10,20,2
"RP11-46C24.3",2,0,18,20,10,2
"RP11-46C24.7",2,0,9,11,18.1818181818182,2
"RP11-477J21.6",2,0,7,9,22.2222222222222,2
"RP11-481A20.4",2,0,13,15,13.3333333333333,2
"RP11-486A14.2",2,1,35,38,5.26315789473684,3
"RP11-486O12.2",2,0,9,11,18.1818181818182,2
"RP11-489E7.4",2,0,8,10,20,2
"RP11-490M8.1",2,1,44,47,4.25531914893617,3
"RP11-493P1.2",2,0,7,9,22.2222222222222,2
"RP11-498B4.5",2,1,3,6,33.3333333333333,3
"RP11-49I4.3",2,2,20,24,8.33333333333333,4
"RP11-503E24.2",2,0,14,16,12.5,2
"RP11-506B6.5",2,0,6,8,25,2
"RP11-517H2.6",2,0,23,25,8,2
"RP11-517P14.2",2,0,6,8,25,2
"RP11-524O1.4",2,0,7,9,22.2222222222222,2
"RP11-536K7.3",2,0,6,8,25,2
"RP11-539I5.1",2,2,8,12,16.6666666666667,4
"RP11-539L10.3",2,0,34,36,5.55555555555556,2
"RP11-542C16.1",2,0,7,9,22.2222222222222,2
"RP11-542C16.2",2,0,11,13,15.3846153846154,2
"RP11-544M22.13",2,0,5,7,28.5714285714286,2
"RP11-544M22.3",2,0,5,7,28.5714285714286,2
"RP11-545P7.4",2,0,25,27,7.40740740740741,2
"RP11-553A21.3",2,1,20,23,8.69565217391304,3
"RP11-55K13.1",2,0,23,25,8,2
"RP11-560J1.2",2,0,14,16,12.5,2
"RP11-563E2.2",2,0,13,15,13.3333333333333,2
"RP11-563J2.2",2,0,4,6,33.3333333333333,2
"RP11-571L19.7",2,6,30,38,5.26315789473684,8
"RP11-573D15.3",2,0,8,10,20,2
"RP11-574K11.8",2,0,17,19,10.5263157894737,2
"RP11-57A19.2",2,0,7,9,22.2222222222222,2
"RP11-582J16.5",2,1,21,24,8.33333333333333,3
"RP11-588G21.2",2,0,3,5,40,2
"RP11-589C21.5",2,1,16,19,10.5263157894737,3
"RP11-589P10.7",2,0,10,12,16.6666666666667,2
"RP11-599B13.6",2,0,5,7,28.5714285714286,2
"RP11-599B13.7",2,0,5,7,28.5714285714286,2
"RP11-59O6.3",2,0,6,8,25,2
"RP11-603J24.14",2,0,6,8,25,2
"RP11-603J24.17",2,0,8,10,20,2
"RP11-61E11.1",2,0,21,23,8.69565217391304,2
"RP11-61J19.4",2,0,8,10,20,2
"RP11-61L14.6",2,0,20,22,9.09090909090909,2
"RP11-624M8.1",2,4,17,23,8.69565217391304,6
"RP11-625L16.3",2,3,8,13,15.3846153846154,5
"RP11-626I20.1",2,1,2,5,40,3
"RP11-626I20.2",2,1,2,5,40,3
"RP11-631N16.2",2,1,17,20,10,3
"RP11-637A17.2",2,1,15,18,11.1111111111111,3
"RP11-638I2.4",2,0,19,21,9.52380952380952,2
"RP11-638I2.9",2,0,15,17,11.7647058823529,2
"RP11-649E7.5",2,0,10,12,16.6666666666667,2
"RP11-659E9.4",2,1,25,28,7.14285714285714,3
"RP11-661D19.3",2,0,12,14,14.2857142857143,2
"RP11-667K14.3",2,1,30,33,6.06060606060606,3
"RP11-667K14.4",2,1,30,33,6.06060606060606,3
"RP11-672A2.3",2,0,3,5,40,2
"RP11-674I16.1",2,0,13,15,13.3333333333333,2
"RP11-67C2.2",2,3,21,26,7.69230769230769,5
"RP11-68I3.10",2,1,14,17,11.7647058823529,3
"RP11-68I3.11",2,1,15,18,11.1111111111111,3
"RP11-697H9.2",2,0,8,10,20,2
"RP11-697H9.3",2,0,2,4,50,2
"RP11-697H9.4",2,0,8,10,20,2
"RP11-6N17.4",2,0,8,10,20,2
"RP11-702H23.4",2,0,2,4,50,2
"RP11-702H23.6",2,1,8,11,18.1818181818182,3
"RP11-719J20.1",2,3,3,8,25,5
"RP11-730K11.1",2,0,11,13,15.3846153846154,2
"RP11-732A19.9",2,0,18,20,10,2
"RP11-732M18.2",2,0,10,12,16.6666666666667,2
"RP11-73K9.2",2,0,7,9,22.2222222222222,2
"RP11-761B3.1",2,0,31,33,6.06060606060606,2
"RP11-78A19.3",2,0,10,12,16.6666666666667,2
"RP11-793H13.10",2,2,17,21,9.52380952380952,4
"RP11-798M19.3",2,1,7,10,20,3
"RP11-79O8.1",2,2,28,32,6.25,4
"RP11-7O11.3",2,0,12,14,14.2857142857143,2
"RP11-800A3.2",2,0,1,3,66.6666666666667,2
"RP11-806H10.4",2,2,17,21,9.52380952380952,4
"RP11-817J15.2",2,3,33,38,5.26315789473684,5
"RP11-818F20.5",2,2,6,10,20,4
"RP11-81H14.2",2,2,19,23,8.69565217391304,4
"RP11-820I16.4",2,0,4,6,33.3333333333333,2
"RP11-834C11.10",2,0,11,13,15.3846153846154,2
"RP11-834C11.8",2,0,11,13,15.3846153846154,2
"RP11-84C10.4",2,0,19,21,9.52380952380952,2
"RP11-85O21.2",2,0,23,25,8,2
"RP11-85O21.4",2,0,23,25,8,2
"RP11-85O21.5",2,0,15,17,11.7647058823529,2
"RP11-867G23.12",2,0,4,6,33.3333333333333,2
"RP11-902B17.1",2,0,10,12,16.6666666666667,2
"RP11-944C7.1",2,0,3,5,40,2
"RP11-94C24.11",2,0,8,10,20,2
"RP11-950C14.3",2,0,4,6,33.3333333333333,2
"RP11-967K21.1",2,0,13,15,13.3333333333333,2
"RP11-977G19.11",2,0,9,11,18.1818181818182,2
"RP11-977G19.12",2,0,17,19,10.5263157894737,2
"RP11-98C1.1",2,0,9,11,18.1818181818182,2
"RP11-98D18.16",2,0,29,31,6.45161290322581,2
"RP11-98D18.2",2,0,29,31,6.45161290322581,2
"RP11-998D10.5",2,0,13,15,13.3333333333333,2
"RP13-143G15.4",2,1,3,6,33.3333333333333,3
"RP13-30A9.1",2,0,26,28,7.14285714285714,2
"RP13-30A9.2",2,0,26,28,7.14285714285714,2
"RP13-512J5.1",2,0,21,23,8.69565217391304,2
"RP13-516M14.2",2,0,7,9,22.2222222222222,2
"RP3-335N17.2",2,0,1,3,66.6666666666667,2
"RP3-402G11.26",2,0,2,4,50,2
"RP3-402G11.27",2,0,2,4,50,2
"RP3-402G11.28",2,0,2,4,50,2
"RP3-416H24.4",2,1,31,34,5.88235294117647,3
"RP3-417L20.4",2,3,3,8,25,5
"RP3-430A16.1",2,1,22,25,8,3
"RP3-510O8.4",2,0,9,11,18.1818181818182,2
"RP3-512E2.2",2,0,18,20,10,2
"RP4-533D7.4",2,0,11,13,15.3846153846154,2
"RP4-639F20.1",2,0,10,12,16.6666666666667,2
"RP4-647C14.3",2,0,11,13,15.3846153846154,2
"RP4-677H15.4",2,3,15,20,10,5
"RP4-800G7.1",2,0,1,3,66.6666666666667,2
"RP4-800G7.2",2,1,9,12,16.6666666666667,3
"RP5-1002M8.4",2,0,2,4,50,2
"RP5-1073O3.7",2,2,14,18,11.1111111111111,4
"RP5-1120P11.1",2,0,21,23,8.69565217391304,2
"RP5-1160K1.8",2,0,38,40,5,2
"RP5-855F16.1",2,1,5,8,25,3
"RP5-866L20.2",2,0,5,7,28.5714285714286,2
"RP5-882O7.4",2,1,13,16,12.5,3
"RP5-884C9.2",2,0,17,19,10.5263157894737,2
"RP5-890E16.2",2,0,3,5,40,2
"RP5-902P8.10",2,0,15,17,11.7647058823529,2
"RP5-919F19.5",2,0,4,6,33.3333333333333,2
"RP5-956O18.2",2,0,5,7,28.5714285714286,2
"RP5-956O18.3",2,1,9,12,16.6666666666667,3
"RP5-966M1.6",2,0,8,10,20,2
"RP5-968P14.2",2,0,13,15,13.3333333333333,2
"RP5-973M2.2",2,1,9,12,16.6666666666667,3
"RP5-997D24.3",2,0,8,10,20,2
"RPA1",2,0,7,9,22.2222222222222,2
"RPL17",2,0,6,8,25,2
"RPL17P46",2,1,4,7,28.5714285714286,3
"RPL22",2,1,28,31,6.45161290322581,3
"RPL31P52",2,0,9,11,18.1818181818182,2
"RPL36AL",2,0,10,12,16.6666666666667,2
"RPL41",2,0,8,10,20,2
"RPL7L1",2,0,6,8,25,2
"RPL7P42",2,1,15,18,11.1111111111111,3
"RPN1",2,1,13,16,12.5,3
"RPP38",2,1,21,24,8.33333333333333,3
"RPP40",2,0,4,6,33.3333333333333,2
"RPS4XP13",2,0,4,6,33.3333333333333,2
"RPS6KL1",2,0,11,13,15.3846153846154,2
"RPSA",2,0,8,10,20,2
"RQCD1",2,0,19,21,9.52380952380952,2
"RRH",2,0,9,11,18.1818181818182,2
"RRM2B",2,1,10,13,15.3846153846154,3
"RRP1B",2,0,9,11,18.1818181818182,2
"RRS1",2,2,32,36,5.55555555555556,4
"RSAD1",2,0,14,16,12.5,2
"RSPH3",2,2,7,11,18.1818181818182,4
"RSPH9",2,0,16,18,11.1111111111111,2
"RSPO3",2,1,12,15,13.3333333333333,3
"RUSC1",2,0,14,16,12.5,2
"RUSC1-AS1",2,0,14,16,12.5,2
"RWDD4",2,0,8,10,20,2
"RYBP",2,1,49,52,3.84615384615385,3
"S100A2",2,0,5,7,28.5714285714286,2
"SAMM50",2,0,13,15,13.3333333333333,2
"SAMSN1-AS1",2,0,11,13,15.3846153846154,2
"SARNP",2,0,16,18,11.1111111111111,2
"SBK1",2,0,7,9,22.2222222222222,2
"SBSN",2,1,19,22,9.09090909090909,3
"SCAMP2",2,1,13,16,12.5,3
"SCAPER",2,0,13,15,13.3333333333333,2
"SCARB2",2,0,16,18,11.1111111111111,2
"SCARF1",2,0,6,8,25,2
"SCARNA11.3",2,0,5,7,28.5714285714286,2
"SCARNA12",2,2,8,12,16.6666666666667,4
"SCARNA15.2",2,0,3,5,40,2
"SCARNA20.3",2,0,8,10,20,2
"SCNN1A",2,0,1,3,66.6666666666667,2
"SCNN1G",2,1,10,13,15.3846153846154,3
"SCOC",2,1,35,38,5.26315789473684,3
"SDC3",2,1,12,15,13.3333333333333,3
"SDK2",2,1,7,10,20,3
"SEC11A",2,1,3,6,33.3333333333333,3
"SEC24B",2,1,14,17,11.7647058823529,3
"SEC24B-AS1",2,1,14,17,11.7647058823529,3
"SEC61A2",2,0,5,7,28.5714285714286,2
"SECISBP2L",2,1,10,13,15.3846153846154,3
"SEH1L",2,0,13,15,13.3333333333333,2
"SEL1L",2,2,23,27,7.40740740740741,4
"SELENBP1",2,0,17,19,10.5263157894737,2
"SELO",2,0,2,4,50,2
"SEMA4A",2,0,19,21,9.52380952380952,2
"SEMA7A",2,0,15,17,11.7647058823529,2
"SENP1",2,1,8,11,18.1818181818182,3
"SENP5",2,0,3,5,40,2
"SEPT1",2,1,10,13,15.3846153846154,3
"SEPT2",2,0,9,11,18.1818181818182,2
"SERTAD3",2,0,7,9,22.2222222222222,2
"SESN1",2,0,4,6,33.3333333333333,2
"SESN3",2,1,15,18,11.1111111111111,3
"SETD1A",2,0,12,14,14.2857142857143,2
"SETD2",2,0,5,7,28.5714285714286,2
"SETD5",2,0,15,17,11.7647058823529,2
"SETD5-AS1",2,0,15,17,11.7647058823529,2
"SF3A2",2,0,5,7,28.5714285714286,2
"SF3B1",2,1,54,57,3.50877192982456,3
"SFMBT2",2,0,23,25,8,2
"SFR1",2,2,32,36,5.55555555555556,4
"SFT2D1",2,1,12,15,13.3333333333333,3
"SFTPB",2,0,18,20,10,2
"SH3PXD2B",2,0,7,9,22.2222222222222,2
"SH3RF2",2,1,12,15,13.3333333333333,3
"SHQ1",2,0,12,14,14.2857142857143,2
"SHROOM1",2,0,9,11,18.1818181818182,2
"SIAH1",2,1,23,26,7.69230769230769,3
"SIGLEC10",2,0,3,5,40,2
"SIM1",2,9,20,31,6.45161290322581,11
"SIM2",2,0,5,7,28.5714285714286,2
"SIRT1",2,3,19,24,8.33333333333333,5
"SKOR1",2,0,8,10,20,2
"SLA",2,0,26,28,7.14285714285714,2
"SLC11A1",2,0,3,5,40,2
"SLC12A5",2,1,14,17,11.7647058823529,3
"SLC14A1",2,0,5,7,28.5714285714286,2
"SLC15A2",2,0,13,15,13.3333333333333,2
"SLC15A4",2,2,36,40,5,4
"SLC16A12",2,1,13,16,12.5,3
"SLC16A3",2,0,7,9,22.2222222222222,2
"SLC20A2",2,0,14,16,12.5,2
"SLC22A15",2,0,5,7,28.5714285714286,2
"SLC25A25",2,0,3,5,40,2
"SLC25A42",2,0,8,10,20,2
"SLC26A10",2,1,13,16,12.5,3
"SLC27A3",2,0,13,15,13.3333333333333,2
"SLC29A1",2,0,16,18,11.1111111111111,2
"SLC35A5",2,0,20,22,9.09090909090909,2
"SLC35B2",2,0,8,10,20,2
"SLC39A13",2,0,19,21,9.52380952380952,2
"SLC39A2",2,0,19,21,9.52380952380952,2
"SLC3A2",2,0,9,11,18.1818181818182,2
"SLC41A2",2,0,12,14,14.2857142857143,2
"SLC44A2",2,0,3,5,40,2
"SLC44A3",2,3,21,26,7.69230769230769,5
"SLC4A8",2,0,3,5,40,2
"SLC5A2",2,1,7,10,20,3
"SLC7A7",2,0,20,22,9.09090909090909,2
"SLC7A8",2,0,9,11,18.1818181818182,2
"SLC9A2",2,0,14,16,12.5,2
"SLC9B2",2,1,22,25,8,3
"SLIRP",2,0,15,17,11.7647058823529,2
"SLMO2",2,0,7,9,22.2222222222222,2
"SMC6",2,3,17,22,9.09090909090909,5
"SMIM19",2,0,14,16,12.5,2
"SMYD4",2,0,7,9,22.2222222222222,2
"SNAP29",2,0,3,5,40,2
"SNAPIN",2,0,11,13,15.3846153846154,2
"SNHG1",2,0,10,12,16.6666666666667,2
"SNHG12",2,0,6,8,25,2
"SNHG5",2,2,30,34,5.88235294117647,4
"SNORA13",2,3,14,19,10.5263157894737,5
"SNORA14A",2,0,9,11,18.1818181818182,2
"SNORA26",2,0,5,7,28.5714285714286,2
"SNORA26.1",2,2,22,26,7.69230769230769,4
"SNORA26.6",2,0,15,17,11.7647058823529,2
"SNORA31.8",2,0,21,23,8.69565217391304,2
"SNORA34",2,1,12,15,13.3333333333333,3
"SNORA4",2,0,8,10,20,2
"SNORA40.21",2,0,10,12,16.6666666666667,2
"SNORA48.11",2,0,8,10,20,2
"SNORA48.12",2,0,20,22,9.09090909090909,2
"SNORA6",2,0,8,10,20,2
"SNORA63",2,0,8,10,20,2
"SNORA63.6",2,0,8,10,20,2
"SNORA63.8",2,0,14,16,12.5,2
"SNORA67.4",2,0,11,13,15.3846153846154,2
"SNORA7.4",2,0,13,15,13.3333333333333,2
"SNORA70F",2,0,1,3,66.6666666666667,2
"SNORA74.9",2,1,7,10,20,3
"SNORA75",2,2,25,29,6.89655172413793,4
"SNORA8.1",2,1,8,11,18.1818181818182,3
"SNORA80B",2,0,29,31,6.45161290322581,2
"SNORA81",2,0,8,10,20,2
"SNORD112.1",2,1,4,7,28.5714285714286,3
"SNORD112.16",2,0,23,25,8,2
"SNORD112.19",2,0,16,18,11.1111111111111,2
"SNORD112.21",2,0,24,26,7.69230769230769,2
"SNORD112.30",2,1,9,12,16.6666666666667,3
"SNORD112.36",2,0,5,7,28.5714285714286,2
"SNORD112.8",2,1,13,16,12.5,3
"SNORD118",2,0,5,7,28.5714285714286,2
"SNORD127",2,4,19,25,8,6
"SNORD17",2,1,26,29,6.89655172413793,3
"SNORD18.1",2,0,7,9,22.2222222222222,2
"SNORD20",2,2,25,29,6.89655172413793,4
"SNORD52",2,0,16,18,11.1111111111111,2
"SNORD58.1",2,5,22,29,6.89655172413793,7
"SNORD58C",2,0,3,5,40,2
"SNORD82",2,2,22,26,7.69230769230769,4
"SNORD89",2,0,18,20,10,2
"SNORD93",2,1,11,14,14.2857142857143,3
"SNORD97",2,1,17,20,10,3
"snoU13.106",2,0,30,32,6.25,2
"snoU13.117",2,0,11,13,15.3846153846154,2
"snoU13.123",2,0,24,26,7.69230769230769,2
"snoU13.136",2,0,6,8,25,2
"snoU13.14",2,0,17,19,10.5263157894737,2
"snoU13.161",2,0,4,6,33.3333333333333,2
"snoU13.187",2,0,13,15,13.3333333333333,2
"snoU13.207",2,0,1,3,66.6666666666667,2
"snoU13.240",2,0,17,19,10.5263157894737,2
"snoU13.251",2,0,12,14,14.2857142857143,2
"snoU13.258",2,0,10,12,16.6666666666667,2
"snoU13.263",2,0,7,9,22.2222222222222,2
"snoU13.268",2,2,14,18,11.1111111111111,4
"snoU13.27",2,0,12,14,14.2857142857143,2
"snoU13.271",2,1,23,26,7.69230769230769,3
"snoU13.277",2,1,24,27,7.40740740740741,3
"snoU13.28",2,0,5,7,28.5714285714286,2
"snoU13.301",2,0,17,19,10.5263157894737,2
"snoU13.313",2,1,5,8,25,3
"snoU13.315",2,0,8,10,20,2
"snoU13.32",2,0,3,5,40,2
"snoU13.341",2,2,11,15,13.3333333333333,4
"snoU13.351",2,0,16,18,11.1111111111111,2
"snoU13.361",2,0,15,17,11.7647058823529,2
"snoU13.369",2,0,3,5,40,2
"snoU13.398",2,1,24,27,7.40740740740741,3
"snoU13.449",2,0,36,38,5.26315789473684,2
"snoU13.452",2,1,13,16,12.5,3
"snoU13.471",2,0,7,9,22.2222222222222,2
"snoU13.63",2,0,17,19,10.5263157894737,2
"snoU13.85",2,0,2,4,50,2
"SNRPA1",2,4,29,35,5.71428571428571,6
"SNX2",2,2,54,58,3.44827586206897,4
"SNX20",2,0,32,34,5.88235294117647,2
"SNX5",2,2,30,34,5.88235294117647,4
"SOCS3",2,2,17,21,9.52380952380952,4
"SOCS6",2,5,36,43,4.65116279069767,7
"SOCS7",2,0,3,5,40,2
"SORL1",2,0,11,13,15.3846153846154,2
"SOST",2,1,18,21,9.52380952380952,3
"SP110",2,1,20,23,8.69565217391304,3
"SP2",2,0,8,10,20,2
"SP4",2,0,2,4,50,2
"SPA17P1",2,1,3,6,33.3333333333333,3
"SPAG8",2,0,1,3,66.6666666666667,2
"SPARC",2,1,21,24,8.33333333333333,3
"SPATS2L",2,3,24,29,6.89655172413793,5
"SPECC1",2,3,22,27,7.40740740740741,5
"SPEN",2,0,4,6,33.3333333333333,2
"SPG20",2,2,15,19,10.5263157894737,4
"SPG20OS",2,1,13,16,12.5,3
"SPRY1",2,0,18,20,10,2
"SRA1",2,2,10,14,14.2857142857143,4
"SREK1IP1",2,1,8,11,18.1818181818182,3
"SRRM3",2,0,22,24,8.33333333333333,2
"SRSF11",2,3,23,28,7.14285714285714,5
"SRSF5",2,0,14,16,12.5,2
"SSH1",2,0,11,13,15.3846153846154,2
"SSSCA1",2,0,4,6,33.3333333333333,2
"ST3GAL3",2,0,13,15,13.3333333333333,2
"ST8SIA6",2,0,8,10,20,2
"STAM2",2,3,38,43,4.65116279069767,5
"STARD10",2,0,13,15,13.3333333333333,2
"STARD13",2,1,9,12,16.6666666666667,3
"STARD4",2,0,14,16,12.5,2
"STARD4-AS1",2,0,14,16,12.5,2
"STK17A",2,2,16,20,10,4
"STK24",2,0,16,18,11.1111111111111,2
"STK24-AS1",2,0,16,18,11.1111111111111,2
"STK3",2,0,4,6,33.3333333333333,2
"STOM",2,0,13,15,13.3333333333333,2
"STOML1",2,0,11,13,15.3846153846154,2
"STRAP",2,2,16,20,10,4
"STRN3",2,0,4,6,33.3333333333333,2
"STX1B",2,0,23,25,8,2
"STX4",2,0,18,20,10,2
"SUB1",2,0,4,6,33.3333333333333,2
"SUCO",2,0,14,16,12.5,2
"SUDS3",2,0,31,33,6.06060606060606,2
"SUGP1",2,1,14,17,11.7647058823529,3
"SUMO2P19",2,1,10,13,15.3846153846154,3
"SUPT16H",2,0,7,9,22.2222222222222,2
"SUSD3",2,1,7,10,20,3
"SVIP",2,0,4,6,33.3333333333333,2
"SYCE3",2,0,8,10,20,2
"SYCP3",2,1,10,13,15.3846153846154,3
"SYNC",2,0,16,18,11.1111111111111,2
"SYNE2",2,1,5,8,25,3
"SYNGR4",2,0,0,2,100,2
"SYT5",2,0,8,10,20,2
"TAAR5",2,0,3,5,40,2
"TAAR6",2,0,1,3,66.6666666666667,2
"TAB2",2,1,14,17,11.7647058823529,3
"TAF1C",2,0,16,18,11.1111111111111,2
"TAOK2",2,0,12,14,14.2857142857143,2
"TAOK3",2,0,29,31,6.45161290322581,2
"TBC1D10C",2,0,6,8,25,2
"TBC1D4-AS1",2,0,6,8,25,2
"TCEANC2",2,0,19,21,9.52380952380952,2
"TCEB1",2,2,22,26,7.69230769230769,4
"TCF7L1",2,2,20,24,8.33333333333333,4
"TCTEX1D4",2,0,6,8,25,2
"TDGF1P7",2,0,8,10,20,2
"TDP1",2,0,3,5,40,2
"TDP2",2,0,9,11,18.1818181818182,2
"TDRD1",2,0,2,4,50,2
"TDRD7",2,0,10,12,16.6666666666667,2
"TECPR1",2,0,9,11,18.1818181818182,2
"TESC",2,0,4,6,33.3333333333333,2
"TESK1",2,0,1,3,66.6666666666667,2
"TESK2",2,0,19,21,9.52380952380952,2
"TET2",2,1,32,35,5.71428571428571,3
"TET2-AS1",2,0,14,16,12.5,2
"TET3",2,1,21,24,8.33333333333333,3
"TEX14",2,2,4,8,25,4
"TG",2,0,28,30,6.66666666666667,2
"TGFB1I1",2,1,7,10,20,3
"TGFBR2",2,0,33,35,5.71428571428571,2
"TGM2",2,0,25,27,7.40740740740741,2
"TGS1",2,1,20,23,8.69565217391304,3
"THEM5",2,1,30,33,6.06060606060606,3
"THOC7",2,0,24,26,7.69230769230769,2
"THOC7-AS1",2,0,24,26,7.69230769230769,2
"THRA",2,0,18,20,10,2
"TIAF1",2,0,12,14,14.2857142857143,2
"TIE1",2,0,2,4,50,2
"TIMMDC1",2,1,7,10,20,3
"TK2",2,2,20,24,8.33333333333333,4
"TLE3",2,3,45,50,4,5
"TLN1",2,0,11,13,15.3846153846154,2
"TM2D2",2,0,12,14,14.2857142857143,2
"TM2D3",2,1,18,21,9.52380952380952,3
"TM4SF1",2,0,8,10,20,2
"TM4SF1-AS1",2,0,8,10,20,2
"TM4SF18",2,0,8,10,20,2
"TM4SF20",2,3,18,23,8.69565217391304,5
"TM4SF4",2,0,7,9,22.2222222222222,2
"TM6SF1",2,1,10,13,15.3846153846154,3
"TM9SF1",2,2,38,42,4.76190476190476,4
"TMC3",2,0,1,3,66.6666666666667,2
"TMCO1",2,0,19,21,9.52380952380952,2
"TMED2",2,0,9,11,18.1818181818182,2
"TMED4",2,2,12,16,12.5,4
"TMEM107",2,0,5,7,28.5714285714286,2
"TMEM116",2,0,1,3,66.6666666666667,2
"TMEM143",2,0,0,2,100,2
"TMEM150A",2,0,16,18,11.1111111111111,2
"TMEM151B",2,0,5,7,28.5714285714286,2
"TMEM17",2,0,1,3,66.6666666666667,2
"TMEM175",2,0,7,9,22.2222222222222,2
"TMEM180",2,0,7,9,22.2222222222222,2
"TMEM184C",2,0,4,6,33.3333333333333,2
"TMEM212",2,1,21,24,8.33333333333333,3
"TMEM219",2,0,10,12,16.6666666666667,2
"TMEM222",2,0,9,11,18.1818181818182,2
"TMEM230",2,0,16,18,11.1111111111111,2
"TMEM242",2,1,13,16,12.5,3
"TMEM243",2,1,8,11,18.1818181818182,3
"TMEM253",2,0,23,25,8,2
"TMEM256",2,0,7,9,22.2222222222222,2
"TMEM256-PLSCR3",2,0,7,9,22.2222222222222,2
"TMEM5",2,3,9,14,14.2857142857143,5
"TMEM59",2,0,19,21,9.52380952380952,2
"TMEM63B",2,1,15,18,11.1111111111111,3
"TMEM65",2,0,36,38,5.26315789473684,2
"TMEM66",2,0,8,10,20,2
"TMEM68",2,1,20,23,8.69565217391304,3
"TMEM69",2,0,8,10,20,2
"TMEM70",2,2,22,26,7.69230769230769,4
"TMEM8B",2,0,8,10,20,2
"TMEM95",2,0,7,9,22.2222222222222,2
"TMF1",2,1,8,11,18.1818181818182,3
"TMPRSS11D",2,1,10,13,15.3846153846154,3
"TMPRSS13",2,0,13,15,13.3333333333333,2
"TMX3",2,3,19,24,8.33333333333333,5
"TNFAIP3",2,1,26,29,6.89655172413793,3
"TNFAIP8",2,2,37,41,4.8780487804878,4
"TNFSF10",2,0,2,4,50,2
"TNFSF18",2,0,17,19,10.5263157894737,2
"TNKS",2,0,5,7,28.5714285714286,2
"TNPO1",2,0,45,47,4.25531914893617,2
"TOE1",2,0,9,11,18.1818181818182,2
"TOMM40L",2,0,9,11,18.1818181818182,2
"TOMM6",2,0,19,21,9.52380952380952,2
"TOMM7",2,0,7,9,22.2222222222222,2
"TOR3A",2,1,10,13,15.3846153846154,3
"TP53I3",2,3,6,11,18.1818181818182,5
"TP53INP1",2,0,22,24,8.33333333333333,2
"TPM3",2,0,11,13,15.3846153846154,2
"TPP1",2,0,18,20,10,2
"TPT1",2,0,3,5,40,2
"TRA2A",2,0,17,19,10.5263157894737,2
"TRAF3",2,0,12,14,14.2857142857143,2
"TRAF4",2,0,9,11,18.1818181818182,2
"TRAM2",2,2,24,28,7.14285714285714,4
"TRAM2-AS1",2,2,24,28,7.14285714285714,4
"TRAPPC11",2,1,9,12,16.6666666666667,3
"TRAPPC2P1",2,0,3,5,40,2
"TRAPPC8",2,1,22,25,8,3
"TREM1",2,0,9,11,18.1818181818182,2
"TRERF1",2,0,13,15,13.3333333333333,2
"TRIAP1",2,0,9,11,18.1818181818182,2
"TRIM33",2,1,11,14,14.2857142857143,3
"TRIM7",2,0,9,11,18.1818181818182,2
"TRIM72",2,0,14,16,12.5,2
"TRMT2A",2,0,1,3,66.6666666666667,2
"TRNAI6",2,1,7,10,20,3
"TSEN15",2,0,5,7,28.5714285714286,2
"TSEN34",2,0,10,12,16.6666666666667,2
"TSPYL5",2,0,9,11,18.1818181818182,2
"TSTD1",2,0,5,7,28.5714285714286,2
"TTC16",2,0,10,12,16.6666666666667,2
"TTC21A",2,0,22,24,8.33333333333333,2
"TTC30A",2,0,2,4,50,2
"TTC32",2,2,28,32,6.25,4
"TTC33",2,1,24,27,7.40740740740741,3
"TTC36",2,0,9,11,18.1818181818182,2
"TTC5",2,0,8,10,20,2
"TTC7A",2,0,8,10,20,2
"TTC7B",2,2,14,18,11.1111111111111,4
"TTLL5",2,0,7,9,22.2222222222222,2
"TUBB",2,0,10,12,16.6666666666667,2
"TUBGCP3",2,0,4,6,33.3333333333333,2
"TUG1",2,0,4,6,33.3333333333333,2
"TWF1",2,3,33,38,5.26315789473684,5
"TXNDC11",2,0,3,5,40,2
"TXNL1",2,1,18,21,9.52380952380952,3
"TXNRD2",2,0,1,3,66.6666666666667,2
"TXNRD3NB",2,0,6,8,25,2
"U2AF1",2,0,12,14,14.2857142857143,2
"U3.12",2,0,2,4,50,2
"U3.24",2,0,9,11,18.1818181818182,2
"U3.27",2,1,5,8,25,3
"U3.43",2,0,7,9,22.2222222222222,2
"U3.46",2,0,6,8,25,2
"U3.80",2,1,20,23,8.69565217391304,3
"U47924.27",2,2,8,12,16.6666666666667,4
"U47924.29",2,2,8,12,16.6666666666667,4
"U8.14",2,0,15,17,11.7647058823529,2
"U8.3",2,2,10,14,14.2857142857143,4
"UBASH3B",2,0,18,20,10,2
"UBE2E2-AS1",2,0,0,2,100,2
"UBE2J2",2,0,15,17,11.7647058823529,2
"UBE2L6",2,0,4,6,33.3333333333333,2
"UBE4A",2,0,5,7,28.5714285714286,2
"UBL7",2,0,11,13,15.3846153846154,2
"UBL7-AS1",2,0,11,13,15.3846153846154,2
"UBLCP1",2,0,10,12,16.6666666666667,2
"UBTD1",2,0,19,21,9.52380952380952,2
"UBXN2A",2,2,19,23,8.69565217391304,4
"UCK2",2,0,12,14,14.2857142857143,2
"UFC1",2,0,7,9,22.2222222222222,2
"ULK3",2,0,16,18,11.1111111111111,2
"UNC50",2,0,18,20,10,2
"UNC5A",2,0,14,16,12.5,2
"UOX",2,3,34,39,5.12820512820513,5
"UPK2",2,0,16,18,11.1111111111111,2
"UQCC2",2,0,4,6,33.3333333333333,2
"UQCRQ",2,0,2,4,50,2
"USF1",2,0,9,11,18.1818181818182,2
"USP1",2,0,7,9,22.2222222222222,2
"USP21",2,0,7,9,22.2222222222222,2
"USP3",2,0,17,19,10.5263157894737,2
"USP35",2,2,19,23,8.69565217391304,4
"USP37",2,0,19,21,9.52380952380952,2
"USP49",2,0,5,7,28.5714285714286,2
"USP5",2,2,11,15,13.3333333333333,4
"VAMP2",2,0,5,7,28.5714285714286,2
"VARS",2,0,10,12,16.6666666666667,2
"VASP",2,0,5,7,28.5714285714286,2
"VCAN",2,2,16,20,10,4
"VCAN-AS1",2,4,24,30,6.66666666666667,6
"VEZF1",2,0,18,20,10,2
"VEZT",2,1,15,18,11.1111111111111,3
"VIPAS39",2,0,16,18,11.1111111111111,2
"VKORC1",2,0,7,9,22.2222222222222,2
"VPS35",2,0,14,16,12.5,2
"VPS53",2,0,8,10,20,2
"VRK1",2,0,17,19,10.5263157894737,2
"VWA8",2,0,7,9,22.2222222222222,2
"WARS",2,0,24,26,7.69230769230769,2
"WASF1",2,0,1,3,66.6666666666667,2
"WASL",2,3,18,23,8.69565217391304,5
"WBP11",2,1,23,26,7.69230769230769,3
"WDR27",2,1,17,20,10,3
"WDR3",2,0,8,10,20,2
"WDR53",2,0,3,5,40,2
"WDR61",2,0,22,24,8.33333333333333,2
"WDR7",2,1,18,21,9.52380952380952,3
"WDR74",2,0,12,14,14.2857142857143,2
"WDR81",2,0,14,16,12.5,2
"WFDC3",2,3,14,19,10.5263157894737,5
"WIF1",2,0,8,10,20,2
"WISP1",2,0,36,38,5.26315789473684,2
"WNT6",2,0,13,15,13.3333333333333,2
"WSB1",2,0,20,22,9.09090909090909,2
"WWTR1",2,3,28,33,6.06060606060606,5
"WWTR1-AS1",2,3,27,32,6.25,5
"XPO5",2,0,3,5,40,2
"XPO7",2,0,15,17,11.7647058823529,2
"XPR1",2,1,8,11,18.1818181818182,3
"XRCC2",2,1,13,16,12.5,3
"XXbac-BPG252P9.9",2,0,10,12,16.6666666666667,2
"Y_RNA.118",2,0,36,38,5.26315789473684,2
"Y_RNA.151",2,0,11,13,15.3846153846154,2
"Y_RNA.157",2,1,8,11,18.1818181818182,3
"Y_RNA.201",2,0,9,11,18.1818181818182,2
"Y_RNA.242",2,1,38,41,4.8780487804878,3
"Y_RNA.249",2,0,33,35,5.71428571428571,2
"Y_RNA.294",2,0,10,12,16.6666666666667,2
"Y_RNA.353",2,0,4,6,33.3333333333333,2
"Y_RNA.371",2,1,5,8,25,3
"Y_RNA.399",2,0,11,13,15.3846153846154,2
"Y_RNA.495",2,6,35,43,4.65116279069767,8
"Y_RNA.588",2,0,10,12,16.6666666666667,2
"Y_RNA.663",2,0,14,16,12.5,2
"Y_RNA.665",2,0,16,18,11.1111111111111,2
"Y_RNA.70",2,0,11,13,15.3846153846154,2
"Y_RNA.740",2,0,4,6,33.3333333333333,2
"Y_RNA.782",2,0,3,5,40,2
"Y_RNA.807",2,2,20,24,8.33333333333333,4
"YIF1B",2,0,9,11,18.1818181818182,2
"YKT6",2,0,12,14,14.2857142857143,2
"YOD1",2,0,30,32,6.25,2
"YRDC",2,1,8,11,18.1818181818182,3
"YWHAQ",2,0,6,8,25,2
"YY1",2,0,19,21,9.52380952380952,2
"ZBTB11",2,1,9,12,16.6666666666667,3
"ZBTB11-AS1",2,1,9,12,16.6666666666667,3
"ZBTB2",2,0,19,21,9.52380952380952,2
"ZBTB20",2,2,18,22,9.09090909090909,4
"ZBTB38",2,0,11,13,15.3846153846154,2
"ZC3H10",2,0,13,15,13.3333333333333,2
"ZC3H12C",2,1,10,13,15.3846153846154,3
"ZCCHC2",2,0,11,13,15.3846153846154,2
"ZDHHC1",2,0,7,9,22.2222222222222,2
"ZDHHC7",2,1,21,24,8.33333333333333,3
"ZEB2-AS1",2,1,19,22,9.09090909090909,3
"ZFAND2B",2,0,8,10,20,2
"ZFAT",2,1,21,24,8.33333333333333,3
"ZFP36L1",2,0,27,29,6.89655172413793,2
"ZFPL1",2,0,3,5,40,2
"ZFPM1",2,0,3,5,40,2
"ZHX2",2,0,8,10,20,2
"ZKSCAN3",2,1,15,18,11.1111111111111,3
"ZMYM4",2,0,4,6,33.3333333333333,2
"ZNF10",2,1,15,18,11.1111111111111,3
"ZNF230",2,0,6,8,25,2
"ZNF235",2,1,16,19,10.5263157894737,3
"ZNF259",2,1,24,27,7.40740740740741,3
"ZNF266",2,0,1,3,66.6666666666667,2
"ZNF268",2,1,15,18,11.1111111111111,3
"ZNF282",2,0,1,3,66.6666666666667,2
"ZNF384",2,1,9,12,16.6666666666667,3
"ZNF396",2,0,3,5,40,2
"ZNF428",2,0,17,19,10.5263157894737,2
"ZNF433",2,0,23,25,8,2
"ZNF438",2,0,5,7,28.5714285714286,2
"ZNF45",2,1,19,22,9.09090909090909,3
"ZNF451",2,1,22,25,8,3
"ZNF469",2,0,9,11,18.1818181818182,2
"ZNF500",2,1,26,29,6.89655172413793,3
"ZNF503",2,1,8,11,18.1818181818182,3
"ZNF503-AS2",2,1,8,11,18.1818181818182,3
"ZNF518B",2,0,20,22,9.09090909090909,2
"ZNF547",2,0,3,5,40,2
"ZNF561",2,0,2,4,50,2
"ZNF585A",2,0,17,19,10.5263157894737,2
"ZNF592",2,1,18,21,9.52380952380952,3
"ZNF623",2,0,0,2,100,2
"ZNF628",2,0,8,10,20,2
"ZNF648",2,0,8,10,20,2
"ZNF684",2,0,7,9,22.2222222222222,2
"ZNF688",2,0,12,14,14.2857142857143,2
"ZNF706",2,0,18,20,10,2
"ZNF710",2,0,8,10,20,2
"ZNF778",2,0,9,11,18.1818181818182,2
"ZNF782",2,0,8,10,20,2
"ZNF783",2,1,16,19,10.5263157894737,3
"ZNF785",2,0,12,14,14.2857142857143,2
"ZNF830",2,1,1,4,50,3
"ZNF839",2,0,7,9,22.2222222222222,2
"ZNF891",2,1,15,18,11.1111111111111,3
"ZNHIT2",2,0,15,17,11.7647058823529,2
"ZRANB2",2,2,18,22,9.09090909090909,4
"ZSCAN31",2,1,15,18,11.1111111111111,3
