"","nb_enhancer_hyper","nb_enhancer_hypo","nb_enhancer_unchanged","total_enhancers","percent_hyper","DM"
"HNMT",17,6,105,128,13.28125,23
"MED13L",14,2,74,90,15.5555555555556,16
"RNU2-38P",13,0,66,79,16.4556962025316,13
"AC010883.5",12,0,71,83,14.4578313253012,12
"MIR148B",11,0,16,27,40.7407407407407,11
"ZFP36L2",11,0,53,64,17.1875,11
"ZNF697",11,0,53,64,17.1875,11
"ADAM30",10,0,52,62,16.1290322580645,10
"C9orf50",10,0,31,41,24.390243902439,10
"NTMT1",10,0,31,41,24.390243902439,10
"PHGDH",10,0,38,48,20.8333333333333,10
"RAPGEF2",10,0,37,47,21.2765957446809,10
"RNU6-958P",10,0,43,53,18.8679245283019,10
"ZNF385A",10,0,14,24,41.6666666666667,10
"CDK4",9,1,31,41,21.9512195121951,10
"ETS2",9,0,48,57,15.7894736842105,9
"GPR84",9,0,21,30,30,9
"MARCH9",9,1,37,47,19.1489361702128,10
"PLEKHB2",9,1,91,101,8.91089108910891,10
"PPID",9,1,64,74,12.1621621621622,10
"PRKCH",9,0,56,65,13.8461538461538,9
"AC097721.2",8,5,44,57,14.0350877192982,13
"AC142528.1",8,0,75,83,9.63855421686747,8
"ACBD6",8,1,38,47,17.0212765957447,9
"ADI1",8,0,75,83,9.63855421686747,8
"AF129408.17",8,0,17,25,32,8
"AGAP2",8,1,29,38,21.0526315789474,9
"ANKRD35",8,0,45,53,15.0943396226415,8
"APLF",8,1,42,51,15.6862745098039,9
"BHLHE40",8,1,35,44,18.1818181818182,9
"BHLHE40-AS1",8,1,35,44,18.1818181818182,9
"C4orf45",8,0,26,34,23.5294117647059,8
"CD47",8,2,72,82,9.75609756097561,10
"CXCR4",8,0,26,34,23.5294117647059,8
"DHRS12",8,0,39,47,17.0212765957447,8
"FBXO48",8,1,42,51,15.6862745098039,9
"HAT1",8,0,2,10,80,8
"IER5L",8,0,19,27,29.6296296296296,8
"MYL12B",8,1,56,65,12.3076923076923,9
"PSMG1",8,0,17,25,32,8
"REG4",8,0,49,57,14.0350877192982,8
"RP11-247A12.2",8,0,19,27,29.6296296296296,8
"RP11-247A12.8",8,0,19,27,29.6296296296296,8
"RP11-327P2.5",8,0,39,47,17.0212765957447,8
"RP13-270P17.1",8,1,56,65,12.3076923076923,9
"SPOPL",8,5,44,57,14.0350877192982,13
"TIMM10",8,1,45,54,14.8148148148148,9
"TMPO",8,1,40,49,16.3265306122449,9
"TMPO-AS1",8,1,40,49,16.3265306122449,9
"ARFGEF2",7,1,23,31,22.5806451612903,8
"AVIL",7,0,32,39,17.9487179487179,7
"BRSK1",7,0,35,42,16.6666666666667,7
"BUB1B",7,0,24,31,22.5806451612903,7
"C6orf195",7,0,20,27,25.9259259259259,7
"C7orf65",7,0,60,67,10.4477611940298,7
"CBX3",7,0,31,38,18.4210526315789,7
"CTDSP2",7,2,29,38,18.4210526315789,9
"CYP27B1",7,1,32,40,17.5,8
"DUSP5",7,3,110,120,5.83333333333333,10
"GNRHR2",7,0,36,43,16.2790697674419,7
"HMGCS2",7,0,39,46,15.2173913043478,7
"HNRNPA2B1",7,0,31,38,18.4210526315789,7
"HOXA-AS3",7,0,17,24,29.1666666666667,7
"ITGA5",7,0,12,19,36.8421052631579,7
"LINC01011",7,1,26,34,20.5882352941176,8
"LSG1",7,0,38,45,15.5555555555556,7
"MIR620",7,2,24,33,21.2121212121212,9
"MSMB",7,2,73,82,8.53658536585366,9
"NQO2",7,1,26,34,20.5882352941176,8
"P2RX3",7,1,37,45,15.5555555555556,8
"PAK6",7,0,26,33,21.2121212121212,7
"PEX11B",7,0,41,48,14.5833333333333,7
"PLXND1",7,0,24,31,22.5806451612903,7
"RNU6-1280P",7,3,61,71,9.85915492957746,10
"RNU6-433P",7,0,30,37,18.9189189189189,7
"RNU6-70P",7,1,25,33,21.2121212121212,8
"RNU6-950P",7,0,6,13,53.8461538461538,7
"RP11-133K1.2",7,0,23,30,23.3333333333333,7
"RP11-135A1.2",7,1,58,66,10.6060606060606,8
"RP11-525A16.4",7,3,110,120,5.83333333333333,10
"RP11-620J15.1",7,1,21,29,24.1379310344828,8
"RP11-753H16.3",7,0,12,19,36.8421052631579,7
"RP11-887P2.5",7,0,12,19,36.8421052631579,7
"SIRT5",7,0,35,42,16.6666666666667,7
"SLC25A3",7,3,75,85,8.23529411764706,10
"SLC38A6",7,2,26,35,20,9
"SNX14",7,4,74,85,8.23529411764706,11
"SSRP1",7,1,37,45,15.5555555555556,8
"TNS3",7,0,63,70,10,7
"TRMT5",7,2,26,35,20,9
"TXNIP",7,0,37,44,15.9090909090909,7
"AC006042.7",6,2,41,49,12.2448979591837,8
"AC010170.1",6,0,19,25,24,6
"AC093415.2",6,0,15,21,28.5714285714286,6
"AC097495.2",6,0,28,34,17.6470588235294,6
"AE000662.92",6,0,21,27,22.2222222222222,6
"AE000662.93",6,0,21,27,22.2222222222222,6
"AKTIP",6,2,29,37,16.2162162162162,8
"AL583828.1",6,0,26,32,18.75,6
"ATP6V0A1",6,0,22,28,21.4285714285714,6
"C3orf80",6,0,10,16,37.5,6
"CBX5",6,0,12,18,33.3333333333333,6
"CDK17",6,1,48,55,10.9090909090909,7
"CMIP",6,0,55,61,9.83606557377049,6
"CNP",6,0,34,40,15,6
"CNTRL",6,0,37,43,13.953488372093,6
"CTDSPL",6,0,15,21,28.5714285714286,6
"CYB5RL",6,0,21,27,22.2222222222222,6
"DAD1",6,0,26,32,18.75,6
"DENND4C",6,1,7,14,42.8571428571429,7
"DNAJB9",6,1,68,75,8,7
"DYNC1I2",6,0,1,7,85.7142857142857,6
"EFCAB14",6,0,22,28,21.4285714285714,6
"ELP4",6,0,9,15,40,6
"FAM114A2",6,0,24,30,20,6
"FAM43A",6,0,46,52,11.5384615384615,6
"FBXO33",6,4,25,35,17.1428571428571,10
"GFOD1",6,0,26,32,18.75,6
"GFOD1-AS1",6,0,26,32,18.75,6
"GLCCI1",6,2,41,49,12.2448979591837,8
"GTF2A1",6,1,52,59,10.1694915254237,7
"HAUS6",6,0,11,17,35.2941176470588,6
"HFE2",6,0,25,31,19.3548387096774,6
"HIPK2",6,1,54,61,9.83606557377049,7
"HNRNPA1",6,0,12,18,33.3333333333333,6
"HOXA3",6,0,17,23,26.0869565217391,6
"HOXA4",6,0,10,16,37.5,6
"HOXA5",6,0,17,23,26.0869565217391,6
"HOXA6",6,0,17,23,26.0869565217391,6
"HOXA7",6,0,11,17,35.2941176470588,6
"HTATIP2",6,1,28,35,17.1428571428571,7
"IFFO1",6,1,31,38,15.7894736842105,7
"IL12A-AS1",6,0,10,16,37.5,6
"IL8",6,1,24,31,19.3548387096774,7
"IMMP1L",6,0,9,15,40,6
"IRF2BP2",6,0,60,66,9.09090909090909,6
"ITGA6",6,0,19,25,24,6
"LARS2-AS1",6,0,31,37,16.2162162162162,6
"LBR",6,0,17,23,26.0869565217391,6
"LINC01116",6,0,9,15,40,6
"LINC01117",6,0,9,15,40,6
"LTA4H",6,1,25,32,18.75,7
"MAML2",6,0,38,44,13.6363636363636,6
"MAP1LC3B2",6,0,42,48,12.5,6
"METAP1D",6,0,5,11,54.5454545454545,6
"METTL1",6,0,24,30,20,6
"METTL21B",6,0,24,30,20,6
"MFAP3",6,0,24,30,20,6
"MIR1260B",6,0,38,44,13.6363636363636,6
"MIR130A",6,0,35,41,14.6341463414634,6
"MIR26A2",6,0,16,22,27.2727272727273,6
"MRPL37",6,0,21,27,22.2222222222222,6
"MRRF",6,0,13,19,31.5789473684211,6
"MSMO1",6,0,66,72,8.33333333333333,6
"NABP1",6,4,55,65,9.23076923076923,10
"PAQR3",6,1,20,27,22.2222222222222,7
"PNPLA8",6,1,68,75,8,7
"POLR1A",6,0,34,40,15,6
"PREX1",6,1,15,22,27.2727272727273,7
"PTCD3",6,0,34,40,15,6
"RBM18",6,0,13,19,31.5789473684211,6
"RHO",6,0,20,26,23.0769230769231,6
"RNU6-1083P",6,0,8,14,42.8571428571429,6
"RNU6-398P",6,1,15,22,27.2727272727273,7
"RP1-170O19.21",6,0,11,17,35.2941176470588,6
"RP1-170O19.22",6,0,17,23,26.0869565217391,6
"RP1-170O19.23",6,0,17,23,26.0869565217391,6
"RP11-1007G5.2",6,1,44,51,11.7647058823529,7
"RP11-146N23.4",6,1,7,14,42.8571428571429,7
"RP11-181C3.1",6,1,28,35,17.1428571428571,7
"RP11-350N15.5",6,0,67,73,8.21917808219178,6
"RP11-431I8.1",6,0,10,16,37.5,6
"RP11-446E24.4",6,0,21,27,22.2222222222222,6
"RP11-571M6.15",6,0,24,30,20,6
"RP11-571M6.17",6,0,8,14,42.8571428571429,6
"RP11-809C9.2",6,0,42,48,12.5,6
"RP11-872D17.8",6,1,50,57,10.5263157894737,7
"RP11-968A15.8",6,0,12,18,33.3333333333333,6
"RP4-781K5.2",6,0,60,66,9.09090909090909,6
"RTN4",6,0,29,35,17.1428571428571,6
"SERPINB1",6,1,30,37,16.2162162162162,7
"SLC25A12",6,0,5,11,54.5454545454545,6
"SLC43A3",6,1,50,57,10.5263157894737,7
"SMUG1",6,0,23,29,20.6896551724138,6
"SND1",6,1,50,57,10.5263157894737,7
"SNORD112.24",6,0,14,20,30,6
"SYNCRIP",6,2,46,54,11.1111111111111,8
"TBXAS1",6,1,54,61,9.83606557377049,7
"TGOLN2",6,1,23,30,20,7
"THAP5",6,1,68,75,8,7
"TM7SF3",6,1,25,32,18.75,7
"TMEM158",6,0,19,25,24,6
"TSFM",6,1,26,33,18.1818181818182,7
"TSPAN31",6,1,21,28,21.4285714285714,7
"WHSC1L1",6,0,67,73,8.21917808219178,6
"ABCB10",5,2,24,31,16.1290322580645,7
"AC003104.1",5,0,21,26,19.2307692307692,5
"AC018816.3",5,1,23,29,17.2413793103448,6
"AC021188.4",5,2,66,73,6.84931506849315,7
"AC021860.1",5,0,30,35,14.2857142857143,5
"AC026202.1",5,1,16,22,22.7272727272727,6
"AC026202.3",5,1,16,22,22.7272727272727,6
"AC078883.3",5,0,17,22,22.7272727272727,5
"AC078883.4",5,0,18,23,21.7391304347826,5
"AC079753.1",5,1,28,34,14.7058823529412,6
"AC079922.3",5,0,21,26,19.2307692307692,5
"AC092669.1",5,0,20,25,20,5
"AC092839.3",5,0,5,10,50,5
"AC093110.3",5,0,9,14,35.7142857142857,5
"AC104801.1",5,0,14,19,26.3157894736842,5
"AC107993.1",5,0,19,24,20.8333333333333,5
"AC114803.3",5,0,10,15,33.3333333333333,5
"ADORA2A-AS1",5,0,12,17,29.4117647058824,5
"ALG11",5,0,8,13,38.4615384615385,5
"AP000355.2",5,0,14,19,26.3157894736842,5
"APAF1",5,2,55,62,8.06451612903226,7
"APIP",5,0,40,45,11.1111111111111,5
"ARIH1",5,0,15,20,25,5
"ARL6IP5",5,1,22,28,17.8571428571429,6
"ATP13A1",5,0,31,36,13.8888888888889,5
"ATP7B",5,0,8,13,38.4615384615385,5
"ATXN1",5,2,56,63,7.93650793650794,7
"BEAN1",5,2,37,44,11.3636363636364,7
"C11orf31",5,0,26,31,16.1290322580645,5
"C3orf27",5,0,9,14,35.7142857142857,5
"C5orf56",5,0,18,23,21.7391304347826,5
"C7orf33",5,0,24,29,17.2413793103448,5
"C7orf69",5,0,45,50,10,5
"CAPG",5,0,26,31,16.1290322580645,5
"CCNB1IP1",5,0,31,36,13.8888888888889,5
"CD93",5,2,43,50,10,7
"CEBPD",5,0,25,30,16.6666666666667,5
"CHD1",5,2,129,136,3.67647058823529,7
"CHD4",5,1,30,36,13.8888888888889,6
"CHSY1",5,1,40,46,10.8695652173913,6
"CMPK2",5,0,51,56,8.92857142857143,5
"COL28A1",5,0,12,17,29.4117647058824,5
"CSGALNACT2",5,0,32,37,13.5135135135135,5
"CTD-2007H13.3",5,2,122,129,3.87596899224806,7
"CTD-2186M15.3",5,0,31,36,13.8888888888889,5
"DLEU1",5,0,17,22,22.7272727272727,5
"DLEU2",5,0,17,22,22.7272727272727,5
"DLX2",5,0,14,19,26.3157894736842,5
"DMAP1",5,0,30,35,14.2857142857143,5
"DNAJB2",5,0,21,26,19.2307692307692,5
"DNAJC1",5,1,26,32,15.625,6
"EDEM1",5,1,16,22,22.7272727272727,6
"EIF3M",5,0,8,13,38.4615384615385,5
"EPM2AIP1",5,2,32,39,12.8205128205128,7
"FAM13B",5,0,19,24,20.8333333333333,5
"FGGY",5,1,86,92,5.43478260869565,6
"FMNL1",5,0,28,33,15.1515151515152,5
"FMOD",5,0,22,27,18.5185185185185,5
"FNDC3B",5,2,60,67,7.46268656716418,7
"FNIP2",5,2,32,39,12.8205128205128,7
"FOXN3",5,0,30,35,14.2857142857143,5
"FOXP1",5,0,34,39,12.8205128205128,5
"GAPDH",5,1,34,40,12.5,6
"GMDS",5,0,11,16,31.25,5
"GMDS-AS1",5,0,11,16,31.25,5
"GOLPH3",5,0,31,36,13.8888888888889,5
"HES1",5,1,44,50,10,6
"HIF1A",5,0,55,60,8.33333333333333,5
"HIF1A-AS1",5,0,55,60,8.33333333333333,5
"HIST1H1B",5,0,64,69,7.2463768115942,5
"HMGXB3",5,0,21,26,19.2307692307692,5
"HOTAIRM1",5,0,8,13,38.4615384615385,5
"HOXA1",5,0,8,13,38.4615384615385,5
"HOXA10-AS",5,0,9,14,35.7142857142857,5
"HOXA2",5,0,5,10,50,5
"HOXA9",5,0,9,14,35.7142857142857,5
"hsa-mir.1",5,1,83,89,5.61797752808989,6
"IFNGR1",5,1,31,37,13.5135135135135,6
"IKBIP",5,2,55,62,8.06451612903226,7
"IL1B",5,1,42,48,10.4166666666667,6
"ITGA10",5,0,31,36,13.8888888888889,5
"KLF3",5,0,30,35,14.2857142857143,5
"LAMB3",5,2,66,73,6.84931506849315,7
"LDLRAD4",5,0,47,52,9.61538461538462,5
"LYN",5,0,36,41,12.1951219512195,5
"MAML3",5,2,56,63,7.93650793650794,7
"MAP3K1",5,1,47,53,9.43396226415094,6
"MAP3K14",5,0,15,20,25,5
"MBNL1",5,0,8,13,38.4615384615385,5
"MBNL1-AS1",5,0,7,12,41.6666666666667,5
"MEIS1",5,2,27,34,14.7058823529412,7
"MEIS1-AS2",5,0,20,25,20,5
"METTL21A",5,0,26,31,16.1290322580645,5
"MIOS",5,2,26,33,15.1515151515152,7
"MIR129",5,1,46,52,9.61538461538462,6
"MIR153",5,0,23,28,17.8571428571429,5
"MIR196B",5,0,9,14,35.7142857142857,5
"MIR591",5,0,6,11,45.4545454545455,5
"MITF",5,3,18,26,19.2307692307692,8
"MLH1",5,2,32,39,12.8205128205128,7
"MRPL13",5,0,18,23,21.7391304347826,5
"MSL1",5,0,33,38,13.1578947368421,5
"MTBP",5,0,18,23,21.7391304347826,5
"MYB",5,0,20,25,20,5
"MYB-AS1",5,0,19,24,20.8333333333333,5
"MYLK4",5,0,8,13,38.4615384615385,5
"NCOA2",5,3,38,46,10.8695652173913,8
"NEK5",5,0,13,18,27.7777777777778,5
"NFE2L3",5,0,18,23,21.7391304347826,5
"NFIL3",5,1,24,30,16.6666666666667,6
"NNMT",5,0,39,44,11.3636363636364,5
"NOP2",5,1,29,35,14.2857142857143,6
"OPTC",5,0,30,35,14.2857142857143,5
"PDHX",5,0,49,54,9.25925925925926,5
"PF4V1",5,1,16,22,22.7272727272727,6
"PICK1",5,0,20,25,20,5
"PPIL4",5,0,31,36,13.8888888888889,5
"PTPRN",5,0,25,30,16.6666666666667,5
"PTRF",5,0,27,32,15.625,5
"RBM8A",5,0,35,40,12.5,5
"RERE",5,0,24,29,17.2413793103448,5
"RHOG",5,0,38,43,11.6279069767442,5
"RNF144A",5,0,34,39,12.8205128205128,5
"RNF144A-AS1",5,0,34,39,12.8205128205128,5
"RNF220",5,0,21,26,19.2307692307692,5
"RNU4-24P",5,1,13,19,26.3157894736842,6
"RNU7-134P",5,0,18,23,21.7391304347826,5
"RP1-151F17.1",5,2,56,63,7.93650793650794,7
"RP11-1007O24.2",5,0,15,20,25,5
"RP11-1007O24.3",5,0,15,20,25,5
"RP11-154H23.3",5,0,34,39,12.8205128205128,5
"RP11-310H4.1",5,1,23,29,17.2413793103448,6
"RP11-315I20.1",5,0,35,40,12.5,5
"RP11-351D16.3",5,0,32,37,13.5135135135135,5
"RP11-404F10.2",5,0,30,35,14.2857142857143,5
"RP11-435P24.2",5,0,22,27,18.5185185185185,5
"RP11-440G5.2",5,1,24,30,16.6666666666667,6
"RP11-617D20.1",5,0,30,35,14.2857142857143,5
"RP11-745C15.2",5,1,36,42,11.9047619047619,6
"RP11-794M8.1",5,0,47,52,9.61538461538462,5
"RP11-872D17.4",5,1,35,41,12.1951219512195,6
"RP5-1159O4.1",5,2,26,33,15.1515151515152,7
"RP5-940J5.3",5,1,34,40,12.5,6
"RPL28",5,0,26,31,16.1290322580645,5
"RPS7",5,0,59,64,7.8125,5
"RSAD2",5,0,39,44,11.3636363636364,5
"RSBN1L",5,1,75,81,6.17283950617284,6
"RSBN1L-AS1",5,1,75,81,6.17283950617284,6
"SASS6",5,2,11,18,27.7777777777778,7
"SEC61G",5,1,39,45,11.1111111111111,6
"SFPQ",5,1,21,27,18.5185185185185,6
"SGK223",5,0,36,41,12.1951219512195,5
"SH2D6",5,0,26,31,16.1290322580645,5
"SKIDA1",5,1,14,20,25,6
"SLC16A11",5,1,21,27,18.5185185185185,6
"SLC20A1",5,0,21,26,19.2307692307692,5
"SLC25A13",5,0,15,20,25,5
"SLC26A2",5,0,19,24,20.8333333333333,5
"SNORA1.1",5,0,39,44,11.3636363636364,5
"SNORD126",5,0,33,38,13.1578947368421,5
"snoU13.196",5,1,35,41,12.1951219512195,6
"SNX18",5,3,32,40,12.5,8
"SOCS2",5,0,28,33,15.1515151515152,5
"SOCS2-AS1",5,0,28,33,15.1515151515152,5
"SPIDR",5,0,25,30,16.6666666666667,5
"SPTBN1",5,0,12,17,29.4117647058824,5
"SPTLC2",5,0,32,37,13.5135135135135,5
"TFB1M",5,1,31,37,13.5135135135135,6
"THBD",5,2,62,69,7.2463768115942,7
"TIGD6",5,0,21,26,19.2307692307692,5
"TMEM238",5,0,26,31,16.1290322580645,5
"TNKS1BP1",5,0,24,29,17.2413793103448,5
"TRAF1",5,0,27,32,15.625,5
"TTK",5,1,33,39,12.8205128205128,6
"TUBA4A",5,0,21,26,19.2307692307692,5
"TUBA4B",5,0,21,26,19.2307692307692,5
"U8.13",5,0,49,54,9.25925925925926,5
"UBE2S",5,0,23,28,17.8571428571429,5
"UPB1",5,0,16,21,23.8095238095238,5
"VAMP1",5,1,18,24,20.8333333333333,6
"VOPP1",5,1,23,29,17.2413793103448,6
"Y_RNA.331",5,1,21,27,18.5185185185185,6
"ZNF217",5,1,47,53,9.43396226415094,6
"ZNF620",5,1,8,14,35.7142857142857,6
"AC004458.1",4,0,5,9,44.4444444444444,4
"AC004540.4",4,0,17,21,19.047619047619,4
"AC005220.3",4,0,43,47,8.51063829787234,4
"AC010327.2",4,0,25,29,13.7931034482759,4
"AC011747.7",4,0,25,29,13.7931034482759,4
"AC018470.1",4,1,16,21,19.047619047619,5
"AC018755.2",4,0,28,32,12.5,4
"AC073934.6",4,0,33,37,10.8108108108108,4
"AC084368.1",4,0,12,16,25,4
"AC092171.4",4,0,24,28,14.2857142857143,4
"AC092573.2",4,0,0,4,100,4
"AC105053.3",4,0,31,35,11.4285714285714,4
"AC113189.5",4,0,14,18,22.2222222222222,4
"AC116366.6",4,0,13,17,23.5294117647059,4
"AC132186.1",4,1,20,25,16,5
"AFAP1L1",4,0,10,14,28.5714285714286,4
"AFTPH",4,0,23,27,14.8148148148148,4
"AGAP2-AS1",4,1,12,17,23.5294117647059,5
"AGPAT5",4,0,69,73,5.47945205479452,4
"AL158151.1",4,0,19,23,17.3913043478261,4
"AL163636.6",4,0,47,51,7.84313725490196,4
"AL357060.1",4,0,19,23,17.3913043478261,4
"ALAD",4,1,20,25,16,5
"ALG12",4,0,24,28,14.2857142857143,4
"ANG",4,0,47,51,7.84313725490196,4
"ANGPT2",4,0,52,56,7.14285714285714,4
"ANKRD33B-AS1",4,0,43,47,8.51063829787234,4
"ANKRD34A",4,0,21,25,16,4
"ANKRD46",4,1,24,29,13.7931034482759,5
"ANKRD6",4,0,15,19,21.0526315789474,4
"AP2S1",4,0,6,10,40,4
"ARID1B",4,0,8,12,33.3333333333333,4
"ARL5B",4,2,39,45,8.88888888888889,6
"ARL5B-AS1",4,2,39,45,8.88888888888889,6
"ARMC2",4,0,15,19,21.0526315789474,4
"ARMC6",4,0,8,12,33.3333333333333,4
"ASH1L",4,0,30,34,11.7647058823529,4
"ATL1",4,0,13,17,23.5294117647059,4
"AUH",4,1,23,28,14.2857142857143,5
"AURKA",4,0,34,38,10.5263157894737,4
"AZI2",4,0,12,16,25,4
"BCL11A",4,0,2,6,66.6666666666667,4
"BCLAF1",4,0,8,12,33.3333333333333,4
"BRAT1",4,1,27,32,12.5,5
"C10orf91",4,0,28,32,12.5,4
"C11orf49",4,0,10,14,28.5714285714286,4
"C14orf28",4,3,29,36,11.1111111111111,7
"C15orf40",4,4,44,52,7.69230769230769,8
"C15orf52",4,0,10,14,28.5714285714286,4
"C17orf107",4,0,14,18,22.2222222222222,4
"C1orf105",4,0,9,13,30.7692307692308,4
"C9orf3",4,0,14,18,22.2222222222222,4
"C9orf43",4,1,20,25,16,5
"CAPZB",4,0,33,37,10.8108108108108,4
"CARD6",4,1,48,53,7.54716981132075,5
"CCDC182",4,0,13,17,23.5294117647059,4
"CCDC38",4,0,5,9,44.4444444444444,4
"CCDC82",4,0,35,39,10.2564102564103,4
"CCNH",4,0,16,20,20,4
"CCNJL",4,0,22,26,15.3846153846154,4
"CDC26",4,0,13,17,23.5294117647059,4
"CDCA7",4,0,0,4,100,4
"CENPF",4,3,42,49,8.16326530612245,7
"CEP44",4,0,14,18,22.2222222222222,4
"CHIC2",4,0,19,23,17.3913043478261,4
"CHRM3-AS1",4,0,13,17,23.5294117647059,4
"CHRNB2",4,0,25,29,13.7931034482759,4
"CHRNE",4,0,14,18,22.2222222222222,4
"CHST11",4,0,39,43,9.30232558139535,4
"CLUHP3",4,0,16,20,20,4
"CMC1",4,0,16,20,20,4
"CNNM2",4,0,31,35,11.4285714285714,4
"CNNM4",4,2,39,45,8.88888888888889,6
"COPZ2",4,0,11,15,26.6666666666667,4
"CORO1C",4,0,21,25,16,4
"CRELD2",4,0,24,28,14.2857142857143,4
"CSTF1",4,0,34,38,10.5263157894737,4
"CSTF3",4,1,16,21,19.047619047619,5
"CSTF3-AS1",4,1,16,21,19.047619047619,5
"CTA-212D2.2",4,0,5,9,44.4444444444444,4
"CTB-79E8.2",4,0,10,14,28.5714285714286,4
"CTD-2020K17.1",4,0,28,32,12.5,4
"CTD-2020K17.3",4,0,18,22,18.1818181818182,4
"CTD-2132N18.3",4,0,19,23,17.3913043478261,4
"CTD-2358C21.4",4,0,16,20,20,4
"CTD-2541M15.1",4,0,69,73,5.47945205479452,4
"CTD-2647L4.1",4,0,3,7,57.1428571428571,4
"CTNNA1",4,0,20,24,16.6666666666667,4
"CUX1",4,1,43,48,8.33333333333333,5
"CYB5D1",4,0,21,25,16,4
"DLEU7-AS1",4,1,21,26,15.3846153846154,5
"DNAH3",4,2,33,39,10.2564102564103,6
"DOCK4",4,0,30,34,11.7647058823529,4
"DPCD",4,0,23,27,14.8148148148148,4
"DPH3",4,0,10,14,28.5714285714286,4
"EAPP",4,0,14,18,22.2222222222222,4
"ECHDC1",4,0,27,31,12.9032258064516,4
"EFCAB12",4,0,33,37,10.8108108108108,4
"EGOT",4,2,46,52,7.69230769230769,6
"EIF1B",4,2,35,41,9.75609756097561,6
"EIF5A",4,0,20,24,16.6666666666667,4
"ELF1",4,0,7,11,36.3636363636364,4
"ELFN2",4,0,8,12,33.3333333333333,4
"ELMO1",4,0,10,14,28.5714285714286,4
"ELMOD3",4,0,16,20,20,4
"EMILIN2",4,0,55,59,6.77966101694915,4
"EML2",4,0,5,9,44.4444444444444,4
"ERAP2",4,0,22,26,15.3846153846154,4
"EZH2",4,0,20,24,16.6666666666667,4
"FAIM3",4,0,16,20,20,4
"FAM168B",4,0,51,55,7.27272727272727,4
"FAM175A",4,0,4,8,50,4
"FBXO8",4,0,14,18,22.2222222222222,4
"FCAMR",4,0,27,31,12.9032258064516,4
"FGD2",4,1,26,31,12.9032258064516,5
"FGF11",4,0,19,23,17.3913043478261,4
"FGF18",4,0,31,35,11.4285714285714,4
"FGF8",4,0,18,22,18.1818181818182,4
"FOS",4,1,58,63,6.34920634920635,5
"FOXN3-AS1",4,0,24,28,14.2857142857143,4
"FOXO1",4,1,24,29,13.7931034482759,5
"FPGS",4,0,14,18,22.2222222222222,4
"GAR1",4,0,18,22,18.1818181818182,4
"GCH1",4,0,21,25,16,4
"GFM1",4,0,12,16,25,4
"GGNBP1",4,0,12,16,25,4
"GOT1",4,0,12,16,25,4
"GPD2",4,1,31,36,11.1111111111111,5
"GPR88",4,0,4,8,50,4
"GPS2",4,0,23,27,14.8148148148148,4
"GSG1",4,0,16,20,20,4
"GSN",4,0,20,24,16.6666666666667,4
"H3F3A",4,0,16,20,20,4
"HAPLN2",4,0,22,26,15.3846153846154,4
"HBS1L",4,0,5,9,44.4444444444444,4
"HEBP1",4,2,34,40,10,6
"HIPK3",4,1,14,19,21.0526315789474,5
"HIST1H2AD",4,0,71,75,5.33333333333333,4
"HIST1H3D",4,0,71,75,5.33333333333333,4
"HIST1H3I",4,0,30,34,11.7647058823529,4
"HOXA-AS2",4,0,6,10,40,4
"HOXC-AS1",4,0,27,31,12.9032258064516,4
"HOXC-AS2",4,0,27,31,12.9032258064516,4
"HOXC6",4,0,29,33,12.1212121212121,4
"HOXC9",4,0,27,31,12.9032258064516,4
"HTR6",4,0,20,24,16.6666666666667,4
"HTR7P1",4,2,34,40,10,6
"ID2",4,0,25,29,13.7931034482759,4
"IGSF8",4,0,13,17,23.5294117647059,4
"IHH",4,0,8,12,33.3333333333333,4
"IL24",4,1,22,27,14.8148148148148,5
"INPP5A",4,0,31,35,11.4285714285714,4
"IPO9",4,0,20,24,16.6666666666667,4
"IPO9-AS1",4,0,20,24,16.6666666666667,4
"IRX3",4,0,6,10,40,4
"ISOC2",4,0,16,20,20,4
"JADE2",4,0,27,31,12.9032258064516,4
"JAK2",4,0,21,25,16,4
"JRKL",4,0,35,39,10.2564102564103,4
"KAT6B",4,0,10,14,28.5714285714286,4
"KIAA0020",4,0,25,29,13.7931034482759,4
"KIAA0319L",4,0,14,18,22.2222222222222,4
"KLF7",4,1,34,39,10.2564102564103,5
"LARP1",4,2,33,39,10.2564102564103,6
"LINC00336",4,0,11,15,26.6666666666667,4
"LINC00525",4,0,40,44,9.09090909090909,4
"LLPH",4,0,8,12,33.3333333333333,4
"LSMD1",4,0,22,26,15.3846153846154,4
"LYRM2",4,0,18,22,18.1818181818182,4
"MANF",4,0,17,21,19.047619047619,4
"MAP3K8",4,0,9,13,30.7692307692308,4
"MAP4K5",4,0,13,17,23.5294117647059,4
"MAP7D1",4,0,15,19,21.0526315789474,4
"MARCH8",4,2,27,33,12.1212121212121,6
"MARK2",4,0,12,16,25,4
"MAT2A",4,0,21,25,16,4
"METTL13",4,1,17,22,18.1818181818182,5
"METTL9",4,1,28,33,12.1212121212121,5
"MINK1",4,0,15,19,21.0526315789474,4
"MIR125A",4,0,28,32,12.5,4
"MIR152",4,0,11,15,26.6666666666667,4
"MIR15B",4,0,6,10,40,4
"MIR16",4,0,7,11,36.3636363636364,4
"MIR330",4,0,4,8,50,4
"MIR4466",4,0,8,12,33.3333333333333,4
"MIR609",4,0,40,44,9.09090909090909,4
"MIR9",4,0,12,16,25,4
"MIR99B",4,0,28,32,12.5,4
"MIRLET7E",4,0,28,32,12.5,4
"MOGAT1",4,2,18,24,16.6666666666667,6
"MPDU1",4,0,14,18,22.2222222222222,4
"MRPL22",4,3,26,33,12.1212121212121,7
"MRPS18A",4,0,27,31,12.9032258064516,4
"MRPS33",4,0,13,17,23.5294117647059,4
"MXD3",4,0,26,30,13.3333333333333,4
"MYLPF",4,0,31,35,11.4285714285714,4
"NABP2",4,0,18,22,18.1818181818182,4
"NACC1",4,1,15,20,20,5
"NAT14",4,0,20,24,16.6666666666667,4
"NBL1",4,0,39,43,9.30232558139535,4
"NCDN",4,0,14,18,22.2222222222222,4
"NCOR2",4,0,42,46,8.69565217391304,4
"NDUFA5P3",4,0,4,8,50,4
"NEK9",4,1,64,69,5.79710144927536,5
"NFAM1",4,0,14,18,22.2222222222222,4
"NHEJ1",4,0,25,29,13.7931034482759,4
"NME5",4,0,10,14,28.5714285714286,4
"NPY4R",4,0,68,72,5.55555555555556,4
"NR1H3",4,0,10,14,28.5714285714286,4
"NUMB",4,2,34,40,10,6
"OR1K1",4,0,10,14,28.5714285714286,4
"OR5A2",4,0,21,25,16,4
"OS9",4,1,12,17,23.5294117647059,5
"OTX1",4,0,5,9,44.4444444444444,4
"PA2G4",4,0,11,15,26.6666666666667,4
"PADI2",4,0,35,39,10.2564102564103,4
"PARP12",4,0,22,26,15.3846153846154,4
"PDCL",4,0,5,9,44.4444444444444,4
"PDGFRA",4,0,21,25,16,4
"PGM2",4,0,14,18,22.2222222222222,4
"PHGR1",4,0,10,14,28.5714285714286,4
"PHLDA1",4,5,51,60,6.66666666666667,9
"PIAS3",4,0,26,30,13.3333333333333,4
"PIGC",4,0,13,17,23.5294117647059,4
"PIGR",4,0,22,26,15.3846153846154,4
"PIGV",4,0,19,23,17.3913043478261,4
"PIP4K2C",4,1,22,27,14.8148148148148,5
"PLCB2",4,0,29,33,12.1212121212121,4
"PLIN2",4,0,4,8,50,4
"PLSCR1",4,1,15,20,20,5
"POLE3",4,1,20,25,16,5
"POLL",4,0,14,18,22.2222222222222,4
"POLR3GL",4,0,21,25,16,4
"PRPF4",4,0,13,17,23.5294117647059,4
"PRR5L",4,2,11,17,23.5294117647059,6
"PRRT3",4,0,21,25,16,4
"PSMG2",4,0,33,37,10.8108108108108,4
"PTPN18",4,0,34,38,10.5263157894737,4
"QRICH2",4,0,28,32,12.5,4
"RAB13",4,0,30,34,11.7647058823529,4
"RAB28",4,1,45,50,8,5
"RAB5C",4,0,19,23,17.3913043478261,4
"RANBP3L",4,0,1,5,80,4
"RAPGEFL1",4,0,26,30,13.3333333333333,4
"RBM15B",4,0,15,19,21.0526315789474,4
"RESP18",4,1,19,24,16.6666666666667,5
"RETSAT",4,0,16,20,20,4
"RGS3",4,1,26,31,12.9032258064516,5
"RHBDD2",4,0,57,61,6.55737704918033,4
"RIPK2",4,2,31,37,10.8108108108108,6
"RN7SKP259",4,1,30,35,11.4285714285714,5
"RN7SL391P",4,0,18,22,18.1818181818182,4
"RN7SL784P",4,0,14,18,22.2222222222222,4
"RNA5SP382",4,0,30,34,11.7647058823529,4
"RNA5SP392",4,0,10,14,28.5714285714286,4
"RNASE4",4,0,47,51,7.84313725490196,4
"RNASEH2B",4,1,10,15,26.6666666666667,5
"RNASEH2B-AS1",4,1,10,15,26.6666666666667,5
"RNF183",4,0,7,11,36.3636363636364,4
"RNF41",4,0,18,22,18.1818181818182,4
"RNU1-27P",4,0,14,18,22.2222222222222,4
"RNU4ATAC14P",4,1,63,68,5.88235294117647,5
"RNU6-100P",4,0,22,26,15.3846153846154,4
"RNU6-1142P",4,0,39,43,9.30232558139535,4
"RNU6-1148P",4,0,18,22,18.1818181818182,4
"RNU6-189P",4,1,20,25,16,5
"RNU6-242P",4,0,16,20,20,4
"RNU6-402P",4,0,51,55,7.27272727272727,4
"RNU6-549P",4,0,18,22,18.1818181818182,4
"RNU6-805P",4,1,22,27,14.8148148148148,5
"RNU7-188P",4,0,2,6,66.6666666666667,4
"RNU7-3P",4,0,19,23,17.3913043478261,4
"RNU7-97P",4,0,12,16,25,4
"RNY1P6",4,0,17,21,19.047619047619,4
"RP1-18D14.7",4,0,12,16,25,4
"RP1-63G5.5",4,0,8,12,33.3333333333333,4
"RP11-1020A11.2",4,0,21,25,16,4
"RP11-104H15.10",4,0,19,23,17.3913043478261,4
"RP11-104H15.8",4,0,19,23,17.3913043478261,4
"RP11-104H15.9",4,0,19,23,17.3913043478261,4
"RP11-115H15.2",4,1,15,20,20,5
"RP11-133K1.1",4,0,19,23,17.3913043478261,4
"RP11-133K1.6",4,0,19,23,17.3913043478261,4
"RP11-17M16.1",4,0,45,49,8.16326530612245,4
"RP11-219E7.1",4,0,39,43,9.30232558139535,4
"RP11-230C9.2",4,0,8,12,33.3333333333333,4
"RP11-230C9.3",4,0,8,12,33.3333333333333,4
"RP11-230C9.4",4,0,8,12,33.3333333333333,4
"RP11-284F21.11",4,0,22,26,15.3846153846154,4
"RP11-290L1.2",4,5,51,60,6.66666666666667,9
"RP11-290L1.3",4,5,51,60,6.66666666666667,9
"RP11-358B23.1",4,0,19,23,17.3913043478261,4
"RP11-377D9.3",4,2,34,40,10,6
"RP11-37B2.1",4,2,31,37,10.8108108108108,6
"RP11-382A20.7",4,4,44,52,7.69230769230769,8
"RP11-396C23.4",4,0,16,20,20,4
"RP11-422P24.9",4,0,30,34,11.7647058823529,4
"RP11-441O15.3",4,0,15,19,21.0526315789474,4
"RP11-536G4.2",4,1,9,14,28.5714285714286,5
"RP11-568N6.1",4,0,23,27,14.8148148148148,4
"RP11-571M6.7",4,1,12,17,23.5294117647059,5
"RP11-571M6.8",4,1,12,17,23.5294117647059,5
"RP11-602N24.3",4,0,18,22,18.1818181818182,4
"RP11-671J11.6",4,0,14,18,22.2222222222222,4
"RP11-671J11.7",4,0,14,18,22.2222222222222,4
"RP11-6D1.3",4,2,52,58,6.89655172413793,6
"RP11-717A5.1",4,0,16,20,20,4
"RP11-724N1.1",4,0,31,35,11.4285714285714,4
"RP11-745O10.2",4,0,8,12,33.3333333333333,4
"RP11-779O18.1",4,0,14,18,22.2222222222222,4
"RP11-779O18.2",4,0,18,22,18.1818181818182,4
"RP11-779O18.3",4,0,18,22,18.1818181818182,4
"RP11-780K2.1",4,0,26,30,13.3333333333333,4
"RP11-857B24.1",4,3,29,36,11.1111111111111,7
"RP11-950C14.7",4,1,64,69,5.79710144927536,5
"RP4-728D4.2",4,0,10,14,28.5714285714286,4
"RP5-1061H20.5",4,0,51,55,7.27272727272727,4
"RP5-1115A15.1",4,0,18,22,18.1818181818182,4
"RP5-833A20.1",4,0,9,13,30.7692307692308,4
"RP5-837M10.4",4,0,4,8,50,4
"RPL37",4,2,54,60,6.66666666666667,6
"RPL5P21",4,0,22,26,15.3846153846154,4
"RPL7P51",4,0,32,36,11.1111111111111,4
"RPS27",4,0,30,34,11.7647058823529,4
"RPS6",4,0,4,8,50,4
"RTN4RL2",4,1,30,35,11.4285714285714,5
"SDE2",4,0,17,21,19.047619047619,4
"SHISA7",4,0,16,20,20,4
"SIGLEC14",4,0,32,36,11.1111111111111,4
"SIGLEC5",4,0,32,36,11.1111111111111,4
"SLC16A13",4,0,13,17,23.5294117647059,4
"SLC23A3",4,0,25,29,13.7931034482759,4
"SLC43A2",4,0,9,13,30.7692307692308,4
"SLC6A6",4,0,14,18,22.2222222222222,4
"SMC4",4,0,9,13,30.7692307692308,4
"SNORA7.3",4,0,13,17,23.5294117647059,4
"SNORA76",4,0,44,48,8.33333333333333,4
"SNORA79",4,1,26,31,12.9032258064516,5
"SNORD104",4,0,44,48,8.33333333333333,4
"SNORD56B",4,3,40,47,8.51063829787234,7
"SNORD94",4,0,30,34,11.7647058823529,4
"snoU13.436",4,0,30,34,11.7647058823529,4
"snoU13.456",4,0,16,20,20,4
"snoU13.52",4,0,24,28,14.2857142857143,4
"SNRPF",4,1,9,14,28.5714285714286,5
"SOX15",4,0,14,18,22.2222222222222,4
"SP9",4,1,16,21,19.047619047619,5
"SPACA6P",4,0,28,32,12.5,4
"SPACA6P-AS",4,0,28,32,12.5,4
"SQLE",4,2,52,58,6.89655172413793,6
"SSBP3",4,0,30,34,11.7647058823529,4
"SSC5D",4,0,20,24,16.6666666666667,4
"SSPN",4,1,35,40,10,5
"STAT5B",4,0,8,12,33.3333333333333,4
"SUGP2",4,0,8,12,33.3333333333333,4
"TAF5L",4,2,22,28,14.2857142857143,6
"TAL1",4,0,13,17,23.5294117647059,4
"TARBP1",4,0,4,8,50,4
"TBC1D10B",4,0,31,35,11.4285714285714,4
"TBL1XR1",4,2,31,37,10.8108108108108,6
"TEP1",4,0,30,34,11.7647058823529,4
"TFAP2E",4,0,10,14,28.5714285714286,4
"TMCC1",4,0,19,23,17.3913043478261,4
"TMCC1-AS1",4,0,19,23,17.3913043478261,4
"TMEM102",4,0,19,23,17.3913043478261,4
"TMEM14E",4,0,5,9,44.4444444444444,4
"TMEM159",4,2,33,39,10.2564102564103,6
"TMEM30B",4,0,18,22,18.1818181818182,4
"TMEM86B",4,0,25,29,13.7931034482759,4
"TMEM88",4,0,21,25,16,4
"TNFRSF1A",4,0,18,22,18.1818181818182,4
"TNFSF12",4,0,15,19,21.0526315789474,4
"TNFSF12-TNFSF13",4,0,15,19,21.0526315789474,4
"TRAPPC3",4,0,15,19,21.0526315789474,4
"TRIM59",4,0,2,6,66.6666666666667,4
"TSHR",4,0,34,38,10.5263157894737,4
"TTLL3",4,0,30,34,11.7647058823529,4
"U3.70",4,0,30,34,11.7647058823529,4
"UBE3C",4,1,37,42,9.52380952380952,5
"UCHL1",4,0,19,23,17.3913043478261,4
"UCHL1-AS1",4,0,19,23,17.3913043478261,4
"URB2",4,2,22,28,14.2857142857143,6
"USP39",4,0,32,36,11.1111111111111,4
"VCPKMT",4,0,36,40,10,4
"VWF",4,0,23,27,14.8148148148148,4
"WBP4",4,0,7,11,36.3636363636364,4
"WDFY2",4,0,17,21,19.047619047619,4
"WRNIP1",4,0,6,10,40,4
"XXYLT1",4,0,34,38,10.5263157894737,4
"Y_RNA.403",4,0,39,43,9.30232558139535,4
"Y_RNA.418",4,0,13,17,23.5294117647059,4
"Z97352.1",4,0,22,26,15.3846153846154,4
"ZCWPW2",4,0,12,16,25,4
"ZHX3",4,0,26,30,13.3333333333333,4
"ZKSCAN8",4,1,29,34,11.7647058823529,5
"ZMYND8",4,0,30,34,11.7647058823529,4
"ZNF277",4,0,30,34,11.7647058823529,4
"ZNF516",4,0,45,49,8.16326530612245,4
"ZNF572",4,1,44,49,8.16326530612245,5
"ZNF720",4,0,16,20,20,4
"ZPLD1",4,0,31,35,11.4285714285714,4
"ZSCAN2",4,0,13,17,23.5294117647059,4
"AAAS",3,1,28,32,9.375,4
"AASDH",3,0,18,21,14.2857142857143,3
"ABCA2",3,0,7,10,30,3
"ABCC4",3,0,17,20,15,3
"ABHD4",3,0,10,13,23.0769230769231,3
"ABTB2",3,0,31,34,8.82352941176471,3
"AC002117.1",3,0,12,15,20,3
"AC002454.1",3,0,22,25,12,3
"AC004854.4",3,1,24,28,10.7142857142857,4
"AC005037.3",3,0,15,18,16.6666666666667,3
"AC006483.1",3,0,13,16,18.75,3
"AC006960.7",3,0,4,7,42.8571428571429,3
"AC007242.1",3,0,31,34,8.82352941176471,3
"AC007879.5",3,0,19,22,13.6363636363636,3
"AC008394.1",3,0,37,40,7.5,3
"AC009501.4",3,1,7,11,27.2727272727273,4
"AC009506.1",3,0,12,15,20,3
"AC009961.3",3,2,26,31,9.67741935483871,5
"AC010295.1",3,0,7,10,30,3
"AC011290.4",3,0,12,15,20,3
"AC012358.8",3,0,22,25,12,3
"AC013264.2",3,0,9,12,25,3
"AC018755.1",3,0,25,28,10.7142857142857,3
"AC018755.16",3,0,25,28,10.7142857142857,3
"AC021078.1",3,0,16,19,15.7894736842105,3
"AC034228.2",3,0,18,21,14.2857142857143,3
"AC034228.3",3,0,21,24,12.5,3
"AC068039.4",3,0,0,3,100,3
"AC068669.1",3,0,15,18,16.6666666666667,3
"AC074286.1",3,0,10,13,23.0769230769231,3
"AC090587.4",3,0,19,22,13.6363636363636,3
"AC090587.5",3,0,19,22,13.6363636363636,3
"AC090627.1",3,0,11,14,21.4285714285714,3
"AC090952.5",3,0,27,30,10,3
"AC092171.2",3,0,13,16,18.75,3
"AC093391.2",3,0,13,16,18.75,3
"AC093620.5",3,0,13,16,18.75,3
"AC096649.2",3,0,9,12,25,3
"AC096670.3",3,3,24,30,10,6
"AC097468.4",3,0,10,13,23.0769230769231,3
"AC099535.1",3,0,13,16,18.75,3
"AC100830.4",3,0,22,25,12,3
"AC100830.5",3,0,22,25,12,3
"AC104134.2",3,1,41,45,6.66666666666667,4
"AC104695.3",3,1,34,38,7.89473684210526,4
"AC104695.4",3,0,13,16,18.75,3
"AC106873.4",3,1,3,7,42.8571428571429,4
"AC108004.3",3,0,36,39,7.69230769230769,3
"AC112219.1",3,0,34,37,8.10810810810811,3
"AC117395.1",3,0,12,15,20,3
"ACAP1",3,0,27,30,10,3
"ACIN1",3,0,21,24,12.5,3
"ACRBP",3,1,17,21,14.2857142857143,4
"ACSL6",3,0,18,21,14.2857142857143,3
"ACTB",3,0,19,22,13.6363636363636,3
"ACTR1A",3,0,11,14,21.4285714285714,3
"ACYP1",3,0,20,23,13.0434782608696,3
"ACYP2",3,0,21,24,12.5,3
"ADAMTS4",3,0,10,13,23.0769230769231,3
"ADC",3,0,15,18,16.6666666666667,3
"ADGB",3,1,13,17,17.6470588235294,4
"ADORA2A",3,0,12,15,20,3
"ADORA3",3,0,8,11,27.2727272727273,3
"ADPGK",3,0,15,18,16.6666666666667,3
"ADPGK-AS1",3,0,15,18,16.6666666666667,3
"ADRB1",3,0,15,18,16.6666666666667,3
"AF124730.4",3,1,39,43,6.97674418604651,4
"AFF1",3,0,28,31,9.67741935483871,3
"AGAP7",3,1,36,40,7.5,4
"AGPS",3,0,10,13,23.0769230769231,3
"AJUBA",3,0,9,12,25,3
"AK1",3,0,7,10,30,3
"AK2",3,0,15,18,16.6666666666667,3
"AL122015.1",3,3,37,43,6.97674418604651,6
"AL138706.1",3,0,11,14,21.4285714285714,3
"AL161790.1",3,0,0,3,100,3
"AL357519.1",3,3,17,23,13.0434782608696,6
"AL365181.1",3,0,18,21,14.2857142857143,3
"AL390776.1",3,0,18,21,14.2857142857143,3
"AL512791.1",3,0,12,15,20,3
"ALDH4A1",3,0,16,19,15.7894736842105,3
"ALDOA",3,0,13,16,18.75,3
"ALKBH2",3,0,30,33,9.09090909090909,3
"ALPK3",3,1,26,30,10,4
"AMD1",3,0,14,17,17.6470588235294,3
"AMN1",3,0,11,14,21.4285714285714,3
"AMZ1",3,0,21,24,12.5,3
"ANAPC15",3,0,15,18,16.6666666666667,3
"ANKRD44",3,0,32,35,8.57142857142857,3
"ANKUB1",3,0,13,16,18.75,3
"ANKZF1",3,0,7,10,30,3
"ANTXR2",3,0,11,14,21.4285714285714,3
"AP000662.4",3,0,34,37,8.10810810810811,3
"AP001412.1",3,1,19,23,13.0434782608696,4
"AP005482.1",3,0,22,25,12,3
"AP4S1",3,0,11,14,21.4285714285714,3
"APH1B",3,0,22,25,12,3
"APOA1BP",3,0,18,21,14.2857142857143,3
"APOL6",3,4,35,42,7.14285714285714,7
"APOLD1",3,0,17,20,15,3
"ARAP2",3,0,41,44,6.81818181818182,3
"ARFIP2",3,0,20,23,13.0434782608696,3
"ARID5A",3,0,13,16,18.75,3
"ARPC4",3,0,25,28,10.7142857142857,3
"ARPC4-TTLL3",3,0,25,28,10.7142857142857,3
"ASAP1",3,0,59,62,4.83870967741935,3
"ATF2",3,0,9,12,25,3
"ATG9A",3,0,8,11,27.2727272727273,3
"ATP2B1",3,0,30,33,9.09090909090909,3
"ATP5F1",3,0,21,24,12.5,3
"ATP5G2",3,1,9,13,23.0769230769231,4
"AUP1",3,0,18,21,14.2857142857143,3
"B3GNT2",3,1,13,17,17.6470588235294,4
"B4GALT3",3,0,5,8,37.5,3
"BAIAP2L2",3,0,10,13,23.0769230769231,3
"BAK1",3,0,8,11,27.2727272727273,3
"BAZ2B",3,0,12,15,20,3
"BCAN",3,1,17,21,14.2857142857143,4
"BCAT1",3,2,24,29,10.3448275862069,5
"BCKDHB",3,0,11,14,21.4285714285714,3
"BCL2",3,0,36,39,7.69230769230769,3
"BCL2L11",3,3,24,30,10,6
"BCL6B",3,0,13,16,18.75,3
"BIRC6",3,0,27,30,10,3
"BMP10",3,0,3,6,50,3
"BOLA3",3,0,31,34,8.82352941176471,3
"BOLA3-AS1",3,0,31,34,8.82352941176471,3
"BRD7",3,0,68,71,4.22535211267606,3
"BRPF1",3,0,37,40,7.5,3
"BTAF1",3,0,10,13,23.0769230769231,3
"C10orf25",3,1,19,23,13.0434782608696,4
"C12orf55",3,1,38,42,7.14285714285714,4
"C12orf65",3,0,25,28,10.7142857142857,3
"C14orf178",3,0,14,17,17.6470588235294,3
"C17orf97",3,0,36,39,7.69230769230769,3
"C19orf60",3,0,15,18,16.6666666666667,3
"C1orf109",3,0,27,30,10,3
"C1orf132",3,0,24,27,11.1111111111111,3
"C1orf145",3,1,11,15,20,4
"C1orf162",3,0,21,24,12.5,3
"C1orf194",3,0,26,29,10.3448275862069,3
"C1orf61",3,0,10,13,23.0769230769231,3
"C1QTNF2",3,0,15,18,16.6666666666667,3
"C2CD5",3,1,21,25,12,4
"C2orf47",3,1,45,49,6.12244897959184,4
"C4orf36",3,0,28,31,9.67741935483871,3
"C5orf54",3,0,21,24,12.5,3
"C6orf52",3,0,16,19,15.7894736842105,3
"C6orf62",3,0,24,27,11.1111111111111,3
"C7orf76",3,0,3,6,50,3
"C9orf139",3,0,7,10,30,3
"CA14",3,0,25,28,10.7142857142857,3
"CAHM",3,4,75,82,3.65853658536585,7
"CALM1",3,2,32,37,8.10810810810811,5
"CAMK1",3,0,17,20,15,3
"CAPN11",3,1,28,32,9.375,4
"CAPN7",3,1,13,17,17.6470588235294,4
"CASC3",3,0,15,18,16.6666666666667,3
"CBX1",3,0,11,14,21.4285714285714,3
"CCDC147",3,1,36,40,7.5,4
"CCDC147-AS1",3,1,36,40,7.5,4
"CCDC148-AS1",3,0,12,15,20,3
"CCDC174",3,0,28,31,9.67741935483871,3
"CCDC88A",3,1,27,31,9.67741935483871,4
"CCDC93",3,0,12,15,20,3
"CCL24",3,0,40,43,6.97674418604651,3
"CCNI2",3,0,4,7,42.8571428571429,3
"CCNYL1",3,0,12,15,20,3
"CCR1",3,0,23,26,11.5384615384615,3
"CCRL2",3,0,11,14,21.4285714285714,3
"CCT3",3,0,11,14,21.4285714285714,3
"CCT6B",3,1,17,21,14.2857142857143,4
"CD180",3,1,10,14,21.4285714285714,4
"CD27-AS1",3,0,11,14,21.4285714285714,3
"CD274",3,0,16,19,15.7894736842105,3
"CD2BP2",3,0,20,23,13.0434782608696,3
"CD4",3,1,16,20,15,4
"CD68",3,0,7,10,30,3
"CD9",3,0,24,27,11.1111111111111,3
"CDC6",3,1,29,33,9.09090909090909,4
"CDCA2",3,0,26,29,10.3448275862069,3
"CDCA8",3,0,27,30,10,3
"CDK6",3,0,22,25,12,3
"CDKN1A",3,0,8,11,27.2727272727273,3
"CDKN2D",3,0,18,21,14.2857142857143,3
"CDNF",3,0,35,38,7.89473684210526,3
"CDR2",3,2,30,35,8.57142857142857,5
"CEP70",3,0,48,51,5.88235294117647,3
"CEP76",3,0,24,27,11.1111111111111,3
"CHAC1",3,0,7,10,30,3
"CHCHD2",3,0,18,21,14.2857142857143,3
"CHCHD5",3,0,14,17,17.6470588235294,3
"CHD3",3,0,18,21,14.2857142857143,3
"CIC",3,0,22,25,12,3
"CKAP2L",3,0,17,20,15,3
"CLDN7",3,0,14,17,17.6470588235294,3
"CLK1",3,0,12,15,20,3
"CLP1",3,0,34,37,8.10810810810811,3
"CMPK1",3,0,2,5,60,3
"CNGB1",3,0,7,10,30,3
"CNIH4",3,1,31,35,8.57142857142857,4
"CNPPD1",3,0,19,22,13.6363636363636,3
"COL6A4P1",3,1,13,17,17.6470588235294,4
"COMMD2",3,0,19,22,13.6363636363636,3
"COX6A1P2",3,0,21,24,12.5,3
"CPN2",3,0,10,13,23.0769230769231,3
"CPSF2",3,1,29,33,9.09090909090909,4
"CREB1",3,0,19,22,13.6363636363636,3
"CREB3L4",3,0,22,25,12,3
"CRLF1",3,0,15,18,16.6666666666667,3
"CRNDE",3,0,19,22,13.6363636363636,3
"CRTC2",3,0,22,25,12,3
"CTA-134P22.2",3,0,10,13,23.0769230769231,3
"CTA-276O3.4",3,1,14,18,16.6666666666667,4
"CTC-308K20.1",3,0,10,13,23.0769230769231,3
"CTC-308K20.2",3,0,10,13,23.0769230769231,3
"CTC-321K16.1",3,2,14,19,15.7894736842105,5
"CTC-338M12.4",3,0,11,14,21.4285714285714,3
"CTC-432M15.3",3,0,10,13,23.0769230769231,3
"CTD-2105E13.15",3,0,10,13,23.0769230769231,3
"CTD-2105E13.6",3,0,4,7,42.8571428571429,3
"CTD-2203A3.1",3,0,5,8,37.5,3
"CTD-2545G14.7",3,0,15,18,16.6666666666667,3
"CTD-2555K7.2",3,0,22,25,12,3
"CTDNEP1",3,0,15,18,16.6666666666667,3
"CTSO",3,1,1,5,60,4
"CUL2",3,0,38,41,7.31707317073171,3
"CXCL2",3,0,19,22,13.6363636363636,3
"CXXC5",3,0,14,17,17.6470588235294,3
"CYB561D2",3,0,21,24,12.5,3
"CYLD",3,0,48,51,5.88235294117647,3
"CYP17A1",3,0,21,24,12.5,3
"CYR61",3,1,14,18,16.6666666666667,4
"DARC",3,0,10,13,23.0769230769231,3
"DARS",3,0,13,16,18.75,3
"DBX1",3,0,3,6,50,3
"DCAF17",3,0,0,3,100,3
"DCLK3",3,1,29,33,9.09090909090909,4
"DEDD2",3,0,22,25,12,3
"DENND3",3,0,48,51,5.88235294117647,3
"DENND4B",3,0,21,24,12.5,3
"DISP2",3,0,9,12,25,3
"DLGAP1-AS1",3,1,23,27,11.1111111111111,4
"DLL4",3,0,7,10,30,3
"DLX1",3,0,9,12,25,3
"DMKN",3,1,32,36,8.33333333333333,4
"DNAJB8",3,0,7,10,30,3
"DNAJC2",3,1,14,18,16.6666666666667,4
"DNAJC21",3,1,31,35,8.57142857142857,4
"DNAJC7",3,0,15,18,16.6666666666667,3
"DOCK4-AS1",3,0,7,10,30,3
"DPH6",3,0,8,11,27.2727272727273,3
"DPH6-AS1",3,0,8,11,27.2727272727273,3
"DPYD-AS2",3,0,4,7,42.8571428571429,3
"DSCR3",3,1,19,23,13.0434782608696,4
"DUSP1",3,1,16,20,15,4
"DUSP12",3,0,12,15,20,3
"DVL2",3,0,15,18,16.6666666666667,3
"DYNC1LI2",3,1,21,25,12,4
"EEF1B2",3,1,30,34,8.82352941176471,4
"EIF4A1",3,0,7,10,30,3
"ELP5",3,0,15,18,16.6666666666667,3
"EMILIN1",3,0,10,13,23.0769230769231,3
"EMR3",3,0,4,7,42.8571428571429,3
"ENG",3,0,5,8,37.5,3
"EPS8",3,2,23,28,10.7142857142857,5
"ERI3",3,0,17,20,15,3
"ETAA1",3,0,7,10,30,3
"ETV6",3,0,29,32,9.375,3
"F3",3,0,27,30,10,3
"FAM101A",3,2,43,48,6.25,5
"FAM105A",3,0,73,76,3.94736842105263,3
"FAM107B",3,0,18,21,14.2857142857143,3
"FAM114A1",3,0,0,3,100,3
"FAM131C",3,0,22,25,12,3
"FAM134A",3,0,19,22,13.6363636363636,3
"FAM219B",3,1,13,17,17.6470588235294,4
"FAM229B",3,1,14,18,16.6666666666667,4
"FAM71E2",3,0,4,7,42.8571428571429,3
"FARSB",3,2,11,16,18.75,5
"FBXL18",3,0,15,18,16.6666666666667,3
"FCER1A",3,0,4,7,42.8571428571429,3
"FCHSD2",3,0,13,16,18.75,3
"FGF1",3,0,11,14,21.4285714285714,3
"FHL3",3,0,12,15,20,3
"FIP1L1",3,0,9,12,25,3
"FIZ1",3,0,7,10,30,3
"FKRP",3,0,10,13,23.0769230769231,3
"FLJ20373",3,0,41,44,6.81818181818182,3
"FMNL2",3,1,52,56,5.35714285714286,4
"FNIP1",3,0,10,13,23.0769230769231,3
"FOSL2",3,1,34,38,7.89473684210526,4
"FPR1",3,0,15,18,16.6666666666667,3
"FPR2",3,0,15,18,16.6666666666667,3
"FRS3",3,0,23,26,11.5384615384615,3
"FSCN1",3,0,15,18,16.6666666666667,3
"FTL",3,0,18,21,14.2857142857143,3
"FTO",3,0,2,5,60,3
"FUS",3,0,38,41,7.31707317073171,3
"FYB",3,1,51,55,5.45454545454545,4
"FZD5",3,2,29,34,8.82352941176471,5
"GABARAP",3,0,15,18,16.6666666666667,3
"GALC",3,0,30,33,9.09090909090909,3
"GATA2",3,0,9,12,25,3
"GATAD2B",3,0,20,23,13.0434782608696,3
"GBP5",3,0,13,16,18.75,3
"GCC2",3,0,27,30,10,3
"GGCX",3,0,13,16,18.75,3
"GNB2L1",3,0,11,14,21.4285714285714,3
"GPATCH3",3,0,6,9,33.3333333333333,3
"GPN2",3,0,3,6,50,3
"GPR162",3,1,15,19,15.7894736842105,4
"GPR3",3,0,18,21,14.2857142857143,3
"GPR56",3,0,5,8,37.5,3
"GSAP",3,0,33,36,8.33333333333333,3
"GSG1L",3,0,41,44,6.81818181818182,3
"GTF2E2",3,0,24,27,11.1111111111111,3
"GTF3C6",3,0,21,24,12.5,3
"GUCY1A3",3,0,4,7,42.8571428571429,3
"GUCY1B3",3,1,8,12,25,4
"H2AFV",3,1,24,28,10.7142857142857,4
"HAL",3,0,3,6,50,3
"HAPLN4",3,0,21,24,12.5,3
"HCRT",3,0,22,25,12,3
"HEXIM2",3,0,12,15,20,3
"HIAT1",3,1,6,10,30,4
"HIST1H2AB",3,0,29,32,9.375,3
"HIST1H2AL",3,0,31,34,8.82352941176471,3
"HIST1H2AM",3,0,52,55,5.45454545454545,3
"HIST1H2BPS2",3,0,31,34,8.82352941176471,3
"HIST1H3J",3,0,52,55,5.45454545454545,3
"HIST1H4H",3,0,55,58,5.17241379310345,3
"HIST1H4K",3,0,60,63,4.76190476190476,3
"HIST1H4L",3,0,58,61,4.91803278688525,3
"HOXD11",3,0,16,19,15.7894736842105,3
"HOXD9",3,0,19,22,13.6363636363636,3
"HSPA14",3,0,35,38,7.89473684210526,3
"HSPBP1",3,0,23,26,11.5384615384615,3
"HTRA2",3,0,18,21,14.2857142857143,3
"HYDIN",3,5,63,71,4.22535211267606,8
"ICAM2",3,0,29,32,9.375,3
"IFRG15",3,0,11,14,21.4285714285714,3
"IFT27",3,0,31,34,8.82352941176471,3
"IFT43",3,0,9,12,25,3
"IGF1R",3,4,49,56,5.35714285714286,7
"IKZF4",3,0,5,8,37.5,3
"IL11",3,0,4,7,42.8571428571429,3
"IL19",3,0,17,20,15,3
"IL1A",3,1,22,26,11.5384615384615,4
"IL1F10",3,1,23,27,11.1111111111111,4
"IL21R",3,0,22,25,12,3
"ILF3",3,0,8,11,27.2727272727273,3
"ILF3-AS1",3,0,8,11,27.2727272727273,3
"ING4",3,1,20,24,12.5,4
"INHBE",3,1,15,19,15.7894736842105,4
"INPP5K",3,0,13,16,18.75,3
"IQCE",3,0,10,13,23.0769230769231,3
"IQGAP1",3,1,27,31,9.67741935483871,4
"IRF1",3,0,13,16,18.75,3
"IRGQ",3,0,11,14,21.4285714285714,3
"IRX5",3,0,19,22,13.6363636363636,3
"ISCA1P4",3,0,7,10,30,3
"ITPR1",3,0,26,29,10.3448275862069,3
"ITPR1-AS1",3,0,26,29,10.3448275862069,3
"JDP2",3,1,43,47,6.38297872340426,4
"JTB",3,0,19,22,13.6363636363636,3
"KB-1639H6.4",3,0,27,30,10,3
"KB-1980E6.2",3,0,12,15,20,3
"KBTBD8",3,2,28,33,9.09090909090909,5
"KCNH4",3,0,22,25,12,3
"KCNK17",3,0,12,15,20,3
"KCNK9",3,0,24,27,11.1111111111111,3
"KCTD11",3,0,25,28,10.7142857142857,3
"KCTD9",3,0,26,29,10.3448275862069,3
"KHK",3,0,10,13,23.0769230769231,3
"KIAA1324",3,0,26,29,10.3448275862069,3
"KIAA2013",3,0,7,10,30,3
"KLHDC9",3,0,16,19,15.7894736842105,3
"KLHL2",3,0,32,35,8.57142857142857,3
"KLHL21",3,0,9,12,25,3
"KLHL3",3,0,9,12,25,3
"KLHL6",3,0,17,20,15,3
"KRI1",3,0,9,12,25,3
"L34079.2",3,0,11,14,21.4285714285714,3
"LAMTOR1",3,0,15,18,16.6666666666667,3
"LAP3P2",3,0,8,11,27.2727272727273,3
"LEPRE1",3,0,14,17,17.6470588235294,3
"LEPREL2",3,1,15,19,15.7894736842105,4
"LETM2",3,0,47,50,6,3
"LFNG",3,1,13,17,17.6470588235294,4
"LIF",3,0,10,13,23.0769230769231,3
"LIG3",3,1,17,21,14.2857142857143,4
"LINC00112",3,0,12,15,20,3
"LINC00479",3,0,12,15,20,3
"LINC00842",3,0,32,35,8.57142857142857,3
"LINC00936",3,0,30,33,9.09090909090909,3
"LIX1L",3,0,25,28,10.7142857142857,3
"LMAN2",3,0,11,14,21.4285714285714,3
"LMF2",3,0,10,13,23.0769230769231,3
"LMOD3",3,0,18,21,14.2857142857143,3
"LNX1",3,0,7,10,30,3
"LRIG1",3,0,17,20,15,3
"LRRC4",3,1,21,25,12,4
"LRRC8C",3,2,26,31,9.67741935483871,5
"LRTOMT",3,0,18,21,14.2857142857143,3
"LTBP2",3,0,10,13,23.0769230769231,3
"LXN",3,0,16,19,15.7894736842105,3
"LYL1",3,1,8,12,25,4
"LYRM9",3,2,37,42,7.14285714285714,5
"MANBA",3,1,20,24,12.5,4
"MAP3K14-AS1",3,0,12,15,20,3
"MARCH3",3,2,52,57,5.26315789473684,5
"MARCH7",3,2,26,31,9.67741935483871,5
"MARCKS",3,3,27,33,9.09090909090909,6
"MARS",3,0,15,18,16.6666666666667,3
"MB",3,4,56,63,4.76190476190476,7
"MB21D2",3,1,21,25,12,4
"MDH2",3,0,24,27,11.1111111111111,3
"MEGF9",3,0,44,47,6.38297872340426,3
"MEIS1-AS3",3,2,18,23,13.0434782608696,5
"MESP1",3,0,31,34,8.82352941176471,3
"METTL17",3,0,21,24,12.5,3
"METTL20",3,0,21,24,12.5,3
"METTL8",3,0,0,3,100,3
"MFSD1",3,0,13,16,18.75,3
"MFSD9",3,0,12,15,20,3
"MGAT5",3,0,51,54,5.55555555555556,3
"MICAL3",3,0,31,34,8.82352941176471,3
"MICU1",3,1,11,15,20,4
"MIR1203",3,0,11,14,21.4285714285714,3
"MIR1290",3,0,16,19,15.7894736842105,3
"MIR1302",3,1,32,36,8.33333333333333,4
"MIR2278",3,0,8,11,27.2727272727273,3
"MIR2355",3,1,21,25,12,4
"MIR28",3,1,23,27,11.1111111111111,4
"MIR375",3,0,10,13,23.0769230769231,3
"MIR4687",3,0,19,22,13.6363636363636,3
"MIR548O",3,0,18,21,14.2857142857143,3
"MIR548Q",3,0,15,18,16.6666666666667,3
"MIR555",3,0,23,26,11.5384615384615,3
"MIR574",3,0,0,3,100,3
"MIR579",3,0,31,34,8.82352941176471,3
"MIR589",3,0,13,16,18.75,3
"MIR614",3,0,19,22,13.6363636363636,3
"MIR624",3,0,10,13,23.0769230769231,3
"MIR630",3,0,5,8,37.5,3
"MIR933",3,0,9,12,25,3
"MIR936",3,1,19,23,13.0434782608696,4
"MLC1",3,0,27,30,10,3
"MPHOSPH9",3,0,25,28,10.7142857142857,3
"MPP4",3,0,14,17,17.6470588235294,3
"MPZL1",3,0,32,35,8.57142857142857,3
"MRFAP1",3,0,18,21,14.2857142857143,3
"MRPL28",3,0,9,12,25,3
"MSI2",3,0,17,20,15,3
"MSL2",3,1,43,47,6.38297872340426,4
"MTFR2",3,0,5,8,37.5,3
"MTMR10",3,1,57,61,4.91803278688525,4
"MYO1C",3,0,8,11,27.2727272727273,3
"MYOC",3,0,3,6,50,3
"NAA38",3,2,13,18,16.6666666666667,5
"NADK2",3,0,4,7,42.8571428571429,3
"NADK2-AS1",3,0,1,4,75,3
"NCAPD2",3,0,12,15,20,3
"NCAPH",3,1,48,52,5.76923076923077,4
"NCAPH2",3,0,11,14,21.4285714285714,3
"NCR2",3,0,9,12,25,3
"NDUFB1",3,1,29,33,9.09090909090909,4
"NDUFS1",3,1,25,29,10.3448275862069,4
"NDUFS2",3,0,10,13,23.0769230769231,3
"NDUFV3",3,0,1,4,75,3
"NEMF",3,0,7,10,30,3
"NEUROG2",3,0,17,20,15,3
"NF2",3,0,2,5,60,3
"NFE2L2",3,0,32,35,8.57142857142857,3
"NHLRC1",3,1,32,36,8.33333333333333,4
"NIF3L1",3,0,23,26,11.5384615384615,3
"NIPBL",3,0,9,12,25,3
"NKIRAS2",3,0,15,18,16.6666666666667,3
"NLE1",3,2,10,15,20,5
"NMB",3,0,22,25,12,3
"NPR1",3,0,25,28,10.7142857142857,3
"NPRL2",3,0,21,24,12.5,3
"NSD1",3,0,13,16,18.75,3
"NSL1",3,0,8,11,27.2727272727273,3
"NSUN6",3,0,30,33,9.09090909090909,3
"NUDC",3,0,6,9,33.3333333333333,3
"NUDCD3",3,1,43,47,6.38297872340426,4
"NUMA1",3,0,26,29,10.3448275862069,3
"NUP98",3,0,20,23,13.0434782608696,3
"NXN",3,0,38,41,7.31707317073171,3
"OAZ2",3,0,22,25,12,3
"OR10J2P",3,0,4,7,42.8571428571429,3
"OR10J3",3,0,5,8,37.5,3
"OR2H2",3,3,5,11,27.2727272727273,6
"OR5A1",3,0,8,11,27.2727272727273,3
"OR5C1",3,0,7,10,30,3
"ORC2",3,0,15,18,16.6666666666667,3
"OSBPL3",3,0,35,38,7.89473684210526,3
"OSGIN2",3,0,30,33,9.09090909090909,3
"OTP",3,0,12,15,20,3
"OXA1L",3,0,22,25,12,3
"PAFAH1B3",3,0,22,25,12,3
"PAICS",3,0,14,17,17.6470588235294,3
"PAK1IP1",3,0,16,19,15.7894736842105,3
"PANX1",3,0,9,12,25,3
"PARP2",3,0,6,9,33.3333333333333,3
"PAXIP1-AS2",3,1,46,50,6,4
"PCDHB10",3,0,21,24,12.5,3
"PCDHB9",3,0,21,24,12.5,3
"PDE12",3,0,11,14,21.4285714285714,3
"PFN1P11",3,0,21,24,12.5,3
"PFN2",3,0,13,16,18.75,3
"PGAP2",3,0,17,20,15,3
"PHF13",3,0,9,12,25,3
"PHF23",3,0,15,18,16.6666666666667,3
"PHTF2",3,0,48,51,5.88235294117647,3
"PIK3C2B",3,0,16,19,15.7894736842105,3
"PIM3",3,0,6,9,33.3333333333333,3
"PINLYP",3,0,11,14,21.4285714285714,3
"PIP5KL1",3,0,7,10,30,3
"PKD2L1",3,0,13,16,18.75,3
"PLA2G6",3,0,14,17,17.6470588235294,3
"PLB1",3,0,13,16,18.75,3
"PLXNB2",3,0,15,18,16.6666666666667,3
"PMPCB",3,1,30,34,8.82352941176471,4
"PNP",3,0,27,30,10,3
"POGLUT1",3,0,19,22,13.6363636363636,3
"POLG2",3,0,27,30,10,3
"POU2F2",3,0,29,32,9.375,3
"PPAPDC1B",3,0,29,32,9.375,3
"PPAT",3,0,14,17,17.6470588235294,3
"PPBP",3,1,13,17,17.6470588235294,4
"PPFIBP1",3,0,7,10,30,3
"PPIL3",3,0,21,24,12.5,3
"PPOX",3,0,5,8,37.5,3
"PPP1R11",3,0,32,35,8.57142857142857,3
"PPP1R3C",3,0,16,19,15.7894736842105,3
"PPP4C",3,0,10,13,23.0769230769231,3
"PPP6R1",3,0,23,26,11.5384615384615,3
"PRDM1",3,1,60,64,4.6875,4
"PRDM13",3,0,3,6,50,3
"PRELID1",3,0,27,30,10,3
"PRICKLE4",3,0,20,23,13.0434782608696,3
"PRKRIP1",3,0,18,21,14.2857142857143,3
"PRMT3",3,0,5,8,37.5,3
"PRR19",3,0,22,25,12,3
"PSMC2",3,1,14,18,16.6666666666667,4
"PSMC3IP",3,0,20,23,13.0434782608696,3
"PSMC6",3,1,6,10,30,4
"PSMD12",3,0,23,26,11.5384615384615,3
"PTGES3P4",3,0,21,24,12.5,3
"PTGS1",3,0,5,8,37.5,3
"PTPN1",3,0,19,22,13.6363636363636,3
"PTPN12",3,1,55,59,5.08474576271187,4
"PXN",3,0,19,22,13.6363636363636,3
"QKI",3,4,75,82,3.65853658536585,7
"RAB24",3,0,27,30,10,3
"RAB35",3,0,12,15,20,3
"RAB43",3,0,19,22,13.6363636363636,3
"RAD50",3,0,10,13,23.0769230769231,3
"RAG1",3,1,8,12,25,4
"RARRES1",3,0,13,16,18.75,3
"RASA1",3,0,56,59,5.08474576271187,3
"RASL11A",3,1,11,15,20,4
"RBM19",3,0,34,37,8.10810810810811,3
"RBPMS",3,0,24,27,11.1111111111111,3
"RBPMS-AS1",3,0,24,27,11.1111111111111,3
"RGS14",3,0,11,14,21.4285714285714,3
"RHBG",3,0,11,14,21.4285714285714,3
"RN7SKP107",3,0,9,12,25,3
"RN7SL251P",3,0,13,16,18.75,3
"RN7SL3",3,0,7,10,30,3
"RNA5SP203",3,0,6,9,33.3333333333333,3
"RNASE1",3,0,36,39,7.69230769230769,3
"RNU4",3,0,8,11,27.2727272727273,3
"RNU4-20P",3,2,17,22,13.6363636363636,5
"RNU4-21P",3,0,2,5,60,3
"RNU6-1007P",3,1,26,30,10,4
"RNU6-1051P",3,0,31,34,8.82352941176471,3
"RNU6-1143P",3,1,22,26,11.5384615384615,4
"RNU6-1177P",3,3,8,14,21.4285714285714,6
"RNU6-1305P",3,0,3,6,50,3
"RNU6-157P",3,0,1,4,75,3
"RNU6-312P",3,0,21,24,12.5,3
"RNU6-369P",3,0,25,28,10.7142857142857,3
"RNU6-428P",3,6,18,27,11.1111111111111,9
"RNU6-471P",3,1,7,11,27.2727272727273,4
"RNU6-501P",3,0,11,14,21.4285714285714,3
"RNU6-532P",3,0,2,5,60,3
"RNU6-588P",3,0,16,19,15.7894736842105,3
"RNU6-63P",3,0,9,12,25,3
"RNU6-651P",3,0,7,10,30,3
"RNU6-653P",3,0,15,18,16.6666666666667,3
"RNU6-665P",3,0,18,21,14.2857142857143,3
"RNU6-709P",3,0,26,29,10.3448275862069,3
"RNU6-762P",3,0,18,21,14.2857142857143,3
"RNU6-787P",3,0,5,8,37.5,3
"RNU6-792P",3,0,8,11,27.2727272727273,3
"RNU6-883P",3,0,8,11,27.2727272727273,3
"RNU6-906P",3,0,7,10,30,3
"RNU6-925P",3,0,30,33,9.09090909090909,3
"RNU6ATAC38P",3,2,22,27,11.1111111111111,5
"RNU7-14P",3,0,32,35,8.57142857142857,3
"RNU7-169P",3,0,22,25,12,3
"RNU7-26P",3,1,32,36,8.33333333333333,4
"RNU7-50P",3,0,25,28,10.7142857142857,3
"RNU7-64P",3,0,13,16,18.75,3
"RP1-102K2.8",3,0,10,13,23.0769230769231,3
"RP1-111D6.2",3,0,39,42,7.14285714285714,3
"RP1-144C9.2",3,0,18,21,14.2857142857143,3
"RP1-240K6.3",3,2,21,26,11.5384615384615,5
"RP1-261D10.2",3,2,55,60,5,5
"RP1-261G23.7",3,1,33,37,8.10810810810811,4
"RP1-43E13.2",3,0,38,41,7.31707317073171,3
"RP1-4G17.5",3,0,14,17,17.6470588235294,3
"RP1-50O24.6",3,0,12,15,20,3
"RP1-66C13.4",3,2,37,42,7.14285714285714,5
"RP11-102M11.2",3,2,56,61,4.91803278688525,5
"RP11-1042B17.5",3,1,22,26,11.5384615384615,4
"RP11-1275H24.1",3,0,11,14,21.4285714285714,3
"RP11-1275H24.2",3,0,11,14,21.4285714285714,3
"RP11-1275H24.3",3,0,11,14,21.4285714285714,3
"RP11-12M5.3",3,0,5,8,37.5,3
"RP11-180M15.4",3,0,17,20,15,3
"RP11-199F11.2",3,0,11,14,21.4285714285714,3
"RP11-203J24.9",3,0,7,10,30,3
"RP11-203M5.2",3,0,6,9,33.3333333333333,3
"RP11-21B23.1",3,0,68,71,4.22535211267606,3
"RP11-21M24.2",3,2,30,35,8.57142857142857,5
"RP11-24F11.2",3,0,11,14,21.4285714285714,3
"RP11-254B13.4",3,0,30,33,9.09090909090909,3
"RP11-293M10.1",3,1,43,47,6.38297872340426,4
"RP11-293M10.4",3,0,20,23,13.0434782608696,3
"RP11-293M10.5",3,0,20,23,13.0434782608696,3
"RP11-293M10.6",3,1,43,47,6.38297872340426,4
"RP11-298I3.4",3,0,9,12,25,3
"RP11-298I3.5",3,0,9,12,25,3
"RP11-302M6.4",3,2,26,31,9.67741935483871,5
"RP11-327F22.1",3,0,48,51,5.88235294117647,3
"RP11-347C12.10",3,0,20,23,13.0434782608696,3
"RP11-363D14.1",3,0,20,23,13.0434782608696,3
"RP11-373D23.2",3,1,34,38,7.89473684210526,4
"RP11-379F4.4",3,0,13,16,18.75,3
"RP11-382J12.1",3,0,22,25,12,3
"RP11-388M20.6",3,0,38,41,7.31707317073171,3
"RP11-393M11.2",3,0,16,19,15.7894736842105,3
"RP11-398C13.6",3,0,37,40,7.5,3
"RP11-402J6.1",3,0,17,20,15,3
"RP11-421M1.8",3,0,6,9,33.3333333333333,3
"RP11-422P24.11",3,0,19,22,13.6363636363636,3
"RP11-431M7.3",3,0,41,44,6.81818181818182,3
"RP11-496B10.3",3,0,30,33,9.09090909090909,3
"RP11-498E2.9",3,0,5,8,37.5,3
"RP11-533E19.7",3,0,5,8,37.5,3
"RP11-57H14.2",3,0,47,50,6,3
"RP11-603J24.4",3,0,18,21,14.2857142857143,3
"RP11-603J24.6",3,0,24,27,11.1111111111111,3
"RP11-61A14.4",3,1,21,25,12,4
"RP11-637O19.3",3,0,6,9,33.3333333333333,3
"RP11-646I6.5",3,0,18,21,14.2857142857143,3
"RP11-651P23.5",3,0,12,15,20,3
"RP11-662I13.2",3,0,16,19,15.7894736842105,3
"RP11-66D17.5",3,1,30,34,8.82352941176471,4
"RP11-67L3.2",3,0,8,11,27.2727272727273,3
"RP11-689B22.2",3,1,25,29,10.3448275862069,4
"RP11-700H6.1",3,0,23,26,11.5384615384615,3
"RP11-700H6.2",3,0,23,26,11.5384615384615,3
"RP11-712B9.2",3,0,25,28,10.7142857142857,3
"RP11-715G15.1",3,1,13,17,17.6470588235294,4
"RP11-74C1.4",3,1,41,45,6.66666666666667,4
"RP11-755B10.2",3,0,6,9,33.3333333333333,3
"RP11-761I4.3",3,0,6,9,33.3333333333333,3
"RP11-7N14.1",3,0,28,31,9.67741935483871,3
"RP11-809O17.1",3,0,37,40,7.5,3
"RP11-829H16.5",3,0,10,13,23.0769230769231,3
"RP11-84C10.1",3,0,21,24,12.5,3
"RP11-90L20.2",3,0,11,14,21.4285714285714,3
"RP11-90P5.7",3,0,44,47,6.38297872340426,3
"RP11-96L14.7",3,0,27,30,10,3
"RP11-977G19.5",3,0,30,33,9.09090909090909,3
"RP13-890H12.2",3,0,12,15,20,3
"RP4-668G5.1",3,0,10,13,23.0769230769231,3
"RP4-753D10.3",3,2,38,43,6.97674418604651,5
"RP4-753D10.5",3,2,38,43,6.97674418604651,5
"RP4-790G17.7",3,0,25,28,10.7142857142857,3
"RP4-800F24.1",3,0,17,20,15,3
"RP5-1007M22.2",3,2,26,31,9.67741935483871,5
"RP5-899E9.1",3,0,33,36,8.33333333333333,3
"RPA3",3,2,14,19,15.7894736842105,5
"RPA3-AS1",3,2,14,19,15.7894736842105,5
"RPF2",3,0,12,15,20,3
"RPGRIP1L",3,0,2,5,60,3
"RPIA",3,0,23,26,11.5384615384615,3
"RPL26L1",3,0,10,13,23.0769230769231,3
"RPL34",3,1,19,23,13.0434782608696,4
"RPL34-AS1",3,1,19,23,13.0434782608696,4
"RPP25",3,0,7,10,30,3
"RPPH1",3,0,6,9,33.3333333333333,3
"RPS26",3,0,18,21,14.2857142857143,3
"RPUSD3",3,0,17,20,15,3
"RRAGA",3,0,5,8,37.5,3
"RRBP1",3,2,33,38,7.89473684210526,5
"RRM2",3,0,27,30,10,3
"RWDD2B",3,1,29,33,9.09090909090909,4
"SCAMP5",3,0,10,13,23.0769230769231,3
"SCARNA10",3,0,10,13,23.0769230769231,3
"SCARNA21",3,0,16,19,15.7894736842105,3
"SCFD2",3,0,9,12,25,3
"SDHB",3,0,28,31,9.67741935483871,3
"SDHC",3,0,7,10,30,3
"SELPLG",3,1,25,29,10.3448275862069,4
"SERINC5",3,0,11,14,21.4285714285714,3
"SERPING1",3,0,11,14,21.4285714285714,3
"SERTAD2",3,1,23,27,11.1111111111111,4
"SESTD1",3,0,24,27,11.1111111111111,3
"SFN",3,0,8,11,27.2727272727273,3
"SHFM1",3,0,9,12,25,3
"SIPA1L1",3,2,55,60,5,5
"SIX1",3,1,20,24,12.5,4
"SIX4",3,1,17,21,14.2857142857143,4
"SKAP1",3,0,12,15,20,3
"SLC16A7",3,2,12,17,17.6470588235294,5
"SLC25A48",3,0,6,9,33.3333333333333,3
"SLC25A51",3,0,53,56,5.35714285714286,3
"SLC28A1",3,1,13,17,17.6470588235294,4
"SLC43A1",3,0,33,36,8.33333333333333,3
"SLC9A9-AS1",3,1,27,31,9.67741935483871,4
"SLK",3,1,35,39,7.69230769230769,4
"SMAD6",3,0,14,17,17.6470588235294,3
"SMAD7",3,0,36,39,7.69230769230769,3
"SMARCC2",3,0,30,33,9.09090909090909,3
"SMNDC1",3,3,99,105,2.85714285714286,6
"SNAPC1",3,1,37,41,7.31707317073171,4
"SNORA25.6",3,1,17,21,14.2857142857143,4
"SNORA48",3,0,7,10,30,3
"SNORA53",3,1,20,24,12.5,4
"SNORA67",3,0,7,10,30,3
"SNORA70G",3,0,30,33,9.09090909090909,3
"SNORD10",3,0,7,10,30,3
"SNORD112.2",3,5,63,71,4.22535211267606,8
"SNORD112.40",3,0,22,25,12,3
"snoU13.10",3,2,16,21,14.2857142857143,5
"snoU13.114",3,0,25,28,10.7142857142857,3
"snoU13.124",3,0,28,31,9.67741935483871,3
"snoU13.146",3,0,25,28,10.7142857142857,3
"snoU13.191",3,1,26,30,10,4
"snoU13.233",3,0,15,18,16.6666666666667,3
"snoU13.238",3,0,21,24,12.5,3
"snoU13.272",3,1,26,30,10,4
"snoU13.399",3,1,11,15,20,4
"snoU13.419",3,0,17,20,15,3
"snoU13.75",3,0,27,30,10,3
"snoU13.77",3,1,44,48,6.25,4
"snoU13.95",3,0,11,14,21.4285714285714,3
"SNRPGP7",3,0,13,16,18.75,3
"SNW1",3,0,14,17,17.6470588235294,3
"SNX11",3,0,11,14,21.4285714285714,3
"SOWAHA",3,0,16,19,15.7894736842105,3
"SPATA32",3,0,12,15,20,3
"SPDYE4",3,2,32,37,8.10810810810811,5
"SPIRE1",3,0,22,25,12,3
"SPZ1",3,0,4,7,42.8571428571429,3
"SRCAP",3,0,30,33,9.09090909090909,3
"SRFBP1",3,0,16,19,15.7894736842105,3
"SRP14",3,0,19,22,13.6363636363636,3
"SRP14-AS1",3,0,19,22,13.6363636363636,3
"SRP72",3,0,16,19,15.7894736842105,3
"SRRM5",3,0,11,14,21.4285714285714,3
"SSBP3-AS1",3,0,17,20,15,3
"SSR3",3,1,32,36,8.33333333333333,4
"ST6GALNAC4",3,0,7,10,30,3
"ST6GALNAC6",3,0,7,10,30,3
"STAG1",3,2,56,61,4.91803278688525,5
"STAMBP",3,0,42,45,6.66666666666667,3
"STARD5",3,0,6,9,33.3333333333333,3
"STIM1",3,0,19,22,13.6363636363636,3
"STIM2",3,1,11,15,20,4
"STON2",3,0,29,32,9.375,3
"STRN4",3,0,11,14,21.4285714285714,3
"STXBP5",3,0,23,26,11.5384615384615,3
"STXBP5-AS1",3,0,23,26,11.5384615384615,3
"STYXL1",3,0,24,27,11.1111111111111,3
"SUFU",3,0,14,17,17.6470588235294,3
"SUOX",3,0,8,11,27.2727272727273,3
"SUPT4H1",3,0,6,9,33.3333333333333,3
"SUV39H2",3,0,37,40,7.5,3
"SWT1",3,1,10,14,21.4285714285714,4
"SYCP2L",3,0,7,10,30,3
"SYT15",3,0,47,50,6,3
"TADA3",3,0,25,28,10.7142857142857,3
"TAPBPL",3,0,11,14,21.4285714285714,3
"TATDN3",3,0,8,11,27.2727272727273,3
"TCF7L2",3,0,47,50,6,3
"TEDDM1",3,0,30,33,9.09090909090909,3
"TFEC",3,1,18,22,13.6363636363636,4
"TGFB3",3,0,7,10,30,3
"THNSL2",3,0,17,20,15,3
"TIMM10B",3,0,20,23,13.0434782608696,3
"TIPARP",3,0,34,37,8.10810810810811,3
"TIPARP-AS1",3,0,34,37,8.10810810810811,3
"TLR10",3,0,19,22,13.6363636363636,3
"TM6SF2",3,0,22,25,12,3
"TMED10",3,1,52,56,5.35714285714286,4
"TMEM114",3,0,51,54,5.55555555555556,3
"TMEM115",3,0,10,13,23.0769230769231,3
"TMEM14B",3,0,6,9,33.3333333333333,3
"TMEM182",3,0,12,15,20,3
"TMEM190",3,0,10,13,23.0769230769231,3
"TMEM192",3,0,32,35,8.57142857142857,3
"TMEM237",3,0,8,11,27.2727272727273,3
"TMEM245",3,0,23,26,11.5384615384615,3
"TMEM39A",3,0,19,22,13.6363636363636,3
"TMEM60",3,0,48,51,5.88235294117647,3
"TMEM78",3,0,25,28,10.7142857142857,3
"TNRC18",3,0,13,16,18.75,3
"TOR1AIP1",3,0,5,8,37.5,3
"TOR1AIP2",3,0,8,11,27.2727272727273,3
"TRAF6",3,1,8,12,25,4
"TRAM1",3,0,22,25,12,3
"TRAPPC3L",3,1,38,42,7.14285714285714,4
"TRMT1",3,1,8,12,25,4
"TRMT13",3,2,10,15,20,5
"TRMT1L",3,1,10,14,21.4285714285714,4
"TSACC",3,0,3,6,50,3
"TSC22D1",3,0,34,37,8.10810810810811,3
"TSPAN3",3,1,14,18,16.6666666666667,4
"TTC14",3,0,30,33,9.09090909090909,3
"TTC22",3,0,9,12,25,3
"TTC4",3,0,7,10,30,3
"TTLL11",3,0,14,17,17.6470588235294,3
"TTYH3",3,0,22,25,12,3
"TUBE1",3,1,14,18,16.6666666666667,4
"TUFT1",3,1,42,46,6.52173913043478,4
"TYW5",3,1,45,49,6.12244897959184,4
"U3.87",3,0,31,34,8.82352941176471,3
"UBE2C",3,0,13,16,18.75,3
"UBE2Q1",3,0,45,48,6.25,3
"UBP1",3,2,41,46,6.52173913043478,5
"UBR4",3,0,38,41,7.31707317073171,3
"UBR5",3,0,12,15,20,3
"USP12-AS1",3,1,9,13,23.0769230769231,4
"USP48",3,0,23,26,11.5384615384615,3
"USP54",3,0,12,15,20,3
"UST",3,0,19,22,13.6363636363636,3
"UTP11L",3,0,12,15,20,3
"UTP3",3,0,29,32,9.375,3
"VAMP8",3,0,13,16,18.75,3
"VAV3",3,1,28,32,9.375,4
"VAV3-AS1",3,1,28,32,9.375,4
"VCAM1",3,0,3,6,50,3
"VEGFA",3,1,33,37,8.10810810810811,4
"VIMP",3,1,43,47,6.38297872340426,4
"VPS18",3,0,9,12,25,3
"VRK2",3,0,16,19,15.7894736842105,3
"WBP1",3,0,17,20,15,3
"WDR31",3,0,7,10,30,3
"WDR4",3,0,1,4,75,3
"WDR73",3,0,22,25,12,3
"WDR77",3,0,21,24,12.5,3
"WRAP53",3,0,15,18,16.6666666666667,3
"XRCC1",3,0,11,14,21.4285714285714,3
"XXcos-LUCA11.5",3,0,15,18,16.6666666666667,3
"XXYLT1-AS1",3,0,34,37,8.10810810810811,3
"Y_RNA.379",3,0,14,17,17.6470588235294,3
"Y_RNA.592",3,0,14,17,17.6470588235294,3
"Y_RNA.734",3,0,8,11,27.2727272727273,3
"YAE1D1",3,0,12,15,20,3
"YEATS2",3,0,14,17,17.6470588235294,3
"YPEL4",3,0,34,37,8.10810810810811,3
"ZC2HC1C",3,0,20,23,13.0434782608696,3
"ZDHHC5",3,0,33,36,8.33333333333333,3
"ZEB1",3,0,14,17,17.6470588235294,3
"ZEB1-AS1",3,0,14,17,17.6470588235294,3
"ZEB2",3,0,24,27,11.1111111111111,3
"ZFAND4",3,2,23,28,10.7142857142857,5
"ZFR",3,0,39,42,7.14285714285714,3
"ZNF22",3,1,19,23,13.0434782608696,4
"ZNF333",3,0,3,6,50,3
"ZNF524",3,0,7,10,30,3
"ZNF526",3,0,22,25,12,3
"ZNF575",3,0,15,18,16.6666666666667,3
"ZNF576",3,0,11,14,21.4285714285714,3
"ZNF593",3,0,27,30,10,3
"ZNF609",3,0,7,10,30,3
"ZNF646",3,0,34,37,8.10810810810811,3
"ZNF689",3,0,18,21,14.2857142857143,3
"ZSCAN16",3,0,24,27,11.1111111111111,3
"A2ML1",2,0,6,8,25,2
"A2ML1-AS1",2,0,7,9,22.2222222222222,2
"A2ML1-AS2",2,0,6,8,25,2
"ABCB9",2,0,6,8,25,2
"ABCC1",2,1,16,19,10.5263157894737,3
"ABCC11",2,0,9,11,18.1818181818182,2
"ABCD3",2,2,9,13,15.3846153846154,4
"ABCF1",2,0,14,16,12.5,2
"ABLIM1",2,0,12,14,14.2857142857143,2
"ABT1",2,0,34,36,5.55555555555556,2
"AC002310.7",2,0,12,14,14.2857142857143,2
"AC003075.4",2,2,26,30,6.66666666666667,4
"AC004069.1",2,0,21,23,8.69565217391304,2
"AC004706.1",2,0,9,11,18.1818181818182,2
"AC005037.1",2,1,8,11,18.1818181818182,3
"AC005037.2",2,1,8,11,18.1818181818182,3
"AC005215.1",2,0,19,21,9.52380952380952,2
"AC005609.1",2,0,15,17,11.7647058823529,2
"AC005776.1",2,0,5,7,28.5714285714286,2
"AC006369.2",2,0,5,7,28.5714285714286,2
"AC006486.1",2,0,25,27,7.40740740740741,2
"AC007096.1",2,0,5,7,28.5714285714286,2
"AC007163.6",2,1,19,22,9.09090909090909,3
"AC007401.2",2,0,14,16,12.5,2
"AC007405.8",2,0,16,18,11.1111111111111,2
"AC007556.3",2,1,4,7,28.5714285714286,3
"AC007750.5",2,0,5,7,28.5714285714286,2
"AC008697.1",2,0,10,12,16.6666666666667,2
"AC008949.1",2,0,12,14,14.2857142857143,2
"AC009061.1",2,0,9,11,18.1818181818182,2
"AC009120.4",2,1,68,71,2.8169014084507,3
"AC009303.1",2,0,9,11,18.1818181818182,2
"AC009336.1",2,0,12,14,14.2857142857143,2
"AC009677.1",2,1,25,28,7.14285714285714,3
"AC009950.2",2,0,16,18,11.1111111111111,2
"AC009970.1",2,0,1,3,66.6666666666667,2
"AC010247.1",2,0,19,21,9.52380952380952,2
"AC010376.1",2,0,5,7,28.5714285714286,2
"AC010761.14",2,0,21,23,8.69565217391304,2
"AC011465.1",2,0,14,16,12.5,2
"AC011475.1",2,0,2,4,50,2
"AC012487.2",2,0,14,16,12.5,2
"AC012613.2",2,0,8,10,20,2
"AC013283.1",2,0,13,15,13.3333333333333,2
"AC013436.6",2,1,21,24,8.33333333333333,3
"AC016712.1",2,2,14,18,11.1111111111111,4
"AC017006.2",2,0,27,29,6.89655172413793,2
"AC017076.5",2,0,15,17,11.7647058823529,2
"AC017083.3",2,1,15,18,11.1111111111111,3
"AC017104.2",2,0,32,34,5.88235294117647,2
"AC019100.3",2,0,9,11,18.1818181818182,2
"AC019181.3",2,0,1,3,66.6666666666667,2
"AC026954.6",2,0,10,12,16.6666666666667,2
"AC026956.1",2,0,14,16,12.5,2
"AC034243.1",2,0,16,18,11.1111111111111,2
"AC064874.1",2,0,9,11,18.1818181818182,2
"AC074323.1",2,1,7,10,20,3
"AC079080.1",2,1,31,34,5.88235294117647,3
"AC079305.10",2,0,31,33,6.06060606060606,2
"AC079305.8",2,0,11,13,15.3846153846154,2
"AC079467.1",2,0,3,5,40,2
"AC079807.2",2,0,26,28,7.14285714285714,2
"AC080032.1",2,1,9,12,16.6666666666667,3
"AC080037.1",2,0,12,14,14.2857142857143,2
"AC084219.4",2,2,43,47,4.25531914893617,4
"AC087069.1",2,0,1,3,66.6666666666667,2
"AC091132.2",2,0,9,11,18.1818181818182,2
"AC092964.1",2,0,9,11,18.1818181818182,2
"AC093162.1",2,1,8,11,18.1818181818182,3
"AC096649.4",2,0,2,4,50,2
"AC096664.3",2,0,14,16,12.5,2
"AC099539.1",2,0,1,3,66.6666666666667,2
"AC104623.2",2,0,20,22,9.09090909090909,2
"AC104781.1",2,0,0,2,100,2
"AC105053.4",2,0,11,13,15.3846153846154,2
"AC105247.1",2,0,33,35,5.71428571428571,2
"AC105760.3",2,0,29,31,6.45161290322581,2
"AC110769.1",2,0,7,9,22.2222222222222,2
"AC114760.1",2,0,2,4,50,2
"AC116366.5",2,0,9,11,18.1818181818182,2
"AC120194.1",2,0,7,9,22.2222222222222,2
"ACAD8",2,1,29,32,6.25,3
"ACADSB",2,0,7,9,22.2222222222222,2
"ACADVL",2,0,11,13,15.3846153846154,2
"ACD",2,0,26,28,7.14285714285714,2
"ACOT13",2,0,9,11,18.1818181818182,2
"ACOX2",2,0,13,15,13.3333333333333,2
"ACP2",2,0,0,2,100,2
"ACP6",2,1,22,25,8,3
"ACSL1",2,0,20,22,9.09090909090909,2
"ACTA1",2,0,4,6,33.3333333333333,2
"ACTN1",2,0,6,8,25,2
"ACTN1-AS1",2,0,6,8,25,2
"ACTR3",2,2,30,34,5.88235294117647,4
"ACTR3B",2,1,20,23,8.69565217391304,3
"ACVR1",2,1,14,17,11.7647058823529,3
"ADA",2,0,2,4,50,2
"ADAD2",2,0,20,22,9.09090909090909,2
"ADAM10",2,0,52,54,3.7037037037037,2
"ADAM9",2,0,12,14,14.2857142857143,2
"ADAMTSL4",2,0,26,28,7.14285714285714,2
"ADAMTSL4-AS1",2,0,26,28,7.14285714285714,2
"ADAR",2,0,12,14,14.2857142857143,2
"ADHFE1",2,1,33,36,5.55555555555556,3
"ADIPOQ",2,0,18,20,10,2
"ADPRH",2,0,9,11,18.1818181818182,2
"ADPRHL2",2,0,10,12,16.6666666666667,2
"AF131215.3",2,0,2,4,50,2
"AF131215.5",2,0,2,4,50,2
"AF131215.6",2,0,0,2,100,2
"AF213884.2",2,0,14,16,12.5,2
"AF213884.3",2,0,11,13,15.3846153846154,2
"AGAP3",2,0,15,17,11.7647058823529,2
"AGBL3",2,0,16,18,11.1111111111111,2
"AGPAT9",2,0,2,4,50,2
"AHCTF1",2,0,19,21,9.52380952380952,2
"AHCYL1",2,0,13,15,13.3333333333333,2
"AHDC1",2,0,16,18,11.1111111111111,2
"AHR",2,2,26,30,6.66666666666667,4
"AHSA1",2,0,16,18,11.1111111111111,2
"AIM2",2,0,4,6,33.3333333333333,2
"AKAP10",2,1,30,33,6.06060606060606,3
"AKIRIN2",2,0,16,18,11.1111111111111,2
"AL022328.1",2,0,4,6,33.3333333333333,2
"AL078585.1",2,0,13,15,13.3333333333333,2
"AL079342.1",2,0,14,16,12.5,2
"AL096677.1",2,0,26,28,7.14285714285714,2
"AL121588.1",2,1,13,16,12.5,3
"AL135998.1",2,0,20,22,9.09090909090909,2
"AL137118.1",2,1,4,7,28.5714285714286,3
"AL139815.1",2,0,7,9,22.2222222222222,2
"AL158151.2",2,0,5,7,28.5714285714286,2
"AL162431.1",2,0,8,10,20,2
"AL162458.1",2,1,14,17,11.7647058823529,3
"AL356356.1",2,0,26,28,7.14285714285714,2
"AL357673.1",2,0,10,12,16.6666666666667,2
"AL513123.1",2,1,5,8,25,3
"AL513185.1",2,0,10,12,16.6666666666667,2
"AL590113.1",2,0,2,4,50,2
"AL590403.1",2,0,7,9,22.2222222222222,2
"ALCAM",2,0,16,18,11.1111111111111,2
"ALG8",2,0,5,7,28.5714285714286,2
"ALKBH1",2,0,15,17,11.7647058823529,2
"ALOX15B",2,0,19,21,9.52380952380952,2
"ALOX5",2,0,17,19,10.5263157894737,2
"AMDHD1",2,0,5,7,28.5714285714286,2
"AMHR2",2,0,20,22,9.09090909090909,2
"ANGEL2",2,0,3,5,40,2
"ANKRD32",2,0,1,3,66.6666666666667,2
"ANKRD49",2,0,17,19,10.5263157894737,2
"ANKRD63",2,0,22,24,8.33333333333333,2
"ANP32D",2,1,9,12,16.6666666666667,3
"ANXA4",2,0,11,13,15.3846153846154,2
"AP000230.1",2,1,27,30,6.66666666666667,3
"AP000640.2",2,0,13,15,13.3333333333333,2
"AP000692.10",2,0,9,11,18.1818181818182,2
"AP000697.6",2,0,5,7,28.5714285714286,2
"AP000908.1",2,0,24,26,7.69230769230769,2
"AP000936.4",2,0,38,40,5,2
"AP001362.1",2,0,2,4,50,2
"AP001623.1",2,0,1,3,66.6666666666667,2
"AP001630.5",2,0,1,3,66.6666666666667,2
"AP002490.1",2,0,9,11,18.1818181818182,2
"AP003041.2",2,1,35,38,5.26315789473684,3
"AP006216.10",2,0,28,30,6.66666666666667,2
"AP006216.11",2,0,28,30,6.66666666666667,2
"AP3S2",2,0,9,11,18.1818181818182,2
"AP5Z1",2,0,12,14,14.2857142857143,2
"APBB1",2,0,24,26,7.69230769230769,2
"APBB1IP",2,1,10,13,15.3846153846154,3
"APCS",2,0,7,9,22.2222222222222,2
"APEX1",2,0,37,39,5.12820512820513,2
"APLP2",2,1,35,38,5.26315789473684,3
"APOA1",2,0,8,10,20,2
"APOA5",2,0,25,27,7.40740740740741,2
"APOBEC3B-AS1",2,0,9,11,18.1818181818182,2
"APP",2,1,27,30,6.66666666666667,3
"AQP6",2,0,11,13,15.3846153846154,2
"ARAP3",2,0,17,19,10.5263157894737,2
"ARF4",2,0,9,11,18.1818181818182,2
"ARF5",2,0,10,12,16.6666666666667,2
"ARF6",2,1,15,18,11.1111111111111,3
"ARFGAP2",2,0,18,20,10,2
"ARHGAP18",2,0,18,20,10,2
"ARHGAP25",2,0,1,3,66.6666666666667,2
"ARHGAP27",2,0,9,11,18.1818181818182,2
"ARHGAP30",2,0,3,5,40,2
"ARHGAP31",2,0,7,9,22.2222222222222,2
"ARHGAP5",2,1,12,15,13.3333333333333,3
"ARHGAP5-AS1",2,1,12,15,13.3333333333333,3
"ARHGAP9",2,0,12,14,14.2857142857143,2
"ARHGEF12",2,1,8,11,18.1818181818182,3
"ARHGEF37",2,0,8,10,20,2
"ARID1A",2,0,13,15,13.3333333333333,2
"ARID2",2,1,24,27,7.40740740740741,3
"ARID5B",2,1,17,20,10,3
"ARMC12",2,0,9,11,18.1818181818182,2
"AS3MT",2,0,13,15,13.3333333333333,2
"ASB13",2,0,9,11,18.1818181818182,2
"ASCC2",2,1,4,7,28.5714285714286,3
"ASIC1",2,0,5,7,28.5714285714286,2
"ASUN",2,0,2,4,50,2
"ATAD1",2,0,13,15,13.3333333333333,2
"ATF7",2,1,4,7,28.5714285714286,3
"ATG13",2,0,19,21,9.52380952380952,2
"ATG16L1",2,0,32,34,5.88235294117647,2
"ATG3",2,0,20,22,9.09090909090909,2
"ATP11A",2,1,12,15,13.3333333333333,3
"ATP11B",2,0,15,17,11.7647058823529,2
"ATP13A4",2,2,33,37,5.40540540540541,4
"ATP1B3",2,0,15,17,11.7647058823529,2
"ATP4A",2,0,12,14,14.2857142857143,2
"ATP6V0D1",2,0,9,11,18.1818181818182,2
"ATP6V1H",2,1,23,26,7.69230769230769,3
"ATPAF1",2,0,11,13,15.3846153846154,2
"BAALC",2,0,12,14,14.2857142857143,2
"BACH1-AS1",2,0,16,18,11.1111111111111,2
"BACH1-IT2",2,0,16,18,11.1111111111111,2
"BAG2",2,1,34,37,5.40540540540541,3
"BATF",2,0,7,9,22.2222222222222,2
"BATF3",2,1,15,18,11.1111111111111,3
"BBX",2,0,14,16,12.5,2
"BCAS4",2,0,6,8,25,2
"BCAT2",2,0,10,12,16.6666666666667,2
"BCDIN3D",2,0,17,19,10.5263157894737,2
"BCL10",2,0,2,4,50,2
"BCL2L1",2,0,9,11,18.1818181818182,2
"BCL6",2,1,53,56,3.57142857142857,3
"BEND5",2,0,7,9,22.2222222222222,2
"BFSP1",2,0,13,15,13.3333333333333,2
"BHLHE41",2,1,28,31,6.45161290322581,3
"BID",2,1,12,15,13.3333333333333,3
"BIN3",2,1,26,29,6.89655172413793,3
"BIVM",2,0,32,34,5.88235294117647,2
"BIVM-ERCC5",2,0,32,34,5.88235294117647,2
"BLOC1S2",2,0,10,12,16.6666666666667,2
"BMF",2,0,17,19,10.5263157894737,2
"BMP4",2,0,6,8,25,2
"BPGM",2,0,15,17,11.7647058823529,2
"BRD4",2,0,5,7,28.5714285714286,2
"BRICD5",2,0,6,8,25,2
"BSPRY",2,0,5,7,28.5714285714286,2
"BTBD18",2,0,13,15,13.3333333333333,2
"BTG1",2,2,34,38,5.26315789473684,4
"BTN1A1",2,0,14,16,12.5,2
"BTN2A1",2,0,6,8,25,2
"BUD13",2,0,28,30,6.66666666666667,2
"BZW1",2,1,19,22,9.09090909090909,3
"C10orf111",2,0,22,24,8.33333333333333,2
"C10orf82",2,1,3,6,33.3333333333333,3
"C11orf1",2,0,29,31,6.45161290322581,2
"C12orf10",2,0,21,23,8.69565217391304,2
"C12orf42",2,1,2,5,40,3
"C12orf61",2,1,17,20,10,3
"C12orf68",2,0,37,39,5.12820512820513,2
"C12orf79",2,2,34,38,5.26315789473684,4
"C14orf119",2,0,19,21,9.52380952380952,2
"C14orf164",2,0,9,11,18.1818181818182,2
"C15orf38",2,0,9,11,18.1818181818182,2
"C15orf38-AP3S2",2,0,9,11,18.1818181818182,2
"C15orf39",2,0,16,18,11.1111111111111,2
"C15orf48",2,1,37,40,5,3
"C16orf92",2,0,13,15,13.3333333333333,2
"C17orf100",2,0,9,11,18.1818181818182,2
"C17orf61-PLSCR3",2,0,7,9,22.2222222222222,2
"C1orf112",2,0,14,16,12.5,2
"C1orf122",2,0,9,11,18.1818181818182,2
"C1orf141",2,0,5,7,28.5714285714286,2
"C1orf177",2,0,10,12,16.6666666666667,2
"C1orf21",2,0,12,14,14.2857142857143,2
"C1orf220",2,2,14,18,11.1111111111111,4
"C1ORF220",2,2,14,18,11.1111111111111,4
"C1orf50",2,0,6,8,25,2
"C1QTNF4",2,0,20,22,9.09090909090909,2
"C20orf26",2,0,4,6,33.3333333333333,2
"C21orf128",2,1,17,20,10,3
"C21orf33",2,0,12,14,14.2857142857143,2
"C21orf49",2,0,7,9,22.2222222222222,2
"C2orf66",2,0,0,2,100,2
"C2orf68",2,0,20,22,9.09090909090909,2
"C2orf78",2,0,6,8,25,2
"C3orf18",2,0,5,7,28.5714285714286,2
"C3orf38",2,0,7,9,22.2222222222222,2
"C3orf52",2,0,20,22,9.09090909090909,2
"C3orf72",2,0,19,21,9.52380952380952,2
"C4orf22",2,0,2,4,50,2
"C4orf32",2,0,31,33,6.06060606060606,2
"C6orf211",2,1,16,19,10.5263157894737,3
"C6orf223",2,0,21,23,8.69565217391304,2
"C6orf226",2,0,1,3,66.6666666666667,2
"C6orf89",2,0,7,9,22.2222222222222,2
"C7orf25",2,0,23,25,8,2
"C7orf73",2,0,29,31,6.45161290322581,2
"C8G",2,0,8,10,20,2
"C8orf56",2,0,11,13,15.3846153846154,2
"C9",2,0,20,22,9.09090909090909,2
"CA13",2,3,16,21,9.52380952380952,5
"CA2",2,2,26,30,6.66666666666667,4
"CA7",2,1,28,31,6.45161290322581,3
"CABLES1",2,0,33,35,5.71428571428571,2
"CABP7",2,0,2,4,50,2
"CACNA1I",2,0,18,20,10,2
"CACYBP",2,0,15,17,11.7647058823529,2
"CADM3",2,0,12,14,14.2857142857143,2
"CAGE1",2,0,22,24,8.33333333333333,2
"CALM2",2,0,31,33,6.06060606060606,2
"CALML3",2,1,4,7,28.5714285714286,3
"CALML3-AS1",2,1,4,7,28.5714285714286,3
"CAMK2G",2,0,20,22,9.09090909090909,2
"CAPS2",2,0,6,8,25,2
"CASC11",2,1,30,33,6.06060606060606,3
"CASQ1",2,0,5,7,28.5714285714286,2
"CATSPERG",2,0,11,13,15.3846153846154,2
"CBR4",2,0,22,24,8.33333333333333,2
"CCAR2",2,1,23,26,7.69230769230769,3
"CCDC115",2,0,4,6,33.3333333333333,2
"CCDC12",2,0,10,12,16.6666666666667,2
"CCDC148",2,0,13,15,13.3333333333333,2
"CCDC170",2,1,14,17,11.7647058823529,3
"CCDC183",2,0,13,15,13.3333333333333,2
"CCDC19",2,1,17,20,10,3
"CCDC3",2,0,11,13,15.3846153846154,2
"CCDC57",2,0,7,9,22.2222222222222,2
"CCDC70",2,0,9,11,18.1818181818182,2
"CCDC91",2,0,13,15,13.3333333333333,2
"CCM2L",2,0,1,3,66.6666666666667,2
"CCNA2",2,0,6,8,25,2
"CCNB1",2,1,35,38,5.26315789473684,3
"CCND1",2,0,26,28,7.14285714285714,2
"CCND2",2,1,31,34,5.88235294117647,3
"CCND2-AS1",2,1,31,34,5.88235294117647,3
"CCND2-AS2",2,1,31,34,5.88235294117647,3
"CCNG1",2,0,34,36,5.55555555555556,2
"CCNK",2,2,13,17,11.7647058823529,4
"CCR2",2,0,18,20,10,2
"CCR5",2,0,17,19,10.5263157894737,2
"CCR7",2,2,8,12,16.6666666666667,4
"CCSAP",2,0,6,8,25,2
"CCT5",2,1,25,28,7.14285714285714,3
"CD101",2,1,27,30,6.66666666666667,3
"CD164",2,0,19,21,9.52380952380952,2
"CD200R1",2,0,30,32,6.25,2
"CD200R1L",2,0,6,8,25,2
"CD27",2,0,6,8,25,2
"CD2AP",2,1,15,18,11.1111111111111,3
"CD300E",2,0,26,28,7.14285714285714,2
"CD302",2,1,2,5,40,3
"CD3D",2,0,7,9,22.2222222222222,2
"CD3EAP",2,0,6,8,25,2
"CD3G",2,0,7,9,22.2222222222222,2
"CD58",2,0,25,27,7.40740740740741,2
"CD80",2,0,8,10,20,2
"CD84",2,0,4,6,33.3333333333333,2
"CDC40",2,0,1,3,66.6666666666667,2
"CDC42BPG",2,0,19,21,9.52380952380952,2
"CDC42EP3",2,0,10,12,16.6666666666667,2
"CDH15",2,0,18,20,10,2
"CDH24",2,0,9,11,18.1818181818182,2
"CDK15",2,0,17,19,10.5263157894737,2
"CDK19",2,0,14,16,12.5,2
"CDK7",2,0,21,23,8.69565217391304,2
"CDX1",2,0,8,10,20,2
"CEACAM18",2,0,24,26,7.69230769230769,2
"CEBPB",2,0,40,42,4.76190476190476,2
"CEBPE",2,0,5,7,28.5714285714286,2
"CELF3",2,1,47,50,4,3
"CENPH",2,0,30,32,6.25,2
"CEP152",2,3,11,16,12.5,5
"CEP290",2,0,11,13,15.3846153846154,2
"CEP57L1",2,0,4,6,33.3333333333333,2
"CEP95",2,0,9,11,18.1818181818182,2
"CERS6",2,0,24,26,7.69230769230769,2
"CES2",2,0,14,16,12.5,2
"CES5A",2,1,10,13,15.3846153846154,3
"CETN3",2,1,17,20,10,3
"CFI",2,0,8,10,20,2
"CGGBP1",2,0,12,14,14.2857142857143,2
"CGN",2,0,49,51,3.92156862745098,2
"CHEK1",2,1,16,19,10.5263157894737,3
"CHEK2",2,0,0,2,100,2
"CHI3L2",2,0,17,19,10.5263157894737,2
"CHMP2B",2,1,13,16,12.5,3
"CHMP3",2,0,33,35,5.71428571428571,2
"CHRAC1",2,0,12,14,14.2857142857143,2
"CHRD",2,1,17,20,10,3
"CHRM4",2,0,15,17,11.7647058823529,2
"CHRNB1",2,0,4,6,33.3333333333333,2
"CHTF8",2,0,13,15,13.3333333333333,2
"CIAO1",2,1,42,45,4.44444444444444,3
"CIDECP",2,0,6,8,25,2
"CIRH1A",2,0,13,15,13.3333333333333,2
"CISD1",2,3,56,61,3.27868852459016,5
"CISD3",2,0,3,5,40,2
"CKLF",2,2,20,24,8.33333333333333,4
"CKLF-CMTM1",2,2,20,24,8.33333333333333,4
"CKS2",2,0,16,18,11.1111111111111,2
"CLASP1",2,0,9,11,18.1818181818182,2
"CLASP2",2,1,13,16,12.5,3
"CLCN3",2,0,15,17,11.7647058823529,2
"CLDN14",2,0,1,3,66.6666666666667,2
"CLEC10A",2,1,8,11,18.1818181818182,3
"CLEC16A",2,0,22,24,8.33333333333333,2
"CLEC4E",2,0,13,15,13.3333333333333,2
"CLEC7A",2,0,24,26,7.69230769230769,2
"CLIP2",2,0,17,19,10.5263157894737,2
"CLLU1",2,0,3,5,40,2
"CLPB",2,0,10,12,16.6666666666667,2
"CLVS1",2,1,25,28,7.14285714285714,3
"CNEP1R1",2,0,37,39,5.12820512820513,2
"CNKSR3",2,0,11,13,15.3846153846154,2
"CNOT8",2,2,30,34,5.88235294117647,4
"CNTD1",2,0,10,12,16.6666666666667,2
"COA3",2,0,10,12,16.6666666666667,2
"COA5",2,0,18,20,10,2
"COG1",2,0,20,22,9.09090909090909,2
"COL12A1",2,1,19,22,9.09090909090909,3
"COL8A2",2,0,4,6,33.3333333333333,2
"COMMD9",2,3,9,14,14.2857142857143,5
"COMT",2,0,1,3,66.6666666666667,2
"COPS8",2,0,17,19,10.5263157894737,2
"COQ10A",2,0,12,14,14.2857142857143,2
"COTL1",2,0,27,29,6.89655172413793,2
"COX5A",2,0,5,7,28.5714285714286,2
"COX6B2",2,0,7,9,22.2222222222222,2
"COX7A2",2,0,27,29,6.89655172413793,2
"CPA2",2,0,15,17,11.7647058823529,2
"CPE",2,0,12,14,14.2857142857143,2
"CPLX3",2,0,12,14,14.2857142857143,2
"CRAT",2,0,5,7,28.5714285714286,2
"CREB3",2,0,11,13,15.3846153846154,2
"CREM",2,0,28,30,6.66666666666667,2
"CRIM1",2,0,45,47,4.25531914893617,2
"CRISP3",2,0,6,8,25,2
"CRNKL1",2,0,4,6,33.3333333333333,2
"CRYBA2",2,0,8,10,20,2
"CRYBA4",2,0,6,8,25,2
"CRYBB1",2,0,6,8,25,2
"CRYBG3",2,1,33,36,5.55555555555556,3
"CS",2,0,13,15,13.3333333333333,2
"CSF1",2,0,13,15,13.3333333333333,2
"CSF1R",2,0,12,14,14.2857142857143,2
"CSGALNACT1",2,0,20,22,9.09090909090909,2
"CSK",2,0,12,14,14.2857142857143,2
"CSNK1A1",2,0,12,14,14.2857142857143,2
"CST9",2,1,3,6,33.3333333333333,3
"CTA-204B4.2",2,0,12,14,14.2857142857143,2
"CTA-445C9.14",2,0,6,8,25,2
"CTA-445C9.15",2,0,6,8,25,2
"CTA-941F9.9",2,0,6,8,25,2
"CTC-281F24.1",2,0,9,11,18.1818181818182,2
"CTC-303L1.2",2,0,1,3,66.6666666666667,2
"CTC-338M12.6",2,0,9,11,18.1818181818182,2
"CTC-378H22.1",2,0,24,26,7.69230769230769,2
"CTC-436P18.1",2,0,13,15,13.3333333333333,2
"CTD-2152M20.2",2,0,10,12,16.6666666666667,2
"CTD-2256P15.1",2,1,25,28,7.14285714285714,3
"CTD-2267D19.4",2,1,7,10,20,3
"CTD-2288O8.1",2,1,18,21,9.52380952380952,3
"CTD-2292M16.7",2,0,8,10,20,2
"CTD-2311M21.3",2,0,11,13,15.3846153846154,2
"CTD-2325P2.3",2,0,44,46,4.34782608695652,2
"CTD-2325P2.4",2,0,20,22,9.09090909090909,2
"CTD-2353F22.1",2,1,26,29,6.89655172413793,3
"CTD-2369P2.4",2,1,12,15,13.3333333333333,3
"CTD-2537I9.16",2,0,8,10,20,2
"CTD-2544N14.3",2,0,11,13,15.3846153846154,2
"CTD-2600O9.1",2,0,3,5,40,2
"CTD-2616J11.2",2,0,3,5,40,2
"CTD-2616J11.3",2,0,3,5,40,2
"CTD-2650P22.1",2,2,28,32,6.25,4
"CTD-3065J16.9",2,0,8,10,20,2
"CTD-3073N11.5",2,0,22,24,8.33333333333333,2
"CTD-3203P2.2",2,0,19,21,9.52380952380952,2
"CTDSP1",2,0,20,22,9.09090909090909,2
"CTHRC1",2,0,26,28,7.14285714285714,2
"CTNND1",2,0,20,22,9.09090909090909,2
"CUL1",2,0,16,18,11.1111111111111,2
"CWF19L1",2,0,17,19,10.5263157894737,2
"CXCL3",2,1,14,17,11.7647058823529,3
"CXCR6",2,0,10,12,16.6666666666667,2
"CYB5R3",2,0,11,13,15.3846153846154,2
"CYBRD1",2,0,7,9,22.2222222222222,2
"CYP11A1",2,0,11,13,15.3846153846154,2
"CYP7B1",2,0,5,7,28.5714285714286,2
"DAAM1",2,0,27,29,6.89655172413793,2
"DAB2",2,0,29,31,6.45161290322581,2
"DAO",2,0,11,13,15.3846153846154,2
"DBF4",2,0,16,18,11.1111111111111,2
"DBN1",2,0,1,3,66.6666666666667,2
"DCK",2,1,34,37,5.40540540540541,3
"DCUN1D3",2,1,7,10,20,3
"DDC",2,0,12,14,14.2857142857143,2
"DDIT3",2,0,12,14,14.2857142857143,2
"DDX20",2,0,27,29,6.89655172413793,2
"DDX41",2,0,5,7,28.5714285714286,2
"DDX47",2,0,11,13,15.3846153846154,2
"DDX5",2,0,9,11,18.1818181818182,2
"DECR1",2,0,30,32,6.25,2
"DEDD",2,0,18,20,10,2
"DEGS2",2,0,17,19,10.5263157894737,2
"DENND2D",2,0,18,20,10,2
"DEXI",2,0,21,23,8.69565217391304,2
"DFNA5",2,0,7,9,22.2222222222222,2
"DGKA",2,0,11,13,15.3846153846154,2
"DGKH",2,2,10,14,14.2857142857143,4
"DHFRL1",2,1,26,29,6.89655172413793,3
"DHX36",2,0,7,9,22.2222222222222,2
"DIAPH1",2,0,29,31,6.45161290322581,2
"DIEXF",2,0,22,24,8.33333333333333,2
"DIXDC1",2,0,16,18,11.1111111111111,2
"DLK2",2,0,4,6,33.3333333333333,2
"DLX3",2,0,40,42,4.76190476190476,2
"DMXL2",2,0,5,7,28.5714285714286,2
"DNAAF1",2,1,20,23,8.69565217391304,3
"DNAH7",2,0,2,4,50,2
"DNAJB8-AS1",2,0,1,3,66.6666666666667,2
"DNAJC3",2,0,13,15,13.3333333333333,2
"DNAJC3-AS1",2,0,13,15,13.3333333333333,2
"DNASE1L2",2,0,6,8,25,2
"DNMT3A",2,0,5,7,28.5714285714286,2
"DNTTIP1",2,2,15,19,10.5263157894737,4
"DOC2A",2,0,20,22,9.09090909090909,2
"DOCK5",2,0,17,19,10.5263157894737,2
"DOK1",2,0,13,15,13.3333333333333,2
"DOK3",2,0,5,7,28.5714285714286,2
"DOLPP1",2,0,4,6,33.3333333333333,2
"DPF1",2,0,6,8,25,2
"DPH1",2,1,37,40,5,3
"DSCAML1",2,1,49,52,3.84615384615385,3
"DSTN",2,0,13,15,13.3333333333333,2
"DTX1",2,0,5,7,28.5714285714286,2
"DUPD1",2,0,5,7,28.5714285714286,2
"DUSP11",2,0,6,8,25,2
"DUSP13",2,0,7,9,22.2222222222222,2
"DUSP22",2,4,38,44,4.54545454545455,6
"DUSP6",2,0,23,25,8,2
"DYM",2,0,7,9,22.2222222222222,2
"DYNC2H1",2,0,7,9,22.2222222222222,2
"E2F3",2,0,40,42,4.76190476190476,2
"E2F4",2,0,7,9,22.2222222222222,2
"E4F1",2,0,6,8,25,2
"EEF1A1",2,0,30,32,6.25,2
"EFCAB14-AS1",2,0,11,13,15.3846153846154,2
"EFHC1",2,0,30,32,6.25,2
"EHBP1L1",2,0,4,6,33.3333333333333,2
"EIF2B2",2,0,4,6,33.3333333333333,2
"EIF3J",2,1,4,7,28.5714285714286,3
"EIF3J-AS1",2,1,4,7,28.5714285714286,3
"ELMO1-AS1",2,0,0,2,100,2
"ELOVL3",2,0,17,19,10.5263157894737,2
"EML6",2,0,4,6,33.3333333333333,2
"EMP1",2,0,26,28,7.14285714285714,2
"ENDOD1",2,0,12,14,14.2857142857143,2
"ENKD1",2,0,27,29,6.89655172413793,2
"ENO4",2,2,8,12,16.6666666666667,4
"ENTPD3-AS1",2,1,18,21,9.52380952380952,3
"ENTPD7",2,0,4,6,33.3333333333333,2
"EPGN",2,0,14,16,12.5,2
"ERCC1",2,0,10,12,16.6666666666667,2
"ERF",2,0,25,27,7.40740740740741,2
"ERI1",2,0,33,35,5.71428571428571,2
"ERI2",2,2,10,14,14.2857142857143,4
"ERICH2",2,0,14,16,12.5,2
"ERO1L",2,1,7,10,20,3
"ESF1",2,0,14,16,12.5,2
"ESPL1",2,0,17,19,10.5263157894737,2
"ESYT1",2,0,19,21,9.52380952380952,2
"ESYT2",2,2,33,37,5.40540540540541,4
"ETNK2",2,0,14,16,12.5,2
"EXOC3L1",2,0,7,9,22.2222222222222,2
"EXOC6",2,0,1,3,66.6666666666667,2
"EXOC7",2,0,26,28,7.14285714285714,2
"EXOSC4",2,0,8,10,20,2
"EXTL2",2,1,26,29,6.89655172413793,3
"EXTL3",2,1,5,8,25,3
"FABP6",2,0,14,16,12.5,2
"FAIM",2,0,44,46,4.34782608695652,2
"FAM101B",2,0,23,25,8,2
"FAM110D",2,0,19,21,9.52380952380952,2
"FAM129A",2,1,14,17,11.7647058823529,3
"FAM129B",2,0,3,5,40,2
"FAM173B",2,1,25,28,7.14285714285714,3
"FAM179B",2,3,25,30,6.66666666666667,5
"FAM180B",2,0,13,15,13.3333333333333,2
"FAM200B",2,0,16,18,11.1111111111111,2
"FAM208B",2,0,14,16,12.5,2
"FAM210B",2,0,15,17,11.7647058823529,2
"FAM212B",2,0,27,29,6.89655172413793,2
"FAM214B",2,1,15,18,11.1111111111111,3
"FAM26D",2,1,41,44,4.54545454545455,3
"FAM26F",2,1,41,44,4.54545454545455,3
"FAM57B",2,0,13,15,13.3333333333333,2
"FAM71A",2,0,13,15,13.3333333333333,2
"FAM83F",2,1,23,26,7.69230769230769,3
"FAM89B",2,0,4,6,33.3333333333333,2
"FAM96B",2,0,14,16,12.5,2
"FANCD2",2,0,6,8,25,2
"FANCM",2,3,26,31,6.45161290322581,5
"FAR1",2,0,2,4,50,2
"FAR1-IT1",2,0,2,4,50,2
"FAXDC2",2,2,30,34,5.88235294117647,4
"FBF1",2,0,6,8,25,2
"FBN1",2,2,18,22,9.09090909090909,4
"FBP1",2,0,7,9,22.2222222222222,2
"FBRS",2,0,10,12,16.6666666666667,2
"FBXL5",2,0,16,18,11.1111111111111,2
"FBXO11",2,0,26,28,7.14285714285714,2
"FBXO42",2,0,14,16,12.5,2
"FBXO45",2,0,3,5,40,2
"FBXW5",2,0,8,10,20,2
"FCER1G",2,0,4,6,33.3333333333333,2
"FDX1",2,1,5,8,25,3
"FDXACB1",2,0,29,31,6.45161290322581,2
"FER1L5",2,0,6,8,25,2
"FES",2,0,22,24,8.33333333333333,2
"FEV",2,0,8,10,20,2
"FGD4",2,0,10,12,16.6666666666667,2
"FGD6",2,0,15,17,11.7647058823529,2
"FGF17",2,0,3,5,40,2
"FGFR1OP",2,0,23,25,8,2
"FGFR1OP2",2,0,2,4,50,2
"FJX1",2,4,15,21,9.52380952380952,6
"FKBP3",2,3,26,31,6.45161290322581,5
"FKBP5",2,0,9,11,18.1818181818182,2
"FLI1",2,0,26,28,7.14285714285714,2
"FLNB-AS1",2,0,17,19,10.5263157894737,2
"FLRT1",2,0,2,4,50,2
"FNBP4",2,0,38,40,5,2
"FOLR3",2,0,7,9,22.2222222222222,2
"FOPNL",2,1,31,34,5.88235294117647,3
"FOXC1",2,0,22,24,8.33333333333333,2
"FOXL2",2,0,19,21,9.52380952380952,2
"FOXN2",2,0,30,32,6.25,2
"FOXR1",2,0,16,18,11.1111111111111,2
"FPR3",2,0,23,25,8,2
"FSCN3",2,0,10,12,16.6666666666667,2
"FSTL4",2,1,10,13,15.3846153846154,3
"FTSJ2",2,0,24,26,7.69230769230769,2
"FZD7",2,0,15,17,11.7647058823529,2
"GAB2",2,0,48,50,4,2
"GABARAPL2",2,0,15,17,11.7647058823529,2
"GABARAPL3",2,0,8,10,20,2
"GAD1",2,0,16,18,11.1111111111111,2
"GADD45A",2,0,19,21,9.52380952380952,2
"GADD45G",2,0,37,39,5.12820512820513,2
"GALNT10",2,0,16,18,11.1111111111111,2
"GALNT4",2,0,11,13,15.3846153846154,2
"GALNT6",2,0,3,5,40,2
"GALR2",2,0,16,18,11.1111111111111,2
"GAN",2,0,23,25,8,2
"GAPDHS",2,0,9,11,18.1818181818182,2
"GATM",2,1,32,35,5.71428571428571,3
"GBA2",2,0,13,15,13.3333333333333,2
"GBAS",2,0,18,20,10,2
"GBF1",2,0,13,15,13.3333333333333,2
"GBP4",2,0,7,9,22.2222222222222,2
"GBP6",2,0,18,20,10,2
"GCA",2,0,2,4,50,2
"GCAT",2,0,4,6,33.3333333333333,2
"GCG",2,0,3,5,40,2
"GCNT6",2,0,4,6,33.3333333333333,2
"GDF9",2,0,2,4,50,2
"GEMIN2",2,2,17,21,9.52380952380952,4
"GEN1",2,1,18,21,9.52380952380952,3
"GFOD2",2,0,5,7,28.5714285714286,2
"GGT6",2,0,14,16,12.5,2
"GHRL",2,0,8,10,20,2
"GHRLOS",2,0,9,11,18.1818181818182,2
"GJB2",2,1,30,33,6.06060606060606,3
"GJC2",2,0,1,3,66.6666666666667,2
"GJD3",2,1,7,10,20,3
"GLI1",2,1,12,15,13.3333333333333,3
"GLIPR1L2",2,0,6,8,25,2
"GLS2",2,0,10,12,16.6666666666667,2
"GLYR1",2,1,41,44,4.54545454545455,3
"GMIP",2,0,4,6,33.3333333333333,2
"GMNN",2,0,26,28,7.14285714285714,2
"GMPR",2,0,8,10,20,2
"GNLY",2,0,22,24,8.33333333333333,2
"GOLT1A",2,0,22,24,8.33333333333333,2
"GP5",2,0,12,14,14.2857142857143,2
"GPA33",2,0,13,15,13.3333333333333,2
"GPR61",2,0,41,43,4.65116279069767,2
"GPRIN3",2,0,2,4,50,2
"GPT2",2,1,17,20,10,3
"GRAMD2",2,0,4,6,33.3333333333333,2
"GRB10",2,0,23,25,8,2
"GRHPR",2,0,6,8,25,2
"GRK5",2,0,29,31,6.45161290322581,2
"GRK5-IT1",2,0,29,31,6.45161290322581,2
"GRM4",2,0,9,11,18.1818181818182,2
"GRPEL1",2,0,2,4,50,2
"GS1-279B7.2",2,2,24,28,7.14285714285714,4
"GSK3A",2,0,25,27,7.40740740740741,2
"GSN-AS1",2,0,7,9,22.2222222222222,2
"GSTO2",2,1,25,28,7.14285714285714,3
"GTF2IRD1",2,0,14,16,12.5,2
"GTF3A",2,0,3,5,40,2
"GTF3C3",2,0,7,9,22.2222222222222,2
"GTPBP2",2,0,10,12,16.6666666666667,2
"GTSF1",2,0,5,7,28.5714285714286,2
"GUK1",2,0,1,3,66.6666666666667,2
"H1F0",2,0,4,6,33.3333333333333,2
"H2AFJ",2,3,20,25,8,5
"HARBI1",2,0,19,21,9.52380952380952,2
"HCG14",2,0,22,24,8.33333333333333,2
"HDAC10",2,0,4,6,33.3333333333333,2
"HDDC2",2,1,28,31,6.45161290322581,3
"HDDC3",2,0,21,23,8.69565217391304,2
"HDGFRP3",2,1,5,8,25,3
"HDLBP",2,0,9,11,18.1818181818182,2
"HECTD1",2,0,22,24,8.33333333333333,2
"HELQ",2,1,8,11,18.1818181818182,3
"HEMK1",2,0,5,7,28.5714285714286,2
"HERPUD1",2,0,13,15,13.3333333333333,2
"HIC1",2,1,30,33,6.06060606060606,3
"HINT3",2,1,20,23,8.69565217391304,3
"HIPK1",2,2,14,18,11.1111111111111,4
"HIRIP3",2,0,18,20,10,2
"HIST1H1E",2,0,28,30,6.66666666666667,2
"HIST1H2AI",2,1,31,34,5.88235294117647,3
"HIST1H2APS4",2,0,51,53,3.77358490566038,2
"HIST1H2BD",2,0,28,30,6.66666666666667,2
"HIST1H2BF",2,0,35,37,5.40540540540541,2
"HIST1H2BH",2,0,32,34,5.88235294117647,2
"HIST1H2BI",2,0,51,53,3.77358490566038,2
"HIST1H2BL",2,1,31,34,5.88235294117647,3
"HIST1H2BO",2,1,48,51,3.92156862745098,3
"HIST1H3G",2,0,51,53,3.77358490566038,2
"HIST1H4B",2,0,13,15,13.3333333333333,2
"HIST1H4C",2,0,21,23,8.69565217391304,2
"HIST1H4E",2,0,35,37,5.40540540540541,2
"HIST1H4J",2,0,46,48,4.16666666666667,2
"HIST1H4PS1",2,1,31,34,5.88235294117647,3
"HIVEP2",2,0,11,13,15.3846153846154,2
"HM13",2,0,9,11,18.1818181818182,2
"HMBOX1",2,0,10,12,16.6666666666667,2
"HMG20A",2,0,5,7,28.5714285714286,2
"HMGB1",2,0,34,36,5.55555555555556,2
"HMGB2",2,1,8,11,18.1818181818182,3
"HMGCS1",2,0,51,53,3.77358490566038,2
"HMGN4",2,0,16,18,11.1111111111111,2
"HNRNPA3",2,0,11,13,15.3846153846154,2
"HNRNPK",2,2,34,38,5.26315789473684,4
"HOXB-AS3",2,3,36,41,4.8780487804878,5
"HOXB-AS4",2,2,28,32,6.25,4
"HOXB3",2,3,39,44,4.54545454545455,5
"HOXB9",2,2,28,32,6.25,4
"HOXC8",2,0,19,21,9.52380952380952,2
"HOXD-AS2",2,0,24,26,7.69230769230769,2
"HOXD10",2,0,12,14,14.2857142857143,2
"HOXD3",2,0,26,28,7.14285714285714,2
"HOXD8",2,0,21,23,8.69565217391304,2
"HPS4",2,0,7,9,22.2222222222222,2
"HS2ST1",2,1,20,23,8.69565217391304,3
"HSCB",2,0,0,2,100,2
"HSD11B2",2,0,9,11,18.1818181818182,2
"HSDL1",2,1,16,19,10.5263157894737,3
"HSF2BP",2,0,9,11,18.1818181818182,2
"HSPA12A",2,1,4,7,28.5714285714286,3
"HTR1B",2,0,9,11,18.1818181818182,2
"HTRA4",2,0,11,13,15.3846153846154,2
"IBA57",2,0,1,3,66.6666666666667,2
"IBA57-AS1",2,0,1,3,66.6666666666667,2
"ICAM1",2,1,12,15,13.3333333333333,3
"ID1",2,0,9,11,18.1818181818182,2
"IDH1",2,0,18,20,10,2
"IDH1-AS1",2,0,17,19,10.5263157894737,2
"IER5",2,0,9,11,18.1818181818182,2
"IFIH1",2,0,2,4,50,2
"IFIT2",2,0,9,11,18.1818181818182,2
"IFIT3",2,0,5,7,28.5714285714286,2
"IFNAR2",2,0,27,29,6.89655172413793,2
"IFNLR1",2,0,6,8,25,2
"IFT122",2,0,30,32,6.25,2
"IFT57",2,0,16,18,11.1111111111111,2
"IFT74",2,2,33,37,5.40540540540541,4
"IFT80",2,0,4,6,33.3333333333333,2
"IGF2BP3",2,0,21,23,8.69565217391304,2
"IGSF6",2,1,21,24,8.33333333333333,3
"IGSF9",2,1,12,15,13.3333333333333,3
"IKZF5",2,0,7,9,22.2222222222222,2
"IL12B",2,0,10,12,16.6666666666667,2
"IL17RD",2,1,6,9,22.2222222222222,3
"IL1RAP",2,1,17,20,10,3
"IL22RA1",2,0,8,10,20,2
"IL3",2,0,2,4,50,2
"IL4",2,0,1,3,66.6666666666667,2
"ILK",2,0,32,34,5.88235294117647,2
"IMMP2L",2,2,27,31,6.45161290322581,4
"IMP4",2,0,4,6,33.3333333333333,2
"INO80E",2,0,18,20,10,2
"INSRR",2,0,17,19,10.5263157894737,2
"INTS1",2,0,4,6,33.3333333333333,2
"INTS9",2,0,10,12,16.6666666666667,2
"IP6K3",2,0,15,17,11.7647058823529,2
"IPMK",2,3,56,61,3.27868852459016,5
"IPO13",2,0,12,14,14.2857142857143,2
"IRAK2",2,0,6,8,25,2
"IRF2BPL",2,0,25,27,7.40740740740741,2
"IRGC",2,0,16,18,11.1111111111111,2
"ISCU",2,0,22,24,8.33333333333333,2
"ISG20L2",2,1,35,38,5.26315789473684,3
"ISLR2",2,0,6,8,25,2
"ISY1",2,0,10,12,16.6666666666667,2
"ISY1-RAB43",2,0,10,12,16.6666666666667,2
"ITGA1",2,1,18,21,9.52380952380952,3
"IVNS1ABP",2,2,24,28,7.14285714285714,4
"IZUMO1",2,0,4,6,33.3333333333333,2
"JADE1",2,2,31,35,5.71428571428571,4
"JAG2",2,0,11,13,15.3846153846154,2
"JHDM1D-AS1",2,0,17,19,10.5263157894737,2
"KANSL3",2,0,6,8,25,2
"KAT8",2,0,32,34,5.88235294117647,2
"KATNB1",2,0,4,6,33.3333333333333,2
"KB-1615E4.2",2,1,7,10,20,3
"KCMF1",2,0,18,20,10,2
"KCNAB1-AS1",2,0,13,15,13.3333333333333,2
"KCNC4",2,0,14,16,12.5,2
"KCNC4-AS1",2,0,14,16,12.5,2
"KCNE3",2,1,8,11,18.1818181818182,3
"KCNH3",2,0,8,10,20,2
"KCNK7",2,0,2,4,50,2
"KCNN4",2,0,14,16,12.5,2
"KCTD19",2,0,7,9,22.2222222222222,2
"KCTD21",2,0,21,23,8.69565217391304,2
"KCTD21-AS1",2,0,5,7,28.5714285714286,2
"KCTD3",2,1,23,26,7.69230769230769,3
"KDM4A-AS1",2,0,13,15,13.3333333333333,2
"KDM7A",2,0,17,19,10.5263157894737,2
"KDM8",2,0,17,19,10.5263157894737,2
"KIAA0196",2,1,45,48,4.16666666666667,3
"KIAA0513",2,1,19,22,9.09090909090909,3
"KIAA0754",2,0,26,28,7.14285714285714,2
"KIAA0825",2,0,1,3,66.6666666666667,2
"KIAA0895L",2,0,9,11,18.1818181818182,2
"KIAA1033",2,0,33,35,5.71428571428571,2
"KIAA1324L",2,1,6,9,22.2222222222222,3
"KIAA1549L",2,1,15,18,11.1111111111111,3
"KIAA1551",2,0,26,28,7.14285714285714,2
"KIAA1586",2,0,28,30,6.66666666666667,2
"KIAA1614",2,1,10,13,15.3846153846154,3
"KIF13A",2,0,13,15,13.3333333333333,2
"KIF9-AS1",2,0,4,6,33.3333333333333,2
"KIFC3",2,0,3,5,40,2
"KLF10",2,1,31,34,5.88235294117647,3
"KLHDC10",2,0,13,15,13.3333333333333,2
"KLHL28",2,3,25,30,6.66666666666667,5
"KLHL36",2,0,10,12,16.6666666666667,2
"KLLN",2,1,23,26,7.69230769230769,3
"KMT2E",2,0,20,22,9.09090909090909,2
"KMT2E-AS1",2,0,20,22,9.09090909090909,2
"KPNA5",2,4,26,32,6.25,6
"KRT18P22",2,1,41,44,4.54545454545455,3
"KRTAP5",2,0,19,21,9.52380952380952,2
"KRTDAP",2,1,27,30,6.66666666666667,3
"KYNU",2,1,27,30,6.66666666666667,3
"L3MBTL3",2,1,14,17,11.7647058823529,3
"LACTB2",2,1,18,21,9.52380952380952,3
"LAMP3",2,0,15,17,11.7647058823529,2
"LCOR",2,1,24,27,7.40740740740741,3
"LCORL",2,1,33,36,5.55555555555556,3
"LEAP2",2,0,9,11,18.1818181818182,2
"LEFTY1",2,2,30,34,5.88235294117647,4
"LEMD2",2,0,14,16,12.5,2
"LEP",2,1,11,14,14.2857142857143,3
"LHX2",2,0,23,25,8,2
"LIMD1",2,0,3,5,40,2
"LIMS1",2,0,14,16,12.5,2
"LINC00167",2,0,31,33,6.06060606060606,2
"LINC00528",2,1,12,15,13.3333333333333,3
"LINC00608",2,0,8,10,20,2
"LINC00610",2,3,13,18,11.1111111111111,5
"LINC00636",2,1,9,12,16.6666666666667,3
"LINC00888",2,0,19,21,9.52380952380952,2
"LINC00917",2,0,6,8,25,2
"LINC00938",2,1,24,27,7.40740740740741,3
"LINC01004",2,0,20,22,9.09090909090909,2
"LITAF",2,0,17,19,10.5263157894737,2
"LL22NC03-104C7.1",2,0,16,18,11.1111111111111,2
"LLNLR-246C6.1",2,0,5,7,28.5714285714286,2
"LMAN1L",2,0,9,11,18.1818181818182,2
"LMNB1",2,0,26,28,7.14285714285714,2
"LNX2",2,0,5,7,28.5714285714286,2
"LOH12CR1",2,0,22,24,8.33333333333333,2
"LOH12CR2",2,0,22,24,8.33333333333333,2
"LONP2",2,0,9,11,18.1818181818182,2
"LOXL3",2,0,15,17,11.7647058823529,2
"LPAR2",2,0,4,6,33.3333333333333,2
"LPP",2,1,15,18,11.1111111111111,3
"LPP-AS2",2,1,15,18,11.1111111111111,3
"LRCH1",2,0,27,29,6.89655172413793,2
"LRP1",2,0,25,27,7.40740740740741,2
"LRP10",2,0,11,13,15.3846153846154,2
"LRP1B",2,0,2,4,50,2
"LRP4",2,0,7,9,22.2222222222222,2
"LRRC15",2,0,5,7,28.5714285714286,2
"LRRC16B",2,0,5,7,28.5714285714286,2
"LRRC32",2,0,3,5,40,2
"LRRC36",2,0,7,9,22.2222222222222,2
"LRRFIP2",2,0,15,17,11.7647058823529,2
"LSM14A",2,0,10,12,16.6666666666667,2
"LTBP1",2,2,39,43,4.65116279069767,4
"LTBP3",2,0,0,2,100,2
"LTV1",2,1,15,18,11.1111111111111,3
"LUC7L3",2,0,11,13,15.3846153846154,2
"LYPD3",2,0,3,5,40,2
"LYRM1",2,1,7,10,20,3
"MACF1",2,0,7,9,22.2222222222222,2
"MACROD1",2,0,4,6,33.3333333333333,2
"MAD1L1",2,0,24,26,7.69230769230769,2
"MAD2L1BP",2,0,10,12,16.6666666666667,2
"MADD",2,0,10,12,16.6666666666667,2
"MAK",2,0,6,8,25,2
"MALAT1",2,0,13,15,13.3333333333333,2
"MAN2A1",2,2,9,13,15.3846153846154,4
"MAN2A2",2,0,20,22,9.09090909090909,2
"MANSC1",2,0,21,23,8.69565217391304,2
"MAP3K3",2,0,11,13,15.3846153846154,2
"MAPK11",2,0,4,6,33.3333333333333,2
"MAPK12",2,0,4,6,33.3333333333333,2
"MAPK6",2,2,28,32,6.25,4
"MAPK8",2,0,15,17,11.7647058823529,2
"MARVELD2",2,0,21,23,8.69565217391304,2
"MAU2",2,0,15,17,11.7647058823529,2
"MBD4",2,0,30,32,6.25,2
"MBD6",2,0,12,14,14.2857142857143,2
"MCCC1",2,0,17,19,10.5263157894737,2
"MCM3",2,0,23,25,8,2
"MCRS1",2,0,10,12,16.6666666666667,2
"MCTP1",2,1,14,17,11.7647058823529,3
"MCTP2",2,1,25,28,7.14285714285714,3
"MDM1",2,2,19,23,8.69565217391304,4
"MDM2",2,0,18,20,10,2
"MDN1",2,0,13,15,13.3333333333333,2
"ME3",2,0,7,9,22.2222222222222,2
"MED21",2,0,7,9,22.2222222222222,2
"MED29",2,0,6,8,25,2
"MED31",2,0,9,11,18.1818181818182,2
"MEIG1",2,0,26,28,7.14285714285714,2
"METTL18",2,0,14,16,12.5,2
"MEX3B",2,0,14,16,12.5,2
"MFHAS1",2,0,31,33,6.06060606060606,2
"MFN2",2,0,13,15,13.3333333333333,2
"MFNG",2,0,4,6,33.3333333333333,2
"MGARP",2,2,15,19,10.5263157894737,4
"MGAT2",2,0,10,12,16.6666666666667,2
"MGAT4A",2,0,9,11,18.1818181818182,2
"MGC10955",2,0,23,25,8,2
"MGST3",2,0,26,28,7.14285714285714,2
"MICALCL",2,0,13,15,13.3333333333333,2
"MIEF1",2,0,3,5,40,2
"MINOS1",2,0,28,30,6.66666666666667,2
"MINOS1-NBL1",2,0,28,30,6.66666666666667,2
"MIOX",2,0,3,5,40,2
"MIR1200",2,0,4,6,33.3333333333333,2
"MIR1256",2,0,15,17,11.7647058823529,2
"MIR1272",2,0,1,3,66.6666666666667,2
"MIR1288",2,0,11,13,15.3846153846154,2
"MIR132",2,1,30,33,6.06060606060606,3
"MIR1343",2,0,23,25,8,2
"MIR138",2,0,16,18,11.1111111111111,2
"MIR145",2,0,11,13,15.3846153846154,2
"MIR1469",2,1,14,17,11.7647058823529,3
"MIR148A",2,0,1,3,66.6666666666667,2
"MIR151B",2,0,16,18,11.1111111111111,2
"MIR1538",2,0,19,21,9.52380952380952,2
"MIR17HG",2,1,13,16,12.5,3
"MIR212",2,1,30,33,6.06060606060606,3
"MIR22HG",2,0,14,16,12.5,2
"MIR3165",2,0,9,11,18.1818181818182,2
"MIR3180",2,1,9,12,16.6666666666667,3
"MIR3184",2,0,9,11,18.1818181818182,2
"MIR3193",2,0,9,11,18.1818181818182,2
"MIR324",2,0,10,12,16.6666666666667,2
"MIR342",2,0,16,18,11.1111111111111,2
"MIR3939",2,0,23,25,8,2
"MIR423",2,0,9,11,18.1818181818182,2
"MIR4257",2,0,26,28,7.14285714285714,2
"MIR4444",2,0,11,13,15.3846153846154,2
"MIR4482",2,1,25,28,7.14285714285714,3
"MIR4520A",2,0,9,11,18.1818181818182,2
"MIR4781",2,0,19,21,9.52380952380952,2
"MIR4795",2,1,13,16,12.5,3
"MIR497HG",2,0,10,12,16.6666666666667,2
"MIR5009",2,0,9,11,18.1818181818182,2
"MIR5187",2,0,9,11,18.1818181818182,2
"MIR548AL",2,0,2,4,50,2
"MIR553",2,2,2,6,33.3333333333333,4
"MIR558",2,0,22,24,8.33333333333333,2
"MIR5580",2,0,6,8,25,2
"MIR567",2,0,18,20,10,2
"MIR575",2,0,7,9,22.2222222222222,2
"MIR590",2,0,28,30,6.66666666666667,2
"MIR593",2,1,10,13,15.3846153846154,3
"MIR600HG",2,0,9,11,18.1818181818182,2
"MIR607",2,1,24,27,7.40740740740741,3
"MIR610",2,0,8,10,20,2
"MIR616",2,0,12,14,14.2857142857143,2
"MIR629",2,2,52,56,3.57142857142857,4
"MIR877",2,0,14,16,12.5,2
"MIRLET7I",2,1,17,20,10,3
"MIS18BP1",2,3,21,26,7.69230769230769,5
"MKNK1",2,0,9,11,18.1818181818182,2
"MLH3",2,0,11,13,15.3846153846154,2
"MLKL",2,0,31,33,6.06060606060606,2
"MLLT3",2,0,10,12,16.6666666666667,2
"MLN",2,0,14,16,12.5,2
"MLST8",2,0,7,9,22.2222222222222,2
"MMP14",2,0,15,17,11.7647058823529,2
"MMP20",2,3,40,45,4.44444444444444,5
"MMP7",2,1,31,34,5.88235294117647,3
"MNAT1",2,1,18,21,9.52380952380952,3
"MOB3C",2,0,9,11,18.1818181818182,2
"MOGAT2",2,0,10,12,16.6666666666667,2
"MOGS",2,0,13,15,13.3333333333333,2
"MON2",2,0,12,14,14.2857142857143,2
"MORC3",2,0,9,11,18.1818181818182,2
"MORN5",2,0,2,4,50,2
"MPI",2,1,9,12,16.6666666666667,3
"MPZ",2,0,6,8,25,2
"MR1",2,0,19,21,9.52380952380952,2
"MRE11A",2,0,17,19,10.5263157894737,2
"MRGPRX2",2,0,11,13,15.3846153846154,2
"MRPL3",2,0,15,17,11.7647058823529,2
"MRPL33",2,0,22,24,8.33333333333333,2
"MRPL4",2,1,12,15,13.3333333333333,3
"MRPL46",2,0,40,42,4.76190476190476,2
"MRPL52",2,0,20,22,9.09090909090909,2
"MRPL53",2,0,13,15,13.3333333333333,2
"MRPS11",2,0,40,42,4.76190476190476,2
"MRPS17",2,0,18,20,10,2
"MRPS18C",2,1,8,11,18.1818181818182,3
"MRPS30",2,2,24,28,7.14285714285714,4
"MSANTD4",2,0,22,24,8.33333333333333,2
"MSH5",2,0,15,17,11.7647058823529,2
"MSH5-SAPCD1",2,0,18,20,10,2
"MSMP",2,0,5,7,28.5714285714286,2
"MTAP",2,2,33,37,5.40540540540541,4
"MTCH1",2,0,16,18,11.1111111111111,2
"MTCH2",2,0,23,25,8,2
"MTF1",2,0,15,17,11.7647058823529,2
"MTHFD2",2,0,21,23,8.69565217391304,2
"MTHFD2L",2,0,17,19,10.5263157894737,2
"MUTYH",2,0,9,11,18.1818181818182,2
"MXI1",2,1,46,49,4.08163265306122,3
"MYC",2,1,30,33,6.06060606060606,3
"MYH11",2,0,27,29,6.89655172413793,2
"MYO18A",2,0,14,16,12.5,2
"MYO1A",2,0,17,19,10.5263157894737,2
"MYO1G",2,0,22,24,8.33333333333333,2
"MYO6",2,0,28,30,6.66666666666667,2
"MYPN",2,1,20,23,8.69565217391304,3
"MYRFL",2,1,12,15,13.3333333333333,3
"NAA15",2,2,18,22,9.09090909090909,4
"NACA",2,0,12,14,14.2857142857143,2
"NAE1",2,0,6,8,25,2
"NAV2-AS1",2,1,6,9,22.2222222222222,3
"NBEAL2",2,0,10,12,16.6666666666667,2
"NBN",2,0,30,32,6.25,2
"NCAPG2",2,1,17,20,10,3
"NCBP2",2,0,11,13,15.3846153846154,2
"NCBP2-AS1",2,0,10,12,16.6666666666667,2
"NCKAP1L",2,0,2,4,50,2
"NCL",2,0,25,27,7.40740740740741,2
"NCOA4",2,0,12,14,14.2857142857143,2
"NCOA7-AS1",2,3,19,24,8.33333333333333,5
"NCOR1",2,1,31,34,5.88235294117647,3
"NCR3LG1",2,1,14,17,11.7647058823529,3
"NDEL1",2,0,14,16,12.5,2
"NDUFA4",2,1,5,8,25,3
"NDUFA8",2,0,2,4,50,2
"NDUFAF5",2,0,14,16,12.5,2
"NDUFB7",2,0,2,4,50,2
"NDUFC1",2,2,18,22,9.09090909090909,4
"NDUFC2",2,0,8,10,20,2
"NDUFC2-KCTD14",2,0,8,10,20,2
"NEAT1",2,0,13,15,13.3333333333333,2
"NECAB2",2,0,8,10,20,2
"NEDD9",2,0,26,28,7.14285714285714,2
"NEK1",2,0,15,17,11.7647058823529,2
"NEK10",2,0,31,33,6.06060606060606,2
"NEK8",2,0,21,23,8.69565217391304,2
"NEURL4",2,0,13,15,13.3333333333333,2
"NEUROG1",2,0,8,10,20,2
"NFAT5",2,0,19,21,9.52380952380952,2
"NFIA",2,0,9,11,18.1818181818182,2
"NFKB1",2,0,14,16,12.5,2
"NFKB2",2,1,14,17,11.7647058823529,3
"NFKBIE",2,0,8,10,20,2
"NFKBIZ",2,2,20,24,8.33333333333333,4
"NFS1",2,0,15,17,11.7647058823529,2
"NGLY1",2,1,42,45,4.44444444444444,3
"NIFK",2,0,21,23,8.69565217391304,2
"NIPSNAP1",2,0,2,4,50,2
"NKX2",2,0,25,27,7.40740740740741,2
"NLGN2",2,0,7,9,22.2222222222222,2
"NMRK1",2,1,16,19,10.5263157894737,3
"NOLC1",2,0,14,16,12.5,2
"NOM1",2,0,8,10,20,2
"NPC1L1",2,0,24,26,7.69230769230769,2
"NPL",2,1,41,44,4.54545454545455,3
"NPM2",2,0,3,5,40,2
"NPM3",2,0,8,10,20,2
"NR1D1",2,0,8,10,20,2
"NR1I3",2,0,9,11,18.1818181818182,2
"NR2C1",2,0,6,8,25,2
"NR2F2",2,1,14,17,11.7647058823529,3
"NR3C1",2,0,32,34,5.88235294117647,2
"NRDE2",2,0,9,11,18.1818181818182,2
"NSMCE1",2,0,19,21,9.52380952380952,2
"NSMCE2",2,1,45,48,4.16666666666667,3
"NSRP1",2,0,9,11,18.1818181818182,2
"NSUN3",2,1,26,29,6.89655172413793,3
"NT5C2",2,0,3,5,40,2
"NTRK1",2,0,17,19,10.5263157894737,2
"NUCB1",2,0,10,12,16.6666666666667,2
"NUDT14",2,0,11,13,15.3846153846154,2
"NUDT4",2,1,35,38,5.26315789473684,3
"NUP107",2,1,15,18,11.1111111111111,3
"NVL",2,1,24,27,7.40740740740741,3
"NXPE3",2,0,8,10,20,2
"NXPH1",2,1,14,17,11.7647058823529,3
"NXPH4",2,0,10,12,16.6666666666667,2
"NXT1",2,0,26,28,7.14285714285714,2
"ODF1",2,0,8,10,20,2
"OGFOD2",2,0,6,8,25,2
"OLA1",2,1,6,9,22.2222222222222,3
"OPA1",2,2,33,37,5.40540540540541,4
"OPTN",2,0,11,13,15.3846153846154,2
"OR10J1",2,0,2,4,50,2
"OR10R3P",2,0,19,21,9.52380952380952,2
"OR13A1",2,0,16,18,11.1111111111111,2
"OR2V2",2,0,6,8,25,2
"OR4D6",2,0,1,3,66.6666666666667,2
"OR5B21",2,0,12,14,14.2857142857143,2
"ORAOV1",2,0,32,34,5.88235294117647,2
"ORC6",2,0,14,16,12.5,2
"OSBPL7",2,0,4,6,33.3333333333333,2
"OSGEP",2,0,31,33,6.06060606060606,2
"OSGIN1",2,1,17,20,10,3
"OSTC",2,0,9,11,18.1818181818182,2
"OSTF1",2,1,16,19,10.5263157894737,3
"OVCA2",2,1,30,33,6.06060606060606,3
"OXCT1",2,1,5,8,25,3
"OXCT1-AS1",2,1,5,8,25,3
"OXNAD1",2,0,7,9,22.2222222222222,2
"OXSM",2,1,42,45,4.44444444444444,3
"P2RY1",2,0,10,12,16.6666666666667,2
"PACSIN3",2,0,18,20,10,2
"PADI3",2,0,24,26,7.69230769230769,2
"PAF1",2,0,6,8,25,2
"PAPD5",2,0,47,49,4.08163265306122,2
"PAPSS1",2,0,10,12,16.6666666666667,2
"PARD6A",2,0,26,28,7.14285714285714,2
"PARS2",2,0,6,8,25,2
"PATL1",2,0,13,15,13.3333333333333,2
"PAX4",2,0,14,16,12.5,2
"PAXBP1",2,0,7,9,22.2222222222222,2
"PCBD1",2,0,16,18,11.1111111111111,2
"PCBP1",2,0,12,14,14.2857142857143,2
"PCBP1-AS1",2,0,23,25,8,2
"PCCB",2,1,17,20,10,3
"PCDH12",2,2,25,29,6.89655172413793,4
"PCDHA1",2,0,15,17,11.7647058823529,2
"PCDHA10",2,0,15,17,11.7647058823529,2
"PCDHA14",2,0,15,17,11.7647058823529,2
"PCDHA2",2,0,23,25,8,2
"PCDHA3",2,0,21,23,8.69565217391304,2
"PCDHA4",2,0,16,18,11.1111111111111,2
"PCDHA5",2,0,20,22,9.09090909090909,2
"PCDHA6",2,0,20,22,9.09090909090909,2
"PCDHA9",2,0,21,23,8.69565217391304,2
"PCDHB14",2,0,28,30,6.66666666666667,2
"PCDHB16",2,0,20,22,9.09090909090909,2
"PCDHB18",2,0,28,30,6.66666666666667,2
"PCDHB6",2,0,4,6,33.3333333333333,2
"PCDHB7",2,1,31,34,5.88235294117647,3
"PCDHGA3",2,0,19,21,9.52380952380952,2
"PCMTD1",2,0,20,22,9.09090909090909,2
"PDCD6IP",2,1,15,18,11.1111111111111,3
"PDE3B",2,0,9,11,18.1818181818182,2
"PDE4DIP",2,0,8,10,20,2
"PDZD2",2,0,12,14,14.2857142857143,2
"PEAK1",2,0,5,7,28.5714285714286,2
"PELI2",2,0,26,28,7.14285714285714,2
"PELO",2,1,18,21,9.52380952380952,3
"PEX19",2,1,11,14,14.2857142857143,3
"PEX2",2,2,14,18,11.1111111111111,4
"PEX26",2,0,36,38,5.26315789473684,2
"PFDN5",2,0,31,33,6.06060606060606,2
"PFKFB2",2,0,25,27,7.40740740740741,2
"PFKFB3",2,0,11,13,15.3846153846154,2
"PFKM",2,0,9,11,18.1818181818182,2
"PGK2",2,2,8,12,16.6666666666667,4
"PGM2L1",2,0,2,4,50,2
"PGP",2,0,6,8,25,2
"PGRMC2",2,1,33,36,5.55555555555556,3
"PHC2",2,0,14,16,12.5,2
"PHLDB3",2,0,3,5,40,2
"PHOX2A",2,0,21,23,8.69565217391304,2
"PI4KA",2,0,3,5,40,2
"PICALM",2,1,37,40,5,3
"PIGT",2,0,10,12,16.6666666666667,2
"PIK3R3",2,0,21,23,8.69565217391304,2
"PITPNA",2,0,7,9,22.2222222222222,2
"PITPNA-AS1",2,0,9,11,18.1818181818182,2
"PITPNC1",2,0,5,7,28.5714285714286,2
"PITX3",2,0,13,15,13.3333333333333,2
"PKD1",2,1,9,12,16.6666666666667,3
"PKD2L2",2,0,11,13,15.3846153846154,2
"PKM",2,0,7,9,22.2222222222222,2
"PKP4",2,0,13,15,13.3333333333333,2
"PLA2G15",2,0,14,16,12.5,2
"PLA2G16",2,0,2,4,50,2
"PLA2G4A",2,1,17,20,10,3
"PLAUR",2,0,15,17,11.7647058823529,2
"PLD1",2,0,10,12,16.6666666666667,2
"PLEKHA2",2,0,23,25,8,2
"PLEKHA6",2,0,13,15,13.3333333333333,2
"PLEKHG6",2,0,17,19,10.5263157894737,2
"PLEKHM3",2,0,21,23,8.69565217391304,2
"PLGRKT",2,1,19,22,9.09090909090909,3
"PLIN3",2,0,4,6,33.3333333333333,2
"PLK2",2,0,35,37,5.40540540540541,2
"PLOD2",2,4,15,21,9.52380952380952,6
"PLSCR5",2,5,12,19,10.5263157894737,7
"PLSCR5-AS1",2,4,11,17,11.7647058823529,6
"PLXDC2",2,0,13,15,13.3333333333333,2
"PML",2,0,9,11,18.1818181818182,2
"PNKD",2,0,41,43,4.65116279069767,2
"PNN",2,3,17,22,9.09090909090909,5
"POC1B",2,0,11,13,15.3846153846154,2
"POC1B-GALNT4",2,0,11,13,15.3846153846154,2
"POLA2",2,0,5,7,28.5714285714286,2
"POLH",2,0,3,5,40,2
"POLM",2,0,26,28,7.14285714285714,2
"POLR1D",2,0,5,7,28.5714285714286,2
"POLR2B",2,0,35,37,5.40540540540541,2
"POLR3B",2,1,16,19,10.5263157894737,3
"POLR3C",2,0,16,18,11.1111111111111,2
"POMGNT1",2,0,11,13,15.3846153846154,2
"POU1F1",2,0,15,17,11.7647058823529,2
"POU2F1",2,0,6,8,25,2
"POU3F1",2,0,17,19,10.5263157894737,2
"PP13439",2,0,10,12,16.6666666666667,2
"PPARG",2,2,32,36,5.55555555555556,4
"PPCDC",2,0,8,10,20,2
"PPM1N",2,0,11,13,15.3846153846154,2
"PPP1R13L",2,0,6,8,25,2
"PPP1R14BP2",2,0,9,11,18.1818181818182,2
"PPP1R2",2,1,12,15,13.3333333333333,3
"PPP1R21",2,0,28,30,6.66666666666667,2
"PPP2R4",2,0,5,7,28.5714285714286,2
"PPP3R1",2,2,14,18,11.1111111111111,4
"PRDM10",2,0,31,33,6.06060606060606,2
"PRDM11",2,0,19,21,9.52380952380952,2
"PRELP",2,0,16,18,11.1111111111111,2
"PRG2",2,0,23,25,8,2
"PRICKLE2-AS1",2,0,22,24,8.33333333333333,2
"PRKAA1",2,0,12,14,14.2857142857143,2
"PRKCB",2,0,12,14,14.2857142857143,2
"PRNT",2,0,20,22,9.09090909090909,2
"PROK1",2,0,6,8,25,2
"PROKR1",2,0,2,4,50,2
"PROSC",2,0,6,8,25,2
"PRPF39",2,3,28,33,6.06060606060606,5
"PRPF40B",2,0,11,13,15.3846153846154,2
"PRR14",2,0,11,13,15.3846153846154,2
"PRR18",2,0,5,7,28.5714285714286,2
"PRR5",2,0,10,12,16.6666666666667,2
"PRR7",2,0,6,8,25,2
"PRRC2C",2,1,27,30,6.66666666666667,3
"PRSS23",2,0,14,16,12.5,2
"PRSS36",2,0,37,39,5.12820512820513,2
"PRSS8",2,0,32,34,5.88235294117647,2
"PSD2",2,2,16,20,10,4
"PSMA1",2,0,9,11,18.1818181818182,2
"PSMD7",2,1,68,71,2.8169014084507,3
"PSPC1",2,2,19,23,8.69565217391304,4
"PSTPIP2",2,0,4,6,33.3333333333333,2
"PTEN",2,1,23,26,7.69230769230769,3
"PTGER4",2,0,27,29,6.89655172413793,2
"PTGS2",2,1,9,12,16.6666666666667,3
"PTPLAD2",2,0,2,4,50,2
"PTPRH",2,0,6,8,25,2
"PURB",2,0,17,19,10.5263157894737,2
"PVRL4",2,0,16,18,11.1111111111111,2
"PWWP2B",2,0,10,12,16.6666666666667,2
"PYGB",2,1,32,35,5.71428571428571,3
"RAB26",2,1,10,13,15.3846153846154,3
"RAB32",2,2,14,18,11.1111111111111,4
"RAB3IP",2,0,3,5,40,2
"RAB4A",2,0,10,12,16.6666666666667,2
"RAD17",2,0,22,24,8.33333333333333,2
"RAD51",2,0,5,7,28.5714285714286,2
"RAD51-AS1",2,0,5,7,28.5714285714286,2
"RALGPS2",2,1,11,14,14.2857142857143,3
"RAMP1",2,0,41,43,4.65116279069767,2
"RANBP1",2,0,5,7,28.5714285714286,2
"RAPGEF6",2,0,5,7,28.5714285714286,2
"RARA",2,2,21,25,8,4
"RASGRF1",2,0,7,9,22.2222222222222,2
"RASIP1",2,0,4,6,33.3333333333333,2
"RASL10B",2,0,1,3,66.6666666666667,2
"RASSF1",2,0,7,9,22.2222222222222,2
"RBL2",2,2,19,23,8.69565217391304,4
"RBM45",2,1,15,18,11.1111111111111,3
"RBPJ",2,0,13,15,13.3333333333333,2
"RBPMS2",2,0,5,7,28.5714285714286,2
"RCL1",2,0,4,6,33.3333333333333,2
"REEP4",2,0,3,5,40,2
"REM2",2,0,11,13,15.3846153846154,2
"REPS1",2,0,5,7,28.5714285714286,2
"RFXAP",2,1,26,29,6.89655172413793,3
"RGP1",2,0,5,7,28.5714285714286,2
"RHAG",2,2,10,14,14.2857142857143,4
"RHOU",2,0,5,7,28.5714285714286,2
"RICTOR",2,0,16,18,11.1111111111111,2
"RILP",2,0,6,8,25,2
"RIOK1",2,0,22,24,8.33333333333333,2
"RLTPR",2,0,26,28,7.14285714285714,2
"RMI1",2,2,34,38,5.26315789473684,4
"RMND1",2,1,16,19,10.5263157894737,3
"RMND5B",2,1,7,10,20,3
"RN7SL103P",2,0,22,24,8.33333333333333,2
"RN7SL111P",2,0,6,8,25,2
"RN7SL312P",2,0,8,10,20,2
"RN7SL36P",2,0,23,25,8,2
"RN7SL393P",2,0,13,15,13.3333333333333,2
"RN7SL473P",2,0,26,28,7.14285714285714,2
"RN7SL600P",2,0,26,28,7.14285714285714,2
"RN7SL651P",2,0,17,19,10.5263157894737,2
"RN7SL845P",2,1,20,23,8.69565217391304,3
"RNA5SP192",2,0,8,10,20,2
"RNA5SP351",2,0,16,18,11.1111111111111,2
"RNA5SP440",2,0,3,5,40,2
"RNA5SP481",2,0,1,3,66.6666666666667,2
"RNASE11",2,0,26,28,7.14285714285714,2
"RNASE6",2,0,42,44,4.54545454545455,2
"RNASE9",2,0,8,10,20,2
"RNF115",2,0,16,18,11.1111111111111,2
"RNF130",2,1,19,22,9.09090909090909,3
"RNF14",2,2,25,29,6.89655172413793,4
"RNF146",2,1,10,13,15.3846153846154,3
"RNF157",2,0,8,10,20,2
"RNF181",2,0,0,2,100,2
"RNF2",2,1,6,9,22.2222222222222,3
"RNF207",2,0,29,31,6.45161290322581,2
"RNF7",2,0,16,18,11.1111111111111,2
"RNGTT",2,0,9,11,18.1818181818182,2
"RNU1-19P",2,0,10,12,16.6666666666667,2
"RNU1-58P",2,0,6,8,25,2
"RNU1-83P",2,0,1,3,66.6666666666667,2
"RNU105C",2,1,15,18,11.1111111111111,3
"RNU2-15P",2,0,16,18,11.1111111111111,2
"RNU2-31P",2,1,14,17,11.7647058823529,3
"RNU2-37P",2,0,7,9,22.2222222222222,2
"RNU2-43P",2,0,17,19,10.5263157894737,2
"RNU4-41P",2,2,21,25,8,4
"RNU4-7P",2,1,4,7,28.5714285714286,3
"RNU6-1005P",2,1,9,12,16.6666666666667,3
"RNU6-1031P",2,0,11,13,15.3846153846154,2
"RNU6-1043P",2,0,22,24,8.33333333333333,2
"RNU6-1058P",2,0,9,11,18.1818181818182,2
"RNU6-1111P",2,0,9,11,18.1818181818182,2
"RNU6-1154P",2,0,11,13,15.3846153846154,2
"RNU6-1180P",2,0,19,21,9.52380952380952,2
"RNU6-1181P",2,0,2,4,50,2
"RNU6-1201P",2,0,4,6,33.3333333333333,2
"RNU6-128P",2,0,8,10,20,2
"RNU6-1311P",2,0,9,11,18.1818181818182,2
"RNU6-1338P",2,0,26,28,7.14285714285714,2
"RNU6-142P",2,0,18,20,10,2
"RNU6-180P",2,0,2,4,50,2
"RNU6-196P",2,1,9,12,16.6666666666667,3
"RNU6-213P",2,1,28,31,6.45161290322581,3
"RNU6-260P",2,0,10,12,16.6666666666667,2
"RNU6-343P",2,0,5,7,28.5714285714286,2
"RNU6-372P",2,0,13,15,13.3333333333333,2
"RNU6-423P",2,1,13,16,12.5,3
"RNU6-430P",2,0,8,10,20,2
"RNU6-431P",2,0,9,11,18.1818181818182,2
"RNU6-440P",2,0,10,12,16.6666666666667,2
"RNU6-451P",2,0,18,20,10,2
"RNU6-459P",2,0,20,22,9.09090909090909,2
"RNU6-494P",2,0,20,22,9.09090909090909,2
"RNU6-541P",2,1,25,28,7.14285714285714,3
"RNU6-548P",2,0,3,5,40,2
"RNU6-560P",2,1,31,34,5.88235294117647,3
"RNU6-586P",2,0,5,7,28.5714285714286,2
"RNU6-594P",2,0,8,10,20,2
"RNU6-640P",2,0,33,35,5.71428571428571,2
"RNU6-664P",2,0,9,11,18.1818181818182,2
"RNU6-689P",2,0,6,8,25,2
"RNU6-727P",2,0,4,6,33.3333333333333,2
"RNU6-752P",2,0,43,45,4.44444444444444,2
"RNU6-761P",2,0,11,13,15.3846153846154,2
"RNU6-773P",2,1,23,26,7.69230769230769,3
"RNU6-797P",2,0,7,9,22.2222222222222,2
"RNU6-840P",2,1,11,14,14.2857142857143,3
"RNU6-850P",2,0,13,15,13.3333333333333,2
"RNU6-888P",2,0,9,11,18.1818181818182,2
"RNU6-915P",2,0,2,4,50,2
"RNU6-921P",2,0,25,27,7.40740740740741,2
"RNU6-999P",2,0,11,13,15.3846153846154,2
"RNU6ATAC14P",2,0,3,5,40,2
"RNU6ATAC24P",2,1,12,15,13.3333333333333,3
"RNU6ATAC32P",2,1,11,14,14.2857142857143,3
"RNU6ATAC8P",2,0,6,8,25,2
"RNU7-110P",2,2,36,40,5,4
"RNU7-111P",2,0,9,11,18.1818181818182,2
"RNU7-124P",2,0,28,30,6.66666666666667,2
"RNU7-133P",2,0,14,16,12.5,2
"RNU7-136P",2,0,0,2,100,2
"RNU7-171P",2,0,5,7,28.5714285714286,2
"RNU7-172P",2,1,19,22,9.09090909090909,3
"RNU7-181P",2,0,13,15,13.3333333333333,2
"RNU7-193P",2,0,11,13,15.3846153846154,2
"RNU7-46P",2,2,19,23,8.69565217391304,4
"RNU7-5P",2,0,27,29,6.89655172413793,2
"RNY4P17",2,0,22,24,8.33333333333333,2
"ROMO1",2,0,15,17,11.7647058823529,2
"RP1-102K2.6",2,0,2,4,50,2
"RP1-120G22.11",2,0,29,31,6.45161290322581,2
"RP1-167A14.2",2,0,23,25,8,2
"RP1-212P9.3",2,0,14,16,12.5,2
"RP1-234P15.4",2,1,37,40,5,3
"RP1-34B20.4",2,0,35,37,5.40540540540541,2
"RP1-3J17.3",2,1,25,28,7.14285714285714,3
"RP1-76B20.11",2,0,2,4,50,2
"RP1-76B20.12",2,0,2,4,50,2
"RP1-90J20.10",2,0,12,14,14.2857142857143,2
"RP1-93H18.6",2,1,41,44,4.54545454545455,3
"RP11-102C16.3",2,0,9,11,18.1818181818182,2
"RP11-107N15.1",2,0,15,17,11.7647058823529,2
"RP11-1094H24.3",2,0,40,42,4.76190476190476,2
"RP11-109P14.10",2,0,15,17,11.7647058823529,2
"RP11-109P14.9",2,0,4,6,33.3333333333333,2
"RP11-10C24.1",2,1,15,18,11.1111111111111,3
"RP11-10C24.2",2,1,15,18,11.1111111111111,3
"RP11-10C24.3",2,1,15,18,11.1111111111111,3
"RP11-110G21.1",2,0,20,22,9.09090909090909,2
"RP11-110G21.2",2,0,20,22,9.09090909090909,2
"RP11-112J3.15",2,0,5,7,28.5714285714286,2
"RP11-1148O4.2",2,0,9,11,18.1818181818182,2
"RP11-116G8.5",2,1,4,7,28.5714285714286,3
"RP11-122C5.3",2,0,12,14,14.2857142857143,2
"RP11-124N14.3",2,0,28,30,6.66666666666667,2
"RP11-131L23.1",2,0,2,4,50,2
"RP11-141B14.1",2,2,30,34,5.88235294117647,4
"RP11-144L1.4",2,0,19,21,9.52380952380952,2
"RP11-145E5.5",2,2,33,37,5.40540540540541,4
"RP11-146F11.1",2,0,22,24,8.33333333333333,2
"RP11-146F11.5",2,0,12,14,14.2857142857143,2
"RP11-149I23.3",2,0,2,4,50,2
"RP11-151H2.1",2,0,8,10,20,2
"RP11-158H5.7",2,0,10,12,16.6666666666667,2
"RP11-159M11.2",2,0,3,5,40,2
"RP11-162J8.2",2,0,14,16,12.5,2
"RP11-162J8.3",2,0,24,26,7.69230769230769,2
"RP11-167P22.3",2,1,12,15,13.3333333333333,3
"RP11-168K11.2",2,0,22,24,8.33333333333333,2
"RP11-169K16.9",2,0,4,6,33.3333333333333,2
"RP11-16K12.1",2,0,6,8,25,2
"RP11-175P19.2",2,2,33,37,5.40540540540541,4
"RP11-17A1.3",2,0,3,5,40,2
"RP11-17G12.3",2,0,10,12,16.6666666666667,2
"RP11-180K7.1",2,0,14,16,12.5,2
"RP11-187A9.3",2,2,10,14,14.2857142857143,4
"RP11-190C22.8",2,0,8,10,20,2
"RP11-190C22.9",2,0,9,11,18.1818181818182,2
"RP11-191A15.4",2,3,39,44,4.54545454545455,5
"RP11-191L17.1",2,0,28,30,6.66666666666667,2
"RP11-197N18.2",2,0,6,8,25,2
"RP11-203B9.4",2,1,34,37,5.40540540540541,3
"RP11-203F10.5",2,0,9,11,18.1818181818182,2
"RP11-211G3.2",2,1,53,56,3.57142857142857,3
"RP11-216B9.6",2,0,8,10,20,2
"RP11-216L13.17",2,0,7,9,22.2222222222222,2
"RP11-216L13.18",2,0,12,14,14.2857142857143,2
"RP11-216L13.19",2,0,13,15,13.3333333333333,2
"RP11-219B4.5",2,3,16,21,9.52380952380952,5
"RP11-219O3.2",2,1,6,9,22.2222222222222,3
"RP11-21A7A.3",2,0,5,7,28.5714285714286,2
"RP11-225N10.1",2,0,15,17,11.7647058823529,2
"RP11-227D13.1",2,2,18,22,9.09090909090909,4
"RP11-247C2.2",2,0,6,8,25,2
"RP11-259P20.1",2,1,31,34,5.88235294117647,3
"RP11-265D17.2",2,0,11,13,15.3846153846154,2
"RP11-277B15.3",2,0,6,8,25,2
"RP11-277J6.2",2,1,7,10,20,3
"RP11-27K13.3",2,0,29,31,6.45161290322581,2
"RP11-283G6.3",2,1,28,31,6.45161290322581,3
"RP11-284F21.10",2,1,12,15,13.3333333333333,3
"RP11-284F21.9",2,1,12,15,13.3333333333333,3
"RP11-288L9.4",2,0,9,11,18.1818181818182,2
"RP11-293A21.1",2,0,10,12,16.6666666666667,2
"RP11-293M10.2",2,1,56,59,3.38983050847458,3
"RP11-297A16.2",2,0,27,29,6.89655172413793,2
"RP11-297D21.2",2,0,9,11,18.1818181818182,2
"RP11-297K8.2",2,0,7,9,22.2222222222222,2
"RP11-304L19.11",2,0,6,8,25,2
"RP11-304L19.12",2,0,6,8,25,2
"RP11-304L19.5",2,1,10,13,15.3846153846154,3
"RP11-304L19.8",2,0,6,8,25,2
"RP11-306G20.1",2,1,6,9,22.2222222222222,3
"RP11-317J10.2",2,2,26,30,6.66666666666667,4
"RP11-322N21.2",2,0,21,23,8.69565217391304,2
"RP11-326K13.4",2,1,20,23,8.69565217391304,3
"RP11-331K21.1",2,0,8,10,20,2
"RP11-337A23.3",2,2,32,36,5.55555555555556,4
"RP11-338C15.5",2,0,13,15,13.3333333333333,2
"RP11-342M1.3",2,0,3,5,40,2
"RP11-346C20.3",2,0,31,33,6.06060606060606,2
"RP11-346C20.4",2,0,31,33,6.06060606060606,2
"RP11-346I3.4",2,1,33,36,5.55555555555556,3
"RP11-349J5.2",2,4,34,40,5,6
"RP11-34D15.2",2,0,16,18,11.1111111111111,2
"RP11-356I2.4",2,0,27,29,6.89655172413793,2
"RP11-366L20.2",2,0,7,9,22.2222222222222,2
"RP11-375N15.2",2,0,5,7,28.5714285714286,2
"RP11-378A13.2",2,0,20,22,9.09090909090909,2
"RP11-380D23.1",2,1,23,26,7.69230769230769,3
"RP11-381K20.2",2,0,11,13,15.3846153846154,2
"RP11-382D12.2",2,0,12,14,14.2857142857143,2
"RP11-385F7.1",2,1,15,18,11.1111111111111,3
"RP11-388M20.2",2,0,32,34,5.88235294117647,2
"RP11-390E23.6",2,1,20,23,8.69565217391304,3
"RP11-390K5.3",2,0,18,20,10,2
"RP11-390K5.6",2,0,18,20,10,2
"RP11-394O4.3",2,0,16,18,11.1111111111111,2
"RP11-399K21.10",2,0,9,11,18.1818181818182,2
"RP11-399K21.11",2,1,8,11,18.1818181818182,3
"RP11-404E16.1",2,0,31,33,6.06060606060606,2
"RP11-407N17.4",2,3,17,22,9.09090909090909,5
"RP11-414H17.5",2,0,7,9,22.2222222222222,2
"RP11-420K8.1",2,0,23,25,8,2
"RP11-421F16.3",2,0,4,6,33.3333333333333,2
"RP11-422P24.10",2,0,18,20,10,2
"RP11-425D10.10",2,0,19,21,9.52380952380952,2
"RP11-428K3.1",2,1,11,14,14.2857142857143,3
"RP11-432J24.3",2,0,8,10,20,2
"RP11-432J9.5",2,0,10,12,16.6666666666667,2
"RP11-433M22.1",2,0,2,4,50,2
"RP11-434D11.4",2,0,26,28,7.14285714285714,2
"RP11-444E17.6",2,0,5,7,28.5714285714286,2
"RP11-44N12.5",2,0,4,6,33.3333333333333,2
"RP11-44N21.4",2,0,11,13,15.3846153846154,2
"RP11-465L10.10",2,1,14,17,11.7647058823529,3
"RP11-46A10.2",2,1,10,13,15.3846153846154,3
"RP11-46A10.5",2,0,8,10,20,2
"RP11-46C24.3",2,0,18,20,10,2
"RP11-46C24.7",2,0,9,11,18.1818181818182,2
"RP11-474G23.1",2,2,14,18,11.1111111111111,4
"RP11-477J21.6",2,0,7,9,22.2222222222222,2
"RP11-47I22.1",2,0,43,45,4.44444444444444,2
"RP11-47I22.2",2,0,47,49,4.08163265306122,2
"RP11-47I22.3",2,0,47,49,4.08163265306122,2
"RP11-481C4.1",2,1,53,56,3.57142857142857,3
"RP11-483A20.3",2,0,22,24,8.33333333333333,2
"RP11-484D2.2",2,1,14,17,11.7647058823529,3
"RP11-485O10.3",2,3,11,16,12.5,5
"RP11-486A14.2",2,1,35,38,5.26315789473684,3
"RP11-489E7.4",2,0,8,10,20,2
"RP11-490M8.1",2,0,45,47,4.25531914893617,2
"RP11-498B4.5",2,1,3,6,33.3333333333333,3
"RP11-49I4.3",2,2,20,24,8.33333333333333,4
"RP11-503E24.2",2,0,14,16,12.5,2
"RP11-505P4.7",2,0,30,32,6.25,2
"RP11-517H2.6",2,0,23,25,8,2
"RP11-519G16.3",2,0,27,29,6.89655172413793,2
"RP11-539I5.1",2,2,8,12,16.6666666666667,4
"RP11-53O19.1",2,2,24,28,7.14285714285714,4
"RP11-541P9.3",2,0,34,36,5.55555555555556,2
"RP11-542C16.1",2,0,7,9,22.2222222222222,2
"RP11-542C16.2",2,0,11,13,15.3846153846154,2
"RP11-542K23.9",2,0,6,8,25,2
"RP11-544M22.13",2,0,5,7,28.5714285714286,2
"RP11-544M22.3",2,0,5,7,28.5714285714286,2
"RP11-544M22.8",2,0,14,16,12.5,2
"RP11-545M17.1",2,2,17,21,9.52380952380952,4
"RP11-545M17.3",2,2,17,21,9.52380952380952,4
"RP11-545N8.3",2,0,18,20,10,2
"RP11-549L6.3",2,1,46,49,4.08163265306122,3
"RP11-54A4.2",2,0,26,28,7.14285714285714,2
"RP11-55K13.1",2,0,23,25,8,2
"RP11-563J2.2",2,0,4,6,33.3333333333333,2
"RP11-574K11.8",2,0,17,19,10.5263157894737,2
"RP11-582J16.5",2,1,21,24,8.33333333333333,3
"RP11-588G21.2",2,0,3,5,40,2
"RP11-589P10.7",2,0,10,12,16.6666666666667,2
"RP11-603J24.17",2,0,8,10,20,2
"RP11-61E11.2",2,0,33,35,5.71428571428571,2
"RP11-61L14.6",2,0,20,22,9.09090909090909,2
"RP11-626I20.1",2,1,2,5,40,3
"RP11-626I20.2",2,1,2,5,40,3
"RP11-631N16.2",2,1,17,20,10,3
"RP11-637A17.2",2,1,15,18,11.1111111111111,3
"RP11-638I2.4",2,0,19,21,9.52380952380952,2
"RP11-638I2.9",2,0,15,17,11.7647058823529,2
"RP11-649E7.5",2,0,10,12,16.6666666666667,2
"RP11-659E9.2",2,1,11,14,14.2857142857143,3
"RP11-667K14.3",2,1,30,33,6.06060606060606,3
"RP11-667K14.4",2,1,30,33,6.06060606060606,3
"RP11-672A2.3",2,0,3,5,40,2
"RP11-67C2.2",2,2,22,26,7.69230769230769,4
"RP11-680A11.5",2,0,21,23,8.69565217391304,2
"RP11-691N7.6",2,0,13,15,13.3333333333333,2
"RP11-697H9.2",2,0,8,10,20,2
"RP11-697H9.3",2,0,2,4,50,2
"RP11-697H9.4",2,0,8,10,20,2
"RP11-69L16.4",2,0,19,21,9.52380952380952,2
"RP11-702H23.4",2,0,2,4,50,2
"RP11-702H23.6",2,1,8,11,18.1818181818182,3
"RP11-728F11.3",2,1,49,52,3.84615384615385,3
"RP11-730K11.1",2,0,11,13,15.3846153846154,2
"RP11-732A19.2",2,0,30,32,6.25,2
"RP11-734K2.4",2,0,11,13,15.3846153846154,2
"RP11-744N12.3",2,0,16,18,11.1111111111111,2
"RP11-755B10.4",2,0,9,11,18.1818181818182,2
"RP11-761B3.1",2,0,31,33,6.06060606060606,2
"RP11-77G23.2",2,0,15,17,11.7647058823529,2
"RP11-77G23.5",2,0,13,15,13.3333333333333,2
"RP11-793H13.10",2,1,18,21,9.52380952380952,3
"RP11-796E2.4",2,2,34,38,5.26315789473684,4
"RP11-798M19.3",2,1,7,10,20,3
"RP11-79O8.1",2,0,30,32,6.25,2
"RP11-7C6.1",2,0,28,30,6.66666666666667,2
"RP11-7O11.3",2,0,12,14,14.2857142857143,2
"RP11-817J15.2",2,2,34,38,5.26315789473684,4
"RP11-81H14.2",2,2,19,23,8.69565217391304,4
"RP11-834C11.10",2,0,11,13,15.3846153846154,2
"RP11-834C11.8",2,0,11,13,15.3846153846154,2
"RP11-849H4.4",2,0,21,23,8.69565217391304,2
"RP11-857B24.5",2,4,24,30,6.66666666666667,6
"RP11-85O21.2",2,0,23,25,8,2
"RP11-85O21.4",2,0,23,25,8,2
"RP11-85O21.5",2,0,15,17,11.7647058823529,2
"RP11-867G23.12",2,0,4,6,33.3333333333333,2
"RP11-950C14.3",2,0,4,6,33.3333333333333,2
"RP11-967K21.1",2,0,13,15,13.3333333333333,2
"RP11-968A15.2",2,0,10,12,16.6666666666667,2
"RP11-977G19.14",2,0,11,13,15.3846153846154,2
"RP11-97N19.2",2,0,16,18,11.1111111111111,2
"RP11-98C1.1",2,0,9,11,18.1818181818182,2
"RP13-30A9.1",2,0,26,28,7.14285714285714,2
"RP13-30A9.2",2,0,26,28,7.14285714285714,2
"RP13-512J5.1",2,0,21,23,8.69565217391304,2
"RP13-516M14.2",2,0,7,9,22.2222222222222,2
"RP3-322G13.7",2,0,26,28,7.14285714285714,2
"RP3-335N17.2",2,0,1,3,66.6666666666667,2
"RP3-414A15.11",2,1,16,19,10.5263157894737,3
"RP3-414A15.2",2,1,16,19,10.5263157894737,3
"RP3-430A16.1",2,1,22,25,8,3
"RP3-496C20.1",2,0,15,17,11.7647058823529,2
"RP3-510O8.4",2,0,9,11,18.1818181818182,2
"RP3-512E2.2",2,0,18,20,10,2
"RP3-521E19.2",2,0,10,12,16.6666666666667,2
"RP4-530I15.9",2,1,26,29,6.89655172413793,3
"RP4-665N4.4",2,0,10,12,16.6666666666667,2
"RP4-673M15.1",2,0,17,19,10.5263157894737,2
"RP4-706G24.1",2,0,16,18,11.1111111111111,2
"RP4-761J14.8",2,1,14,17,11.7647058823529,3
"RP4-800G7.1",2,0,1,3,66.6666666666667,2
"RP4-800G7.2",2,1,9,12,16.6666666666667,3
"RP5-1002M8.4",2,0,2,4,50,2
"RP5-1022P6.5",2,1,42,45,4.44444444444444,3
"RP5-1029F21.3",2,0,23,25,8,2
"RP5-1056L3.1",2,0,28,30,6.66666666666667,2
"RP5-1061H20.3",2,0,10,12,16.6666666666667,2
"RP5-1061H20.4",2,0,10,12,16.6666666666667,2
"RP5-1073O3.7",2,2,14,18,11.1111111111111,4
"RP5-1096J16.1",2,0,5,7,28.5714285714286,2
"RP5-1115A15.2",2,0,11,13,15.3846153846154,2
"RP5-1120P11.1",2,0,21,23,8.69565217391304,2
"RP5-1160K1.8",2,0,38,40,5,2
"RP5-1170K4.7",2,2,41,45,4.44444444444444,4
"RP5-855F16.1",2,1,5,8,25,3
"RP5-866L20.2",2,0,5,7,28.5714285714286,2
"RP5-884C9.2",2,0,17,19,10.5263157894737,2
"RP5-902P8.10",2,0,15,17,11.7647058823529,2
"RP5-919F19.5",2,0,4,6,33.3333333333333,2
"RP5-968P14.2",2,0,13,15,13.3333333333333,2
"RP5-973M2.2",2,1,9,12,16.6666666666667,3
"RP5-997D24.3",2,0,8,10,20,2
"RPE",2,3,25,30,6.66666666666667,5
"RPL10P14",2,0,47,49,4.08163265306122,2
"RPL14",2,1,18,21,9.52380952380952,3
"RPL17",2,0,6,8,25,2
"RPL22",2,0,29,31,6.45161290322581,2
"RPL23A",2,0,31,33,6.06060606060606,2
"RPL24",2,1,17,20,10,3
"RPL36AL",2,0,10,12,16.6666666666667,2
"RPL41",2,0,8,10,20,2
"RPL7L1",2,0,6,8,25,2
"RPL7P42",2,1,15,18,11.1111111111111,3
"RPN1",2,0,14,16,12.5,2
"RPP38",2,0,22,24,8.33333333333333,2
"RPS18P1",2,1,42,45,4.44444444444444,3
"RPS21",2,0,26,28,7.14285714285714,2
"RPS4XP13",2,0,4,6,33.3333333333333,2
"RPS6KL1",2,0,11,13,15.3846153846154,2
"RPSA",2,0,8,10,20,2
"RRM1",2,1,32,35,5.71428571428571,3
"RRNAD1",2,1,35,38,5.26315789473684,3
"RRP1B",2,0,9,11,18.1818181818182,2
"RRS1",2,1,33,36,5.55555555555556,3
"RSPH9",2,0,16,18,11.1111111111111,2
"RSPO3",2,1,12,15,13.3333333333333,3
"RTFDC1",2,0,19,21,9.52380952380952,2
"RTN2",2,0,11,13,15.3846153846154,2
"RUSC1",2,0,14,16,12.5,2
"RUSC1-AS1",2,0,14,16,12.5,2
"RUVBL1",2,0,7,9,22.2222222222222,2
"RUVBL1-AS1",2,0,7,9,22.2222222222222,2
"RWDD4",2,0,8,10,20,2
"RYBP",2,0,50,52,3.84615384615385,2
"SAE1",2,0,9,11,18.1818181818182,2
"SAMD4A",2,0,33,35,5.71428571428571,2
"SAMD8",2,0,7,9,22.2222222222222,2
"SAMSN1-AS1",2,0,11,13,15.3846153846154,2
"SAP30L",2,0,29,31,6.45161290322581,2
"SAP30L-AS1",2,0,29,31,6.45161290322581,2
"SAR1B",2,0,9,11,18.1818181818182,2
"SBF2",2,0,21,23,8.69565217391304,2
"SBSN",2,0,20,22,9.09090909090909,2
"SCAMP2",2,1,13,16,12.5,3
"SCAPER",2,0,13,15,13.3333333333333,2
"SCARF1",2,0,6,8,25,2
"SCARNA15.2",2,0,3,5,40,2
"SCARNA16.4",2,0,18,20,10,2
"SCARNA20.3",2,0,8,10,20,2
"SCARNA5",2,0,27,29,6.89655172413793,2
"SCD",2,0,16,18,11.1111111111111,2
"SCNN1G",2,0,11,13,15.3846153846154,2
"SCOC",2,0,36,38,5.26315789473684,2
"SDC3",2,1,12,15,13.3333333333333,3
"SDK2",2,1,7,10,20,3
"SEC11A",2,1,3,6,33.3333333333333,3
"SEC23A",2,2,17,21,9.52380952380952,4
"SEC24B",2,1,14,17,11.7647058823529,3
"SEC24B-AS1",2,1,14,17,11.7647058823529,3
"SEC31A",2,0,14,16,12.5,2
"SECTM1",2,0,10,12,16.6666666666667,2
"SEH1L",2,0,13,15,13.3333333333333,2
"SEMA7A",2,0,15,17,11.7647058823529,2
"SENCR",2,0,24,26,7.69230769230769,2
"SENP1",2,0,9,11,18.1818181818182,2
"SENP3",2,0,2,4,50,2
"SENP5",2,0,3,5,40,2
"SENP6",2,0,26,28,7.14285714285714,2
"SEP15",2,1,20,23,8.69565217391304,3
"SEPT2",2,0,9,11,18.1818181818182,2
"SERPINB6",2,0,7,9,22.2222222222222,2
"SERPINB9",2,0,12,14,14.2857142857143,2
"SESN1",2,0,4,6,33.3333333333333,2
"SESN3",2,0,16,18,11.1111111111111,2
"SETD2",2,0,5,7,28.5714285714286,2
"SETD3",2,2,13,17,11.7647058823529,4
"SETD5",2,0,15,17,11.7647058823529,2
"SETD5-AS1",2,0,15,17,11.7647058823529,2
"SFR1",2,0,34,36,5.55555555555556,2
"SFT2D1",2,0,13,15,13.3333333333333,2
"SFTPB",2,0,18,20,10,2
"SH2B2",2,0,29,31,6.45161290322581,2
"SH3RF2",2,1,12,15,13.3333333333333,3
"SHMT2",2,0,10,12,16.6666666666667,2
"SHROOM1",2,0,9,11,18.1818181818182,2
"SIAH1",2,0,24,26,7.69230769230769,2
"SIGLEC10",2,0,3,5,40,2
"SIGLEC8",2,0,22,24,8.33333333333333,2
"SIK3",2,0,38,40,5,2
"SIM2",2,0,5,7,28.5714285714286,2
"SIT1",2,0,4,6,33.3333333333333,2
"SLC12A5",2,1,14,17,11.7647058823529,3
"SLC14A1",2,0,5,7,28.5714285714286,2
"SLC16A3",2,0,7,9,22.2222222222222,2
"SLC17A5",2,0,32,34,5.88235294117647,2
"SLC20A2",2,0,14,16,12.5,2
"SLC22A15",2,0,5,7,28.5714285714286,2
"SLC24A3",2,0,16,18,11.1111111111111,2
"SLC25A40",2,0,16,18,11.1111111111111,2
"SLC25A42",2,0,8,10,20,2
"SLC2A1",2,0,2,4,50,2
"SLC2A1-AS1",2,0,2,4,50,2
"SLC30A7",2,1,26,29,6.89655172413793,3
"SLC35A5",2,0,20,22,9.09090909090909,2
"SLC35B2",2,0,8,10,20,2
"SLC39A1",2,0,18,20,10,2
"SLC39A10",2,0,14,16,12.5,2
"SLC44A2",2,0,3,5,40,2
"SLC45A4",2,0,34,36,5.55555555555556,2
"SLC4A8",2,0,3,5,40,2
"SLC7A7",2,0,20,22,9.09090909090909,2
"SLC7A8",2,0,9,11,18.1818181818182,2
"SLC9A2",2,0,14,16,12.5,2
"SLC9B1",2,1,47,50,4,3
"SLIRP",2,0,15,17,11.7647058823529,2
"SMAD9-AS1",2,0,17,19,10.5263157894737,2
"SMC3",2,1,27,30,6.66666666666667,3
"SMC6",2,1,19,22,9.09090909090909,3
"SMG5",2,0,14,16,12.5,2
"SMG9",2,0,6,8,25,2
"SMIM15",2,0,13,15,13.3333333333333,2
"SMIM19",2,0,14,16,12.5,2
"SMPD1",2,0,24,26,7.69230769230769,2
"SNAI2",2,4,53,59,3.38983050847458,6
"SNAP29",2,0,3,5,40,2
"SNHG5",2,2,30,34,5.88235294117647,4
"SNORA12.2",2,0,23,25,8,2
"SNORA30",2,0,17,19,10.5263157894737,2
"SNORA31.8",2,0,21,23,8.69565217391304,2
"SNORA34",2,0,13,15,13.3333333333333,2
"SNORA4.4",2,0,19,21,9.52380952380952,2
"SNORA40.21",2,0,10,12,16.6666666666667,2
"SNORA44.1",2,0,49,51,3.92156862745098,2
"SNORA48.12",2,0,20,22,9.09090909090909,2
"SNORA50.1",2,0,22,24,8.33333333333333,2
"SNORA6",2,0,8,10,20,2
"SNORA63.1",2,0,19,21,9.52380952380952,2
"SNORA63.7",2,0,19,21,9.52380952380952,2
"SNORA7.4",2,0,13,15,13.3333333333333,2
"SNORA70.23",2,0,47,49,4.08163265306122,2
"SNORA70F",2,0,1,3,66.6666666666667,2
"SNORA74.9",2,1,7,10,20,3
"SNORA75",2,0,27,29,6.89655172413793,2
"SNORA77.1",2,0,11,13,15.3846153846154,2
"SNORA8.1",2,0,9,11,18.1818181818182,2
"SNORA81.3",2,0,19,21,9.52380952380952,2
"SNORD112.19",2,0,16,18,11.1111111111111,2
"SNORD112.21",2,0,24,26,7.69230769230769,2
"SNORD112.30",2,1,9,12,16.6666666666667,3
"SNORD112.36",2,0,5,7,28.5714285714286,2
"SNORD17",2,1,26,29,6.89655172413793,3
"SNORD18.1",2,0,7,9,22.2222222222222,2
"SNORD20",2,0,27,29,6.89655172413793,2
"SNORD42A",2,0,21,23,8.69565217391304,2
"SNORD42B",2,0,27,29,6.89655172413793,2
"SNORD4B",2,0,21,23,8.69565217391304,2
"SNORD58C",2,0,3,5,40,2
"SNORD60",2,1,10,13,15.3846153846154,3
"SNORD72",2,1,31,34,5.88235294117647,3
"SNORD82",2,0,24,26,7.69230769230769,2
"snoU13.1",2,0,19,21,9.52380952380952,2
"snoU13.117",2,0,11,13,15.3846153846154,2
"snoU13.123",2,0,24,26,7.69230769230769,2
"snoU13.136",2,0,6,8,25,2
"snoU13.14",2,0,17,19,10.5263157894737,2
"snoU13.187",2,0,13,15,13.3333333333333,2
"snoU13.2",2,0,12,14,14.2857142857143,2
"snoU13.24",2,1,32,35,5.71428571428571,3
"snoU13.240",2,0,17,19,10.5263157894737,2
"snoU13.251",2,0,12,14,14.2857142857143,2
"snoU13.258",2,0,10,12,16.6666666666667,2
"snoU13.268",2,2,14,18,11.1111111111111,4
"snoU13.27",2,0,12,14,14.2857142857143,2
"snoU13.271",2,1,23,26,7.69230769230769,3
"snoU13.28",2,0,5,7,28.5714285714286,2
"snoU13.315",2,0,8,10,20,2
"snoU13.317",2,1,45,48,4.16666666666667,3
"snoU13.32",2,0,3,5,40,2
"snoU13.361",2,0,15,17,11.7647058823529,2
"snoU13.369",2,0,3,5,40,2
"snoU13.398",2,1,24,27,7.40740740740741,3
"snoU13.452",2,1,13,16,12.5,3
"snoU13.471",2,0,7,9,22.2222222222222,2
"snoU13.63",2,0,17,19,10.5263157894737,2
"snoU13.85",2,0,2,4,50,2
"SNX27",2,0,31,33,6.06060606060606,2
"SNX5",2,2,30,34,5.88235294117647,4
"SOCS7",2,0,3,5,40,2
"SORL1",2,0,11,13,15.3846153846154,2
"SOST",2,1,18,21,9.52380952380952,3
"SP110",2,0,21,23,8.69565217391304,2
"SP7",2,0,17,19,10.5263157894737,2
"SPA17P1",2,1,3,6,33.3333333333333,3
"SPATA13",2,0,16,18,11.1111111111111,2
"SPATA13-AS1",2,0,15,17,11.7647058823529,2
"SPATA5L1",2,1,31,34,5.88235294117647,3
"SPATS2L",2,0,27,29,6.89655172413793,2
"SPEN",2,0,4,6,33.3333333333333,2
"SPHAR",2,0,9,11,18.1818181818182,2
"SPRY1",2,0,18,20,10,2
"SPTY2D1",2,0,10,12,16.6666666666667,2
"SQRDL",2,1,44,47,4.25531914893617,3
"SRP68",2,0,16,18,11.1111111111111,2
"SRRD",2,0,7,9,22.2222222222222,2
"SRRM3",2,0,22,24,8.33333333333333,2
"SRSF1",2,0,15,17,11.7647058823529,2
"SSH1",2,0,11,13,15.3846153846154,2
"SSSCA1",2,0,4,6,33.3333333333333,2
"ST3GAL3",2,0,13,15,13.3333333333333,2
"ST3GAL5",2,0,11,13,15.3846153846154,2
"ST8SIA6",2,0,8,10,20,2
"STAM2",2,1,40,43,4.65116279069767,3
"STARD13",2,1,9,12,16.6666666666667,3
"STAT2",2,0,9,11,18.1818181818182,2
"STK17A",2,0,18,20,10,2
"STK24",2,0,16,18,11.1111111111111,2
"STK24-AS1",2,0,16,18,11.1111111111111,2
"STK3",2,0,4,6,33.3333333333333,2
"STOM",2,0,13,15,13.3333333333333,2
"STOML1",2,0,11,13,15.3846153846154,2
"STOML2",2,1,17,20,10,3
"STRAP",2,2,16,20,10,4
"STRN3",2,0,4,6,33.3333333333333,2
"STX7",2,1,13,16,12.5,3
"SUCO",2,0,14,16,12.5,2
"SUGP1",2,0,15,17,11.7647058823529,2
"SUSD3",2,1,7,10,20,3
"SVIP",2,0,4,6,33.3333333333333,2
"SYCE3",2,0,8,10,20,2
"SYNGR4",2,0,0,2,100,2
"SYT5",2,0,8,10,20,2
"SZRD1",2,0,14,16,12.5,2
"TAB2",2,0,15,17,11.7647058823529,2
"TADA1",2,0,3,5,40,2
"TAF10",2,0,30,32,6.25,2
"TAF1C",2,0,16,18,11.1111111111111,2
"TAF9",2,0,22,24,8.33333333333333,2
"TBC1D14",2,0,20,22,9.09090909090909,2
"TBC1D7",2,0,27,29,6.89655172413793,2
"TCEANC2",2,0,19,21,9.52380952380952,2
"TCF7L1",2,1,21,24,8.33333333333333,3
"TCTEX1D1",2,0,15,17,11.7647058823529,2
"TDP2",2,0,9,11,18.1818181818182,2
"TECPR1",2,0,9,11,18.1818181818182,2
"TEKT2",2,0,10,12,16.6666666666667,2
"TET2",2,0,33,35,5.71428571428571,2
"TET2-AS1",2,0,14,16,12.5,2
"TET3",2,0,22,24,8.33333333333333,2
"TEX19",2,0,11,13,15.3846153846154,2
"TEX2",2,0,14,16,12.5,2
"TEX38",2,0,11,13,15.3846153846154,2
"TFIP11",2,0,6,8,25,2
"TFP1",2,1,19,22,9.09090909090909,3
"TGFBR2",2,0,33,35,5.71428571428571,2
"TGM2",2,0,25,27,7.40740740740741,2
"TGS1",2,0,21,23,8.69565217391304,2
"THADA",2,0,9,11,18.1818181818182,2
"THAP2",2,1,58,61,3.27868852459016,3
"THAP3",2,0,6,8,25,2
"THAP9",2,0,14,16,12.5,2
"THAP9-AS1",2,0,14,16,12.5,2
"THPO",2,1,17,20,10,3
"THYN1",2,1,29,32,6.25,3
"TIAF1",2,0,12,14,14.2857142857143,2
"TIMELESS",2,0,17,19,10.5263157894737,2
"TIMMDC1",2,0,8,10,20,2
"TK2",2,2,20,24,8.33333333333333,4
"TLCD1",2,0,21,23,8.69565217391304,2
"TLE3",2,2,46,50,4,4
"TLN1",2,0,11,13,15.3846153846154,2
"TLR1",2,0,12,14,14.2857142857143,2
"TLR6",2,0,12,14,14.2857142857143,2
"TM2D2",2,0,12,14,14.2857142857143,2
"TM4SF1",2,0,8,10,20,2
"TM4SF1-AS1",2,0,8,10,20,2
"TM4SF18",2,0,8,10,20,2
"TM4SF4",2,0,7,9,22.2222222222222,2
"TM6SF1",2,1,10,13,15.3846153846154,3
"TMC3",2,0,1,3,66.6666666666667,2
"TMED4",2,1,13,16,12.5,3
"TMEM127",2,1,42,45,4.44444444444444,3
"TMEM141",2,0,7,9,22.2222222222222,2
"TMEM143",2,0,0,2,100,2
"TMEM150A",2,0,16,18,11.1111111111111,2
"TMEM151B",2,0,5,7,28.5714285714286,2
"TMEM212",2,1,21,24,8.33333333333333,3
"TMEM222",2,0,9,11,18.1818181818182,2
"TMEM230",2,0,16,18,11.1111111111111,2
"TMEM242",2,1,13,16,12.5,3
"TMEM243",2,1,8,11,18.1818181818182,3
"TMEM256",2,0,7,9,22.2222222222222,2
"TMEM256-PLSCR3",2,0,7,9,22.2222222222222,2
"TMEM30A",2,1,37,40,5,3
"TMEM5",2,1,11,14,14.2857142857143,3
"TMEM55B",2,0,23,25,8,2
"TMEM59",2,0,19,21,9.52380952380952,2
"TMEM63A",2,0,8,10,20,2
"TMEM65",2,0,36,38,5.26315789473684,2
"TMEM66",2,0,8,10,20,2
"TMEM68",2,0,21,23,8.69565217391304,2
"TMEM79",2,0,14,16,12.5,2
"TMEM95",2,0,7,9,22.2222222222222,2
"TMF1",2,1,8,11,18.1818181818182,3
"TMPRSS11D",2,1,10,13,15.3846153846154,3
"TMPRSS6",2,2,41,45,4.44444444444444,4
"TMTC3",2,0,11,13,15.3846153846154,2
"TNFAIP3",2,0,27,29,6.89655172413793,2
"TNFSF13",2,0,2,4,50,2
"TNKS",2,0,5,7,28.5714285714286,2
"TNRC6B",2,0,15,17,11.7647058823529,2
"TOE1",2,0,9,11,18.1818181818182,2
"TOMM40L",2,0,9,11,18.1818181818182,2
"TOMM6",2,0,19,21,9.52380952380952,2
"TOP1",2,0,20,22,9.09090909090909,2
"TOP2A",2,1,16,19,10.5263157894737,3
"TOPBP1",2,1,19,22,9.09090909090909,3
"TPRG1",2,0,41,43,4.65116279069767,2
"TPST1",2,0,25,27,7.40740740740741,2
"TPST2",2,0,7,9,22.2222222222222,2
"TPT1",2,0,3,5,40,2
"TRA2A",2,0,17,19,10.5263157894737,2
"TRAF7",2,0,8,10,20,2
"TRAK1",2,0,9,11,18.1818181818182,2
"TRAM2",2,0,26,28,7.14285714285714,2
"TRAM2-AS1",2,0,26,28,7.14285714285714,2
"TRAPPC11",2,1,9,12,16.6666666666667,3
"TRAPPC6B",2,3,17,22,9.09090909090909,5
"TRAPPC8",2,1,22,25,8,3
"TRDMT1",2,0,28,30,6.66666666666667,2
"TREM1",2,0,9,11,18.1818181818182,2
"TRIM33",2,0,12,14,14.2857142857143,2
"TRIM7",2,0,9,11,18.1818181818182,2
"TRIO",2,1,55,58,3.44827586206897,3
"TRMT2A",2,0,1,3,66.6666666666667,2
"TRMU",2,0,12,14,14.2857142857143,2
"TSEN15",2,0,5,7,28.5714285714286,2
"TSN",2,0,21,23,8.69565217391304,2
"TSPAN1",2,0,25,27,7.40740740740741,2
"TSTD1",2,0,5,7,28.5714285714286,2
"TTC16",2,0,10,12,16.6666666666667,2
"TTC17",2,1,14,17,11.7647058823529,3
"TTC32",2,0,30,32,6.25,2
"TTC33",2,1,24,27,7.40740740740741,3
"TTC5",2,0,8,10,20,2
"TTLL5",2,0,7,9,22.2222222222222,2
"TUBGCP6",2,0,4,6,33.3333333333333,2
"TULP2",2,0,10,12,16.6666666666667,2
"TXNDC11",2,0,3,5,40,2
"TXNRD2",2,0,1,3,66.6666666666667,2
"U2AF1",2,0,12,14,14.2857142857143,2
"U3.12",2,0,2,4,50,2
"U3.3",2,0,4,6,33.3333333333333,2
"U3.32",2,1,21,24,8.33333333333333,3
"U3.80",2,1,20,23,8.69565217391304,3
"U8.14",2,0,15,17,11.7647058823529,2
"UBALD2",2,0,13,15,13.3333333333333,2
"UBASH3B",2,0,18,20,10,2
"UBE2E2",2,0,28,30,6.66666666666667,2
"UBE2E2-AS1",2,0,0,2,100,2
"UBE2J2",2,0,15,17,11.7647058823529,2
"UBE2L6",2,0,4,6,33.3333333333333,2
"UBE2Q1-AS1",2,0,45,47,4.25531914893617,2
"UBL7",2,0,11,13,15.3846153846154,2
"UBL7-AS1",2,0,11,13,15.3846153846154,2
"UBLCP1",2,0,10,12,16.6666666666667,2
"UBN1",2,1,41,44,4.54545454545455,3
"UFC1",2,0,7,9,22.2222222222222,2
"UFM1",2,0,16,18,11.1111111111111,2
"UGGT1",2,0,14,16,12.5,2
"ULK3",2,0,16,18,11.1111111111111,2
"UMODL1",2,1,17,20,10,3
"UNC50",2,0,18,20,10,2
"UNG",2,0,36,38,5.26315789473684,2
"UPK2",2,0,16,18,11.1111111111111,2
"UPP2",2,1,15,18,11.1111111111111,3
"UQCC2",2,0,4,6,33.3333333333333,2
"UQCRQ",2,0,2,4,50,2
"USF1",2,0,9,11,18.1818181818182,2
"USP1",2,0,7,9,22.2222222222222,2
"USP21",2,0,7,9,22.2222222222222,2
"USP35",2,0,21,23,8.69565217391304,2
"USPL1",2,0,34,36,5.55555555555556,2
"VEZT",2,0,16,18,11.1111111111111,2
"VIL1",2,0,11,13,15.3846153846154,2
"VIM",2,0,29,31,6.45161290322581,2
"VIM-AS1",2,0,29,31,6.45161290322581,2
"VIPAS39",2,0,16,18,11.1111111111111,2
"VPS35",2,0,14,16,12.5,2
"VPS41",2,0,15,17,11.7647058823529,2
"VPS53",2,0,8,10,20,2
"VSIG10L",2,0,8,10,20,2
"WARS",2,0,24,26,7.69230769230769,2
"WASF1",2,0,1,3,66.6666666666667,2
"WASL",2,1,20,23,8.69565217391304,3
"WDR53",2,0,3,5,40,2
"WDR59",2,1,24,27,7.40740740740741,3
"WDR81",2,0,14,16,12.5,2
"WFDC3",2,2,15,19,10.5263157894737,4
"WIBG",2,0,10,12,16.6666666666667,2
"WNT6",2,0,13,15,13.3333333333333,2
"WWTR1",2,0,31,33,6.06060606060606,2
"WWTR1-AS1",2,0,30,32,6.25,2
"XKR9",2,1,18,21,9.52380952380952,3
"XPO5",2,0,3,5,40,2
"XPO7",2,0,15,17,11.7647058823529,2
"XPR1",2,1,8,11,18.1818181818182,3
"XXbac-B476C20.11",2,0,36,38,5.26315789473684,2
"XXbac-B476C20.9",2,0,36,38,5.26315789473684,2
"XXbac-BPG249D20.9",2,1,13,16,12.5,3
"XXYLT1-AS2",2,0,23,25,8,2
"Y_RNA.157",2,1,8,11,18.1818181818182,3
"Y_RNA.201",2,0,9,11,18.1818181818182,2
"Y_RNA.356",2,0,10,12,16.6666666666667,2
"Y_RNA.495",2,2,39,43,4.65116279069767,4
"Y_RNA.540",2,0,10,12,16.6666666666667,2
"Y_RNA.663",2,0,14,16,12.5,2
"Y_RNA.665",2,0,16,18,11.1111111111111,2
"Y_RNA.70",2,0,11,13,15.3846153846154,2
"Y_RNA.740",2,0,4,6,33.3333333333333,2
"Y_RNA.807",2,2,20,24,8.33333333333333,4
"YOD1",2,0,30,32,6.25,2
"YRDC",2,0,9,11,18.1818181818182,2
"YY1",2,0,19,21,9.52380952380952,2
"Z84488.1",2,1,41,44,4.54545454545455,3
"ZACN",2,0,16,18,11.1111111111111,2
"ZBTB11",2,1,9,12,16.6666666666667,3
"ZBTB11-AS1",2,1,9,12,16.6666666666667,3
"ZBTB39",2,0,28,30,6.66666666666667,2
"ZC3H10",2,0,13,15,13.3333333333333,2
"ZCCHC2",2,0,11,13,15.3846153846154,2
"ZDHHC1",2,0,7,9,22.2222222222222,2
"ZDHHC7",2,1,21,24,8.33333333333333,3
"ZEB2-AS1",2,0,20,22,9.09090909090909,2
"ZFAND2B",2,0,8,10,20,2
"ZFAT",2,0,22,24,8.33333333333333,2
"ZFC3H1",2,1,58,61,3.27868852459016,3
"ZFHX3",2,0,31,33,6.06060606060606,2
"ZFP36L1",2,0,27,29,6.89655172413793,2
"ZKSCAN2",2,0,7,9,22.2222222222222,2
"ZMYM4",2,0,4,6,33.3333333333333,2
"ZMYND10",2,0,7,9,22.2222222222222,2
"ZMYND10-AS1",2,0,7,9,22.2222222222222,2
"ZNF155",2,2,23,27,7.40740740740741,4
"ZNF219",2,0,31,33,6.06060606060606,2
"ZNF225",2,2,43,47,4.25531914893617,4
"ZNF227",2,0,23,25,8,2
"ZNF234",2,0,24,26,7.69230769230769,2
"ZNF259",2,0,25,27,7.40740740740741,2
"ZNF271",2,0,10,12,16.6666666666667,2
"ZNF282",2,0,1,3,66.6666666666667,2
"ZNF384",2,1,9,12,16.6666666666667,3
"ZNF396",2,0,3,5,40,2
"ZNF397",2,0,23,25,8,2
"ZNF428",2,0,17,19,10.5263157894737,2
"ZNF438",2,0,5,7,28.5714285714286,2
"ZNF451",2,0,23,25,8,2
"ZNF487",2,0,14,16,12.5,2
"ZNF503",2,1,8,11,18.1818181818182,3
"ZNF503-AS2",2,1,8,11,18.1818181818182,3
"ZNF518B",2,0,20,22,9.09090909090909,2
"ZNF585A",2,0,17,19,10.5263157894737,2
"ZNF592",2,1,18,21,9.52380952380952,3
"ZNF628",2,0,8,10,20,2
"ZNF639",2,1,27,30,6.66666666666667,3
"ZNF648",2,0,8,10,20,2
"ZNF688",2,0,12,14,14.2857142857143,2
"ZNF691",2,0,1,3,66.6666666666667,2
"ZNF710",2,0,8,10,20,2
"ZNF774",2,1,24,27,7.40740740740741,3
"ZNF778",2,0,9,11,18.1818181818182,2
"ZNF783",2,1,16,19,10.5263157894737,3
"ZNF785",2,0,12,14,14.2857142857143,2
"ZNF830",2,1,1,4,50,3
"ZNRD1",2,0,28,30,6.66666666666667,2
"ZNRD1-AS1",2,0,28,30,6.66666666666667,2
"ZNRF1",2,1,24,27,7.40740740740741,3
"ZSCAN30",2,0,10,12,16.6666666666667,2
"AADAC",1,0,1,2,50,1
"AAMP",1,0,39,40,2.5,1
"AANAT",1,0,12,13,7.69230769230769,1
"AARS2",1,0,3,4,25,1
"ABCA10",1,0,16,17,5.88235294117647,1
"ABCA17P",1,0,7,8,12.5,1
"ABCA3",1,0,7,8,12.5,1
"ABCA5",1,0,17,18,5.55555555555556,1
"ABCA6",1,0,4,5,20,1
"ABCA8",1,0,4,5,20,1
"ABCA9",1,0,8,9,11.1111111111111,1
"ABCB6",1,0,3,4,25,1
"ABCB8",1,0,7,8,12.5,1
"ABCC12",1,1,15,17,5.88235294117647,2
"ABCC8",1,0,4,5,20,1
"ABCG1",1,0,4,5,20,1
"ABHD10",1,2,26,29,3.44827586206897,3
"ABHD15",1,0,2,3,33.3333333333333,1
"ABHD16A",1,0,12,13,7.69230769230769,1
"ABI1",1,0,13,14,7.14285714285714,1
"AC000003.1",1,0,49,50,2,1
"AC000123.4",1,0,5,6,16.6666666666667,1
"AC000403.1",1,0,11,12,8.33333333333333,1
"AC002456.2",1,0,13,14,7.14285714285714,1
"AC002467.7",1,1,18,20,5,2
"AC002539.1",1,0,8,9,11.1111111111111,1
"AC003002.4",1,0,4,5,20,1
"AC003102.3",1,1,2,4,25,2
"AC003986.6",1,0,3,4,25,1
"AC003986.7",1,0,2,3,33.3333333333333,1
"AC004016.1",1,0,7,8,12.5,1
"AC004381.6",1,1,5,7,14.2857142857143,2
"AC004549.6",1,0,3,4,25,1
"AC004593.3",1,0,6,7,14.2857142857143,1
"AC004691.5",1,3,10,14,7.14285714285714,4
"AC004771.1",1,0,3,4,25,1
"AC004837.4",1,0,3,4,25,1
"AC004893.11",1,0,20,21,4.76190476190476,1
"AC005027.3",1,0,8,9,11.1111111111111,1
"AC005042.4",1,0,12,13,7.69230769230769,1
"AC005076.5",1,1,15,17,5.88235294117647,2
"AC005162.4",1,0,5,6,16.6666666666667,1
"AC005253.2",1,0,2,3,33.3333333333333,1
"AC005253.4",1,0,2,3,33.3333333333333,1
"AC005262.4",1,0,1,2,50,1
"AC005370.1",1,0,8,9,11.1111111111111,1
"AC005534.8",1,0,0,1,100,1
"AC005546.2",1,1,7,9,11.1111111111111,2
"AC005592.2",1,0,21,22,4.54545454545455,1
"AC005618.1",1,0,8,9,11.1111111111111,1
"AC005740.5",1,0,6,7,14.2857142857143,1
"AC005754.7",1,0,12,13,7.69230769230769,1
"AC006159.4",1,2,16,19,5.26315789473684,3
"AC006486.9",1,0,14,15,6.66666666666667,1
"AC007099.2",1,0,19,20,5,1
"AC007216.1",1,0,5,6,16.6666666666667,1
"AC007246.3",1,0,25,26,3.84615384615385,1
"AC007255.8",1,0,0,1,100,1
"AC007285.7",1,0,8,9,11.1111111111111,1
"AC007358.1",1,0,5,6,16.6666666666667,1
"AC007391.2",1,0,9,10,10,1
"AC007421.1",1,0,4,5,20,1
"AC007450.1",1,0,3,4,25,1
"AC008074.3",1,0,13,14,7.14285714285714,1
"AC008074.5",1,0,13,14,7.14285714285714,1
"AC008278.2",1,0,6,7,14.2857142857143,1
"AC008581.1",1,0,6,7,14.2857142857143,1
"AC008781.7",1,0,8,9,11.1111111111111,1
"AC008937.2",1,2,18,21,4.76190476190476,3
"AC009065.1",1,0,4,5,20,1
"AC009065.2",1,0,2,3,33.3333333333333,1
"AC009065.3",1,0,2,3,33.3333333333333,1
"AC009121.1",1,0,15,16,6.25,1
"AC009133.12",1,0,9,10,10,1
"AC009133.17",1,0,6,7,14.2857142857143,1
"AC009133.20",1,0,9,10,10,1
"AC009299.2",1,0,0,1,100,1
"AC009542.2",1,0,12,13,7.69230769230769,1
"AC010524.2",1,0,0,1,100,1
"AC010761.6",1,0,10,11,9.09090909090909,1
"AC010761.8",1,0,21,22,4.54545454545455,1
"AC010884.1",1,0,2,3,33.3333333333333,1
"AC010976.2",1,0,11,12,8.33333333333333,1
"AC010980.2",1,0,18,19,5.26315789473684,1
"AC012358.7",1,1,13,15,6.66666666666667,2
"AC012360.1",1,0,3,4,25,1
"AC012456.4",1,0,6,7,14.2857142857143,1
"AC012467.1",1,0,22,23,4.34782608695652,1
"AC012531.25",1,0,11,12,8.33333333333333,1
"AC012594.1",1,0,8,9,11.1111111111111,1
"AC013394.2",1,0,23,24,4.16666666666667,1
"AC013480.2",1,2,3,6,16.6666666666667,3
"AC013731.1",1,0,4,5,20,1
"AC015849.12",1,0,0,1,100,1
"AC016738.4",1,0,18,19,5.26315789473684,1
"AC016821.1",1,0,8,9,11.1111111111111,1
"AC017084.1",1,0,3,4,25,1
"AC018450.1",1,0,25,26,3.84615384615385,1
"AC019048.1",1,0,3,4,25,1
"AC019131.1",1,1,36,38,2.63157894736842,2
"AC019181.2",1,0,3,4,25,1
"AC019201.1",1,0,20,21,4.76190476190476,1
"AC020626.1",1,0,2,3,33.3333333333333,1
"AC020636.1",1,0,5,6,16.6666666666667,1
"AC020907.1",1,0,2,3,33.3333333333333,1
"AC020922.1",1,0,7,8,12.5,1
"AC021016.6",1,0,3,4,25,1
"AC021016.8",1,0,3,4,25,1
"AC022210.2",1,0,18,19,5.26315789473684,1
"AC022431.2",1,0,23,24,4.16666666666667,1
"AC022498.1",1,1,13,15,6.66666666666667,2
"AC023818.1",1,0,3,4,25,1
"AC024580.1",1,0,3,4,25,1
"AC024592.12",1,0,0,1,100,1
"AC024940.1",1,0,17,18,5.55555555555556,1
"AC025165.8",1,1,14,16,6.25,2
"AC025594.1",1,0,2,3,33.3333333333333,1
"AC025678.1",1,0,4,5,20,1
"AC026512.1",1,0,9,10,10,1
"AC026806.2",1,0,5,6,16.6666666666667,1
"AC027281.1",1,2,32,35,2.85714285714286,3
"AC027763.2",1,0,4,5,20,1
"AC034102.1",1,0,7,8,12.5,1
"AC034220.3",1,0,1,2,50,1
"AC040160.1",1,0,4,5,20,1
"AC040977.1",1,0,4,5,20,1
"AC051649.1",1,1,5,7,14.2857142857143,2
"AC055813.1",1,1,15,17,5.88235294117647,2
"AC060835.1",1,0,0,1,100,1
"AC062028.1",1,0,4,5,20,1
"AC067968.3",1,0,9,10,10,1
"AC068831.3",1,0,11,12,8.33333333333333,1
"AC068896.1",1,0,8,9,11.1111111111111,1
"AC068946.1",1,0,3,4,25,1
"AC069368.3",1,0,1,2,50,1
"AC072062.1",1,2,19,22,4.54545454545455,3
"AC073130.1",1,0,9,10,10,1
"AC073130.3",1,0,19,20,5,1
"AC073255.1",1,0,19,20,5,1
"AC073283.4",1,0,1,2,50,1
"AC073283.7",1,0,11,12,8.33333333333333,1
"AC073343.1",1,0,2,3,33.3333333333333,1
"AC073626.2",1,0,0,1,100,1
"AC073635.5",1,0,4,5,20,1
"AC074091.13",1,0,19,20,5,1
"AC074212.5",1,0,1,2,50,1
"AC074212.6",1,0,1,2,50,1
"AC074289.1",1,1,14,16,6.25,2
"AC078785.1",1,0,5,6,16.6666666666667,1
"AC078819.1",1,0,7,8,12.5,1
"AC079354.1",1,0,3,4,25,1
"AC079610.2",1,2,33,36,2.77777777777778,3
"AC083843.1",1,0,2,3,33.3333333333333,1
"AC087269.1",1,0,27,28,3.57142857142857,1
"AC090340.1",1,0,11,12,8.33333333333333,1
"AC090616.2",1,0,12,13,7.69230769230769,1
"AC091633.3",1,1,5,7,14.2857142857143,2
"AC091705.2",1,0,9,10,10,1
"AC092069.1",1,0,0,1,100,1
"AC092384.1",1,0,9,10,10,1
"AC092675.3",1,1,12,14,7.14285714285714,2
"AC092675.4",1,1,14,16,6.25,2
"AC092811.1",1,0,4,5,20,1
"AC092841.1",1,0,8,9,11.1111111111111,1
"AC092849.1",1,0,9,10,10,1
"AC092958.1",1,0,4,5,20,1
"AC093267.1",1,1,43,45,2.22222222222222,2
"AC093323.1",1,0,6,7,14.2857142857143,1
"AC093495.4",1,0,3,4,25,1
"AC093690.1",1,0,2,3,33.3333333333333,1
"AC093818.1",1,0,1,2,50,1
"AC093865.1",1,0,11,12,8.33333333333333,1
"AC096677.1",1,0,9,10,10,1
"AC098617.1",1,2,15,18,5.55555555555556,3
"AC098680.1",1,1,9,11,9.09090909090909,2
"AC099552.4",1,0,14,15,6.66666666666667,1
"AC100791.2",1,0,7,8,12.5,1
"AC100832.1",1,0,9,10,10,1
"AC102953.4",1,0,0,1,100,1
"AC102953.6",1,0,4,5,20,1
"AC103686.1",1,1,24,26,3.84615384615385,2
"AC103828.1",1,1,35,37,2.7027027027027,2
"AC104113.3",1,0,2,3,33.3333333333333,1
"AC104532.2",1,0,0,1,100,1
"AC104655.2",1,0,5,6,16.6666666666667,1
"AC104837.1",1,2,9,12,8.33333333333333,3
"AC104843.3",1,0,7,8,12.5,1
"AC105398.3",1,0,1,2,50,1
"AC105402.1",1,0,1,2,50,1
"AC105402.4",1,0,1,2,50,1
"AC106732.1",1,1,14,16,6.25,2
"AC106782.20",1,0,10,11,9.09090909090909,1
"AC107021.1",1,4,8,13,7.69230769230769,5
"AC112249.1",1,0,3,4,25,1
"AC112693.2",1,0,0,1,100,1
"AC112715.2",1,0,0,1,100,1
"AC114546.1",1,0,0,1,100,1
"AC116533.1",1,2,27,30,3.33333333333333,3
"AC121757.1",1,0,14,15,6.66666666666667,1
"AC124890.1",1,0,0,1,100,1
"AC130689.1",1,0,8,9,11.1111111111111,1
"AC131025.8",1,0,5,6,16.6666666666667,1
"AC131160.1",1,0,2,3,33.3333333333333,1
"AC132216.1",1,0,8,9,11.1111111111111,1
"AC135048.1",1,0,22,23,4.34782608695652,1
"AC135050.1",1,0,6,7,14.2857142857143,1
"AC135050.5",1,0,9,10,10,1
"AC137723.5",1,0,6,7,14.2857142857143,1
"AC138123.1",1,0,12,13,7.69230769230769,1
"AC138123.2",1,0,12,13,7.69230769230769,1
"AC138430.4",1,0,8,9,11.1111111111111,1
"AC139149.1",1,0,10,11,9.09090909090909,1
"AC144450.1",1,0,4,5,20,1
"ACAA1",1,0,8,9,11.1111111111111,1
"ACAD11",1,0,23,24,4.16666666666667,1
"ACADM",1,1,15,17,5.88235294117647,2
"ACAP3",1,0,16,17,5.88235294117647,1
"ACAT2",1,1,19,21,4.76190476190476,2
"ACBD7",1,0,17,18,5.55555555555556,1
"ACCSL",1,0,3,4,25,1
"ACHE",1,0,6,7,14.2857142857143,1
"ACN9",1,0,6,7,14.2857142857143,1
"ACO2",1,0,7,8,12.5,1
"ACPP",1,0,0,1,100,1
"ACSF2",1,0,7,8,12.5,1
"ACSL3",1,1,31,33,3.03030303030303,2
"ACSM3",1,0,3,4,25,1
"ACTA2",1,0,11,12,8.33333333333333,1
"ACTA2-AS1",1,0,14,15,6.66666666666667,1
"ACTG1",1,0,12,13,7.69230769230769,1
"ACTL6A",1,1,6,8,12.5,2
"ACTL9",1,0,6,7,14.2857142857143,1
"ACTR2",1,1,6,8,12.5,2
"ACTR8",1,0,22,23,4.34782608695652,1
"ACTRT2",1,1,21,23,4.34782608695652,2
"ACVR2A",1,1,17,19,5.26315789473684,2
"AD000090.2",1,1,9,11,9.09090909090909,2
"ADAM17",1,0,13,14,7.14285714285714,1
"ADAMTS17",1,1,10,12,8.33333333333333,2
"ADAT1",1,0,1,2,50,1
"ADAT2",1,0,3,4,25,1
"ADCY10",1,0,8,9,11.1111111111111,1
"ADIPOQ-AS1",1,0,11,12,8.33333333333333,1
"ADIPOR1",1,0,0,1,100,1
"ADIRF",1,0,5,6,16.6666666666667,1
"ADIRF-AS1",1,0,8,9,11.1111111111111,1
"ADM",1,0,28,29,3.44827586206897,1
"ADO",1,1,27,29,3.44827586206897,2
"ADORA1",1,0,18,19,5.26315789473684,1
"ADORA2B",1,0,0,1,100,1
"ADORA2BP",1,0,3,4,25,1
"ADRA1B",1,0,26,27,3.7037037037037,1
"ADRA2A",1,1,3,5,20,2
"ADRB2",1,0,22,23,4.34782608695652,1
"ADRBK1",1,0,7,8,12.5,1
"ADSL",1,0,3,4,25,1
"ADTRP",1,1,7,9,11.1111111111111,2
"AEN",1,0,13,14,7.14285714285714,1
"AF127577.12",1,0,13,14,7.14285714285714,1
"AF131215.2",1,0,0,1,100,1
"AF131215.9",1,0,0,1,100,1
"AFMID",1,0,4,5,20,1
"AGAP1",1,0,0,1,100,1
"AGGF1",1,0,1,2,50,1
"AGL",1,2,6,9,11.1111111111111,3
"AGMO",1,0,9,10,10,1
"AGO2",1,0,10,11,9.09090909090909,1
"AGPAT4",1,0,22,23,4.34782608695652,1
"AGTPBP1",1,2,21,24,4.16666666666667,3
"AHCYL2",1,1,8,10,10,2
"AIG1",1,0,7,8,12.5,1
"AIPL1",1,0,17,18,5.55555555555556,1
"AK4",1,0,8,9,11.1111111111111,1
"AK8",1,0,2,3,33.3333333333333,1
"AK9",1,0,2,3,33.3333333333333,1
"AKAP8L",1,0,4,5,20,1
"AKIRIN1",1,0,3,4,25,1
"AKNAD1",1,0,1,2,50,1
"AKR1D1",1,0,21,22,4.54545454545455,1
"AKR1D1P1",1,0,10,11,9.09090909090909,1
"AKR7A2",1,0,4,5,20,1
"AL021546.6",1,0,9,10,10,1
"AL031655.1",1,0,7,8,12.5,1
"AL031655.2",1,0,7,8,12.5,1
"AL049840.1",1,0,14,15,6.66666666666667,1
"AL109843.1",1,0,0,1,100,1
"AL117380.1",1,0,0,1,100,1
"AL121901.1",1,0,5,6,16.6666666666667,1
"AL121952.1",1,0,15,16,6.25,1
"AL121987.1",1,0,8,9,11.1111111111111,1
"AL121992.1",1,0,7,8,12.5,1
"AL132819.1",1,0,0,1,100,1
"AL133410.1",1,0,2,3,33.3333333333333,1
"AL136218.1",1,0,2,3,33.3333333333333,1
"AL138837.1",1,0,14,15,6.66666666666667,1
"AL138963.1",1,0,13,14,7.14285714285714,1
"AL139099.1",1,1,4,6,16.6666666666667,2
"AL139139.1",1,0,9,10,10,1
"AL139429.1",1,2,6,9,11.1111111111111,3
"AL159977.1",1,0,1,2,50,1
"AL160275.1",1,1,18,20,5,2
"AL163952.2",1,0,5,6,16.6666666666667,1
"AL353147.1",1,0,4,5,20,1
"AL354833.1",1,1,9,11,9.09090909090909,2
"AL354833.2",1,1,9,11,9.09090909090909,2
"AL354833.3",1,1,9,11,9.09090909090909,2
"AL359878.1",1,0,61,62,1.61290322580645,1
"AL359983.1",1,0,1,2,50,1
"AL391056.1",1,0,3,4,25,1
"AL445204.1",1,1,15,17,5.88235294117647,2
"AL450226.2",1,0,27,28,3.57142857142857,1
"AL450992.2",1,1,39,41,2.4390243902439,2
"AL451051.1",1,2,7,10,10,3
"AL512505.1",1,2,4,7,14.2857142857143,3
"AL513547.1",1,1,18,20,5,2
"AL589986.2",1,0,2,3,33.3333333333333,1
"AL590431.1",1,0,14,15,6.66666666666667,1
"AL590708.2",1,0,0,1,100,1
"AL592063.1",1,0,4,5,20,1
"AL662800.1",1,0,3,4,25,1
"AL662800.2",1,0,12,13,7.69230769230769,1
"AL731561.2",1,1,16,18,5.55555555555556,2
"AL807752.1",1,0,1,2,50,1
"ALDH1B1",1,1,27,29,3.44827586206897,2
"ALDH1L2",1,0,23,24,4.16666666666667,1
"ALDH3B1",1,0,4,5,20,1
"ALDH5A1",1,1,6,8,12.5,2
"ALG14",1,0,5,6,16.6666666666667,1
"ALG2",1,1,20,22,4.54545454545455,2
"ALG5",1,0,13,14,7.14285714285714,1
"ALOX12",1,0,4,5,20,1
"ALPK2",1,0,1,2,50,1
"ALS2CR11",1,0,4,5,20,1
"ALS2CR12",1,0,9,10,10,1
"ALX4",1,0,10,11,9.09090909090909,1
"ALYREF",1,0,11,12,8.33333333333333,1
"AMDHD2",1,0,0,1,100,1
"AMOTL2",1,1,7,9,11.1111111111111,2
"AMPD2",1,0,25,26,3.84615384615385,1
"AMPD3",1,0,28,29,3.44827586206897,1
"ANAPC11",1,0,11,12,8.33333333333333,1
"ANAPC16",1,0,6,7,14.2857142857143,1
"ANAPC2",1,0,4,5,20,1
"ANAPC4",1,0,7,8,12.5,1
"ANGPT1",1,2,20,23,4.34782608695652,3
"ANKHD1",1,0,6,7,14.2857142857143,1
"ANKHD1-EIF4EBP3",1,0,6,7,14.2857142857143,1
"ANKIB1",1,0,8,9,11.1111111111111,1
"ANKLE2",1,0,3,4,25,1
"ANKRD10",1,0,12,13,7.69230769230769,1
"ANKRD31",1,1,6,8,12.5,2
"ANKRD33B",1,0,21,22,4.54545454545455,1
"ANKRD37",1,0,11,12,8.33333333333333,1
"ANKRD52",1,0,7,8,12.5,1
"ANKRD54",1,0,2,3,33.3333333333333,1
"ANKRD9",1,0,2,3,33.3333333333333,1
"ANKS1A",1,0,5,6,16.6666666666667,1
"ANKS3",1,1,30,32,3.125,2
"ANKS4B",1,1,6,8,12.5,2
"ANLN",1,0,0,1,100,1
"ANXA1",1,0,8,9,11.1111111111111,1
"AOAH",1,0,0,1,100,1
"AP000251.3",1,3,25,29,3.44827586206897,4
"AP000253.1",1,0,6,7,14.2857142857143,1
"AP000281.1",1,0,7,8,12.5,1
"AP000281.2",1,0,7,8,12.5,1
"AP000282.2",1,0,7,8,12.5,1
"AP000295.9",1,0,19,20,5,1
"AP000302.58",1,0,4,5,20,1
"AP000320.6",1,0,9,10,10,1
"AP000322.53",1,0,6,7,14.2857142857143,1
"AP000330.8",1,0,10,11,9.09090909090909,1
"AP000354.2",1,0,3,4,25,1
"AP000354.4",1,0,3,4,25,1
"AP000688.14",1,0,1,2,50,1
"AP000860.2",1,0,4,5,20,1
"AP000974.1",1,2,15,18,5.55555555555556,3
"AP001092.4",1,1,14,16,6.25,2
"AP001178.1",1,0,23,24,4.16666666666667,1
"AP001189.4",1,0,1,2,50,1
"AP001437.1",1,0,13,14,7.14285714285714,1
"AP001442.2",1,0,11,12,8.33333333333333,1
"AP001610.5",1,0,5,6,16.6666666666667,1
"AP001631.10",1,0,4,5,20,1
"AP001631.9",1,0,16,17,5.88235294117647,1
"AP001992.1",1,0,2,3,33.3333333333333,1
"AP002348.1",1,1,19,21,4.76190476190476,2
"AP002954.4",1,0,12,13,7.69230769230769,1
"AP003068.12",1,0,16,17,5.88235294117647,1
"AP003068.18",1,0,2,3,33.3333333333333,1
"AP003068.23",1,0,2,3,33.3333333333333,1
"AP003774.1",1,0,1,2,50,1
"AP003774.4",1,0,14,15,6.66666666666667,1
"AP006285.6",1,0,17,18,5.55555555555556,1
"AP1B1",1,0,0,1,100,1
"AP2B1",1,0,14,15,6.66666666666667,1
"AP3B2",1,1,8,10,10,2
"AP3M2",1,0,18,19,5.26315789473684,1
"AP5M1",1,0,20,21,4.76190476190476,1
"APBB2",1,1,19,21,4.76190476190476,2
"APBB3",1,1,15,17,5.88235294117647,2
"APCDD1",1,0,16,17,5.88235294117647,1
"APH1A",1,0,7,8,12.5,1
"APITD1",1,0,3,4,25,1
"APITD1-CORT",1,0,3,4,25,1
"APOA1-AS",1,1,4,6,16.6666666666667,2
"APOA2",1,0,6,7,14.2857142857143,1
"APOA4",1,1,4,6,16.6666666666667,2
"APOBEC3H",1,0,3,4,25,1
"APOC3",1,1,4,6,16.6666666666667,2
"APPL1",1,1,8,10,10,2
"APRT",1,0,9,10,10,1
"AQP5",1,0,7,8,12.5,1
"AQR",1,2,16,19,5.26315789473684,3
"ARAP1",1,0,17,18,5.55555555555556,1
"ARAP1-AS1",1,0,12,13,7.69230769230769,1
"ARAP1-AS2",1,0,4,5,20,1
"ARCN1",1,0,5,6,16.6666666666667,1
"ARF1",1,0,0,1,100,1
"ARFGEF1",1,0,8,9,11.1111111111111,1
"ARGLU1",1,0,40,41,2.4390243902439,1
"ARHGAP10",1,0,30,31,3.2258064516129,1
"ARHGAP17",1,0,14,15,6.66666666666667,1
"ARHGAP21",1,0,13,14,7.14285714285714,1
"ARHGAP22",1,0,34,35,2.85714285714286,1
"ARHGAP23",1,0,4,5,20,1
"ARHGAP31-AS1",1,0,6,7,14.2857142857143,1
"ARHGAP35",1,0,6,7,14.2857142857143,1
"ARHGEF19-AS1",1,0,17,18,5.55555555555556,1
"ARHGEF25",1,1,14,16,6.25,2
"ARHGEF3",1,1,13,15,6.66666666666667,2
"ARHGEF39",1,0,1,2,50,1
"ARID3B",1,0,8,9,11.1111111111111,1
"ARID4B",1,0,6,7,14.2857142857143,1
"ARL1",1,0,3,4,25,1
"ARL13B",1,0,10,11,9.09090909090909,1
"ARL3",1,0,7,8,12.5,1
"ARL6",1,1,9,11,9.09090909090909,2
"ARL6IP1",1,0,4,5,20,1
"ARL8B",1,0,1,2,50,1
"ARMC3",1,0,7,8,12.5,1
"ARMC5",1,0,30,31,3.2258064516129,1
"ARNTL",1,0,8,9,11.1111111111111,1
"ARNTL2",1,0,0,1,100,1
"ARPC1A",1,0,24,25,4,1
"ARPC1B",1,0,16,17,5.88235294117647,1
"ARPC2",1,0,7,8,12.5,1
"ARPC5L",1,0,5,6,16.6666666666667,1
"ARSA",1,0,7,8,12.5,1
"ARSI",1,0,6,7,14.2857142857143,1
"ART4",1,0,4,5,20,1
"ART5",1,0,0,1,100,1
"ARTN",1,0,17,18,5.55555555555556,1
"ASAP2",1,0,30,31,3.2258064516129,1
"ASB10",1,0,10,11,9.09090909090909,1
"ASB15",1,1,17,19,5.26315789473684,2
"ASB16",1,0,4,5,20,1
"ASB2",1,0,8,9,11.1111111111111,1
"ASB7",1,1,12,14,7.14285714285714,2
"ASB8",1,0,19,20,5,1
"ASCC1",1,0,6,7,14.2857142857143,1
"ASCC3",1,0,4,5,20,1
"ASF1B",1,0,6,7,14.2857142857143,1
"ASGR2",1,0,3,4,25,1
"ASH1L-AS1",1,0,8,9,11.1111111111111,1
"ASNSD1",1,0,5,6,16.6666666666667,1
"ASPH",1,2,19,22,4.54545454545455,3
"ASPSCR1",1,0,3,4,25,1
"ASXL2",1,0,0,1,100,1
"ATAD2B",1,0,22,23,4.34782608695652,1
"ATAT1",1,0,3,4,25,1
"ATF3",1,0,9,10,10,1
"ATF4",1,0,2,3,33.3333333333333,1
"ATF5",1,0,1,2,50,1
"ATF7IP",1,1,5,7,14.2857142857143,2
"ATG10-AS1",1,2,6,9,11.1111111111111,3
"ATG4D",1,0,6,7,14.2857142857143,1
"ATG5",1,0,8,9,11.1111111111111,1
"ATG9B",1,0,7,8,12.5,1
"ATIC",1,3,25,29,3.44827586206897,4
"ATMIN",1,0,1,2,50,1
"ATOH8",1,0,23,24,4.16666666666667,1
"ATP1A1",1,1,17,19,5.26315789473684,2
"ATP1A1OS",1,0,5,6,16.6666666666667,1
"ATP1B3-AS1",1,0,9,10,10,1
"ATP2A3",1,0,11,12,8.33333333333333,1
"ATP5C1",1,1,5,7,14.2857142857143,2
"ATP5E",1,0,8,9,11.1111111111111,1
"ATP5H",1,0,14,15,6.66666666666667,1
"ATP5J",1,0,18,19,5.26315789473684,1
"ATP6C",1,0,0,1,100,1
"ATP6V0B",1,0,7,8,12.5,1
"ATP6V0C",1,0,0,1,100,1
"ATP6V0D2",1,0,5,6,16.6666666666667,1
"ATP6V1C2",1,0,1,2,50,1
"ATP6V1E1",1,0,7,8,12.5,1
"ATP8B1",1,0,4,5,20,1
"ATP8B4",1,1,7,9,11.1111111111111,2
"ATRNL1",1,0,3,4,25,1
"AXDND1",1,0,13,14,7.14285714285714,1
"AZIN1",1,1,26,28,3.57142857142857,2
"B3GALNT2",1,0,9,10,10,1
"B3GAT3",1,0,2,3,33.3333333333333,1
"B3GNT4",1,0,9,10,10,1
"B3GNT5",1,0,20,21,4.76190476190476,1
"B4GALNT1",1,1,5,7,14.2857142857143,2
"B4GALT1",1,1,22,24,4.16666666666667,2
"B4GALT2",1,0,1,2,50,1
"B4GALT4",1,0,7,8,12.5,1
"B4GALT6",1,0,7,8,12.5,1
"B9D2",1,0,1,2,50,1
"BACH2",1,0,26,27,3.7037037037037,1
"BAD",1,0,4,5,20,1
"BANF2",1,0,19,20,5,1
"BANP",1,0,8,9,11.1111111111111,1
"BARD1",1,2,19,22,4.54545454545455,3
"BARHL1",1,0,1,2,50,1
"BBC3",1,0,2,3,33.3333333333333,1
"BBS10",1,2,16,19,5.26315789473684,3
"BBS12",1,0,6,7,14.2857142857143,1
"BBS4",1,0,2,3,33.3333333333333,1
"BCAP29",1,1,5,7,14.2857142857143,2
"BCAR1",1,4,15,20,5,5
"BCAR3",1,0,30,31,3.2258064516129,1
"BCCIP",1,0,7,8,12.5,1
"BCDIN3D-AS1",1,0,5,6,16.6666666666667,1
"BCKDHA",1,0,3,4,25,1
"BCKDK",1,0,6,7,14.2857142857143,1
"BCL2A1",1,0,16,17,5.88235294117647,1
"BCL2L13",1,0,7,8,12.5,1
"BCL7C",1,0,10,11,9.09090909090909,1
"BCL9",1,3,38,42,2.38095238095238,4
"BCL9L",1,0,11,12,8.33333333333333,1
"BCMO1",1,0,3,4,25,1
"BCRP1",1,0,3,4,25,1
"BDH2",1,1,31,33,3.03030303030303,2
"BDNF-AS",1,1,10,12,8.33333333333333,2
"BEND6",1,2,33,36,2.77777777777778,3
"BEST1",1,1,17,19,5.26315789473684,2
"BEST3",1,0,3,4,25,1
"BGLAP",1,0,14,15,6.66666666666667,1
"BHLHA15",1,0,4,5,20,1
"BHLHE22",1,0,2,3,33.3333333333333,1
"BIRC2",1,1,52,54,1.85185185185185,2
"BIRC3",1,1,18,20,5,2
"BLM",1,0,15,16,6.25,1
"BLOC1S1",1,0,2,3,33.3333333333333,1
"BLOC1S4",1,0,42,43,2.32558139534884,1
"BLOC1S5",1,0,17,18,5.55555555555556,1
"BLOC1S5-TXNDC5",1,0,16,17,5.88235294117647,1
"BMP1",1,0,2,3,33.3333333333333,1
"BMP2K",1,0,16,17,5.88235294117647,1
"BMP3",1,0,5,6,16.6666666666667,1
"BMP6",1,0,26,27,3.7037037037037,1
"BNIP1",1,0,6,7,14.2857142857143,1
"BNIP3",1,1,10,12,8.33333333333333,2
"BNIPL",1,0,1,2,50,1
"BOD1",1,1,28,30,3.33333333333333,2
"BPIFA1",1,0,5,6,16.6666666666667,1
"BPIFA3",1,0,3,4,25,1
"BPIFB1",1,0,2,3,33.3333333333333,1
"BPIFB2",1,0,2,3,33.3333333333333,1
"BPIFB4",1,0,9,10,10,1
"BRAF",1,0,10,11,9.09090909090909,1
"BRCA2",1,1,16,18,5.55555555555556,2
"BRDT",1,0,2,3,33.3333333333333,1
"BRE",1,0,14,15,6.66666666666667,1
"BRI3",1,0,10,11,9.09090909090909,1
"BRI3BP",1,0,1,2,50,1
"BRIX1",1,0,8,9,11.1111111111111,1
"BTBD1",1,2,19,22,4.54545454545455,3
"BTBD19",1,0,7,8,12.5,1
"BTBD2",1,0,12,13,7.69230769230769,1
"BTBD8",1,0,3,4,25,1
"BTBD9-AS1",1,0,24,25,4,1
"BTG2",1,0,13,14,7.14285714285714,1
"BTNL8",1,0,11,12,8.33333333333333,1
"BUB3",1,0,18,19,5.26315789473684,1
"BUD31",1,0,12,13,7.69230769230769,1
"BX323860.1",1,0,5,6,16.6666666666667,1
"BYSL",1,0,11,12,8.33333333333333,1
"BZRAP1",1,0,2,3,33.3333333333333,1
"BZRAP1-AS1",1,0,2,3,33.3333333333333,1
"C10orf12",1,1,0,2,50,2
"C10orf128",1,0,8,9,11.1111111111111,1
"C10orf32",1,0,5,6,16.6666666666667,1
"C10orf32-ASMT",1,0,5,6,16.6666666666667,1
"C10orf67",1,0,6,7,14.2857142857143,1
"C10orf88",1,1,11,13,7.69230769230769,2
"C11orf24",1,0,5,6,16.6666666666667,1
"C11orf42",1,0,4,5,20,1
"C11orf71",1,0,7,8,12.5,1
"C11orf73",1,1,32,34,2.94117647058824,2
"C11orf74",1,1,7,9,11.1111111111111,2
"C11orf84",1,0,4,5,20,1
"C12orf29",1,1,10,12,8.33333333333333,2
"C12orf39",1,0,2,3,33.3333333333333,1
"C12orf4",1,0,9,10,10,1
"C12orf45",1,0,7,8,12.5,1
"C12orf49",1,0,4,5,20,1
"C12orf5",1,0,11,12,8.33333333333333,1
"C12orf50",1,1,10,12,8.33333333333333,2
"C12orf60",1,1,24,26,3.84615384615385,2
"C12orf74",1,0,3,4,25,1
"C13orf35",1,1,5,7,14.2857142857143,2
"C14orf159",1,1,10,12,8.33333333333333,2
"C14orf182",1,1,12,14,7.14285714285714,2
"C14orf183",1,2,32,35,2.85714285714286,3
"C15orf57",1,0,3,4,25,1
"C16orf54",1,0,6,7,14.2857142857143,1
"C16orf62",1,0,22,23,4.34782608695652,1
"C16orf72",1,0,33,34,2.94117647058824,1
"C16orf80",1,0,1,2,50,1
"C16orf86",1,0,19,20,5,1
"C16orf89",1,0,5,6,16.6666666666667,1
"C16orf93",1,0,15,16,6.25,1
"C16orf98",1,0,34,35,2.85714285714286,1
"C17orf104",1,0,4,5,20,1
"C17orf49",1,0,4,5,20,1
"C17orf50",1,0,0,1,100,1
"C17orf53",1,0,0,1,100,1
"C17orf64",1,0,6,7,14.2857142857143,1
"C17orf74",1,0,8,9,11.1111111111111,1
"C17orf85",1,0,6,7,14.2857142857143,1
"C17orf96",1,0,9,10,10,1
"C19orf33",1,0,1,2,50,1
"C19orf59",1,0,1,2,50,1
"C1GALT1",1,0,4,5,20,1
"C1orf127",1,0,3,4,25,1
"C1orf131",1,0,9,10,10,1
"C1orf134",1,0,5,6,16.6666666666667,1
"C1orf170",1,0,6,7,14.2857142857143,1
"C1orf174",1,0,9,10,10,1
"C1orf192",1,0,3,4,25,1
"C1orf222",1,0,2,3,33.3333333333333,1
"C1orf27",1,0,9,10,10,1
"C1orf51",1,0,6,7,14.2857142857143,1
"C1orf53",1,0,18,19,5.26315789473684,1
"C1orf54",1,0,7,8,12.5,1
"C1orf56",1,0,1,2,50,1
"C1orf74",1,0,16,17,5.88235294117647,1
"C1orf87",1,1,7,9,11.1111111111111,2
"C1QBP",1,0,9,10,10,1
"C1QL4",1,0,14,15,6.66666666666667,1
"C20orf195",1,0,19,20,5,1
"C20orf24",1,0,1,2,50,1
"C21orf140",1,0,10,11,9.09090909090909,1
"C21orf62",1,0,5,6,16.6666666666667,1
"C21orf90",1,0,3,4,25,1
"C22orf24",1,0,21,22,4.54545454545455,1
"C22orf31",1,0,3,4,25,1
"C22orf46",1,0,2,3,33.3333333333333,1
"C2CD2L",1,1,23,25,4,2
"C2CD4A",1,0,6,7,14.2857142857143,1
"C2CD4D",1,1,39,41,2.4390243902439,2
"C2orf15",1,0,7,8,12.5,1
"C2orf48",1,0,17,18,5.55555555555556,1
"C2orf50",1,0,4,5,20,1
"C2orf61",1,0,0,1,100,1
"C2orf62",1,0,3,4,25,1
"C2orf73",1,0,1,2,50,1
"C3orf36",1,1,24,26,3.84615384615385,2
"C4BPA",1,0,24,25,4,1
"C4BPB",1,0,22,23,4.34782608695652,1
"C4orf19",1,0,2,3,33.3333333333333,1
"C4orf3",1,0,15,16,6.25,1
"C5orf22",1,0,6,7,14.2857142857143,1
"C5orf28",1,0,11,12,8.33333333333333,1
"C5orf45",1,0,17,18,5.55555555555556,1
"C5orf47",1,0,20,21,4.76190476190476,1
"C5orf51",1,0,10,11,9.09090909090909,1
"C5orf55",1,0,3,4,25,1
"C5orf58",1,0,14,15,6.66666666666667,1
"C6orf1",1,0,1,2,50,1
"C6orf100",1,0,29,30,3.33333333333333,1
"C6orf120",1,1,18,20,5,2
"C6orf136",1,0,12,13,7.69230769230769,1
"C6orf25",1,0,12,13,7.69230769230769,1
"C6orf48",1,0,18,19,5.26315789473684,1
"C6ORF50",1,3,15,19,5.26315789473684,4
"C7",1,0,1,2,50,1
"C7orf13",1,0,4,5,20,1
"C7orf60",1,1,12,14,7.14285714285714,2
"C7orf61",1,0,9,10,10,1
"C7orf72",1,1,30,32,3.125,2
"C8orf44-SGK3",1,1,19,21,4.76190476190476,2
"C8orf74",1,0,4,5,20,1
"C8orf88",1,0,15,16,6.25,1
"C9orf163",1,0,11,12,8.33333333333333,1
"C9orf172",1,0,7,8,12.5,1
"C9orf24",1,0,1,2,50,1
"C9orf40",1,1,4,6,16.6666666666667,2
"C9orf78",1,0,10,11,9.09090909090909,1
"C9orf89",1,0,4,5,20,1
"C9orf9",1,0,2,3,33.3333333333333,1
"C9orf91",1,1,18,20,5,2
"C9orf92",1,0,1,2,50,1
"CA1",1,1,11,13,7.69230769230769,2
"CA11",1,0,13,14,7.14285714285714,1
"CA5A",1,0,8,9,11.1111111111111,1
"CAAP1",1,0,13,14,7.14285714285714,1
"CABLES2",1,0,8,9,11.1111111111111,1
"CABP5",1,1,2,4,25,2
"CACHD1",1,1,3,5,20,2
"CACNA1G",1,0,29,30,3.33333333333333,1
"CACNA1G-AS1",1,0,29,30,3.33333333333333,1
"CALCB",1,0,12,13,7.69230769230769,1
"CALCOCO1",1,0,1,2,50,1
"CALD1",1,0,12,13,7.69230769230769,1
"CALML5",1,1,11,13,7.69230769230769,2
"CAMK1D",1,0,21,22,4.54545454545455,1
"CAMKK1",1,0,12,13,7.69230769230769,1
"CAMKMT",1,0,8,9,11.1111111111111,1
"CAMTA2",1,0,7,8,12.5,1
"CAP1",1,0,15,16,6.25,1
"CAPN1",1,0,2,3,33.3333333333333,1
"CAPZA2",1,0,11,12,8.33333333333333,1
"CARHSP1",1,0,18,19,5.26315789473684,1
"CARS2",1,0,16,17,5.88235294117647,1
"CASC1",1,0,3,4,25,1
"CASC4",1,1,14,16,6.25,2
"CASD1",1,0,6,7,14.2857142857143,1
"CASKIN1",1,0,2,3,33.3333333333333,1
"CASP10",1,0,18,19,5.26315789473684,1
"CASP8",1,0,13,14,7.14285714285714,1
"CASQ2",1,0,9,10,10,1
"CASZ1",1,0,8,9,11.1111111111111,1
"CAV2",1,3,27,31,3.2258064516129,4
"CBFA2T3",1,0,21,22,4.54545454545455,1
"CBFB",1,0,8,9,11.1111111111111,1
"CBLL1",1,1,18,20,5,2
"CBR1",1,0,1,2,50,1
"CBX3P4",1,0,0,1,100,1
"CBX4",1,0,7,8,12.5,1
"CC2D1B",1,0,8,9,11.1111111111111,1
"CCBL1",1,0,2,3,33.3333333333333,1
"CCDC102B",1,2,23,26,3.84615384615385,3
"CCDC107",1,0,1,2,50,1
"CCDC116",1,0,11,12,8.33333333333333,1
"CCDC121",1,0,8,9,11.1111111111111,1
"CCDC122",1,0,13,14,7.14285714285714,1
"CCDC13",1,0,15,16,6.25,1
"CCDC13-AS1",1,0,13,14,7.14285714285714,1
"CCDC142",1,0,9,10,10,1
"CCDC149",1,1,27,29,3.44827586206897,2
"CCDC155",1,0,0,1,100,1
"CCDC17",1,0,10,11,9.09090909090909,1
"CCDC171",1,0,12,13,7.69230769230769,1
"CCDC181",1,0,8,9,11.1111111111111,1
"CCDC183-AS1",1,0,10,11,9.09090909090909,1
"CCDC23",1,0,0,1,100,1
"CCDC41",1,0,3,4,25,1
"CCDC42B",1,0,13,14,7.14285714285714,1
"CCDC43",1,0,2,3,33.3333333333333,1
"CCDC62",1,0,7,8,12.5,1
"CCDC64B",1,0,1,2,50,1
"CCDC73",1,0,10,11,9.09090909090909,1
"CCDC83",1,2,15,18,5.55555555555556,3
"CCDC84",1,0,4,5,20,1
"CCDC86",1,0,13,14,7.14285714285714,1
"CCDC9",1,0,2,3,33.3333333333333,1
"CCDC97",1,0,3,4,25,1
"CCER1",1,1,12,14,7.14285714285714,2
"CCL1",1,0,11,12,8.33333333333333,1
"CCL26",1,0,21,22,4.54545454545455,1
"CCL8",1,0,4,5,20,1
"CCM2",1,0,13,14,7.14285714285714,1
"CCNA1",1,4,18,23,4.34782608695652,5
"CCT2",1,0,13,14,7.14285714285714,1
"CCT8",1,1,24,26,3.84615384615385,2
"CD109",1,0,22,23,4.34782608695652,1
"CD164L2",1,0,4,5,20,1
"CD244",1,0,9,10,10,1
"CD247",1,0,10,11,9.09090909090909,1
"CD300LB",1,0,12,13,7.69230769230769,1
"CD3E",1,0,6,7,14.2857142857143,1
"CD44",1,2,6,9,11.1111111111111,3
"CD48",1,0,10,11,9.09090909090909,1
"CD52",1,0,20,21,4.76190476190476,1
"CD59",1,0,7,8,12.5,1
"CD6",1,2,17,20,5,3
"CD63",1,0,9,10,10,1
"CD69",1,1,19,21,4.76190476190476,2
"CD7",1,0,5,6,16.6666666666667,1
"CD72",1,0,2,3,33.3333333333333,1
"CDADC1",1,0,0,1,100,1
"CDC14B",1,0,1,2,50,1
"CDC20",1,0,8,9,11.1111111111111,1
"CDC42SE1",1,0,0,1,100,1
"CDCA3",1,1,8,10,10,2
"CDCA5",1,0,4,5,20,1
"CDCA7L",1,0,5,6,16.6666666666667,1
"CDCP1",1,0,3,4,25,1
"CDCP2",1,0,8,9,11.1111111111111,1
"CDH16",1,0,3,4,25,1
"CDIP1",1,0,5,6,16.6666666666667,1
"CDK13",1,0,9,10,10,1
"CDK14",1,0,13,14,7.14285714285714,1
"CDK2",1,0,8,9,11.1111111111111,1
"CDK20",1,0,2,3,33.3333333333333,1
"CDK3",1,0,7,8,12.5,1
"CDKAL1",1,0,23,24,4.16666666666667,1
"CDKL4",1,1,13,15,6.66666666666667,2
"CDKN1B",1,0,25,26,3.84615384615385,1
"CDKN2AIPNL",1,0,4,5,20,1
"CDS1",1,0,5,6,16.6666666666667,1
"CDT1",1,0,9,10,10,1
"CDX2",1,0,9,10,10,1
"CDYL",1,0,3,4,25,1
"CEACAM19",1,0,1,2,50,1
"CEACAM21",1,0,10,11,9.09090909090909,1
"CEBPG",1,0,22,23,4.34782608695652,1
"CECR2",1,0,26,27,3.7037037037037,1
"CECR3",1,0,19,20,5,1
"CELF6",1,0,11,12,8.33333333333333,1
"CENPN",1,0,4,5,20,1
"CENPO",1,1,10,12,8.33333333333333,2
"CENPU",1,0,12,13,7.69230769230769,1
"CEP41",1,0,3,4,25,1
"CEP55",1,0,13,14,7.14285714285714,1
"CEP68",1,0,11,12,8.33333333333333,1
"CEP85",1,0,3,4,25,1
"CERS5",1,0,9,10,10,1
"CES3",1,0,4,5,20,1
"CETN4P",1,0,6,7,14.2857142857143,1
"CFL2",1,0,7,8,12.5,1
"CFLAR-AS1",1,0,25,26,3.84615384615385,1
"CFTR",1,2,10,13,7.69230769230769,3
"CGREF1",1,0,9,10,10,1
"CH25H",1,0,24,25,4,1
"CHAD",1,0,7,8,12.5,1
"CHCHD6",1,0,19,20,5,1
"CHD2",1,0,23,24,4.16666666666667,1
"CHD7",1,0,36,37,2.7027027027027,1
"CHI3L1",1,0,14,15,6.66666666666667,1
"CHIT1",1,0,28,29,3.44827586206897,1
"CHN1",1,1,16,18,5.55555555555556,2
"CHN2",1,0,10,11,9.09090909090909,1
"CHP2",1,0,7,8,12.5,1
"CHPT1",1,1,13,15,6.66666666666667,2
"CHRM3",1,0,15,16,6.25,1
"CHST1",1,1,11,13,7.69230769230769,2
"CHST13",1,0,27,28,3.57142857142857,1
"CHSY3",1,1,5,7,14.2857142857143,2
"CHTOP",1,0,18,19,5.26315789473684,1
"CIITA",1,0,5,6,16.6666666666667,1
"CISH",1,0,18,19,5.26315789473684,1
"CITF22-24E5.1",1,0,17,18,5.55555555555556,1
"CKAP4",1,1,4,6,16.6666666666667,2
"CLC",1,0,0,1,100,1
"CLCN2",1,1,18,20,5,2
"CLCNKA",1,0,14,15,6.66666666666667,1
"CLDN10",1,1,1,3,33.3333333333333,2
"CLDN19",1,0,7,8,12.5,1
"CLDN23",1,0,27,28,3.57142857142857,1
"CLDN25",1,0,0,1,100,1
"CLDN6",1,0,0,1,100,1
"CLDND2",1,0,0,1,100,1
"CLEC12B",1,0,11,12,8.33333333333333,1
"CLEC14A",1,0,4,5,20,1
"CLEC1B",1,0,10,11,9.09090909090909,1
"CLEC2B",1,0,7,8,12.5,1
"CLEC3B",1,1,14,16,6.25,2
"CLEC9A",1,0,22,23,4.34782608695652,1
"CLECL1",1,0,14,15,6.66666666666667,1
"CLHC1",1,1,13,15,6.66666666666667,2
"CLIP4",1,0,1,2,50,1
"CLK3",1,0,14,15,6.66666666666667,1
"CLK4",1,1,8,10,10,2
"CLLU1OS",1,0,3,4,25,1
"CLN5",1,0,1,2,50,1
"CLRN3",1,1,43,45,2.22222222222222,2
"CLUAP1",1,0,5,6,16.6666666666667,1
"CLUL1",1,0,26,27,3.7037037037037,1
"CMAS",1,0,14,15,6.66666666666667,1
"CMBL",1,0,22,23,4.34782608695652,1
"CMC2",1,0,4,5,20,1
"CMP21-97G8.2",1,0,6,7,14.2857142857143,1
"CMTM2",1,3,15,19,5.26315789473684,4
"CMTM4",1,0,15,16,6.25,1
"CMTM5",1,0,4,5,20,1
"CMTM6",1,0,9,10,10,1
"CMYA5",1,0,4,5,20,1
"CNBP",1,0,10,11,9.09090909090909,1
"CNFN",1,0,15,16,6.25,1
"CNGA3",1,1,14,16,6.25,2
"CNGA4",1,0,4,5,20,1
"CNN3",1,0,11,12,8.33333333333333,1
"CNOT2",1,1,9,11,9.09090909090909,2
"CNR2",1,0,5,6,16.6666666666667,1
"CNTF",1,0,2,3,33.3333333333333,1
"CNTN5",1,0,4,5,20,1
"COA6",1,0,1,2,50,1
"COBL",1,0,1,2,50,1
"COBLL1",1,0,11,12,8.33333333333333,1
"COG5",1,1,10,12,8.33333333333333,2
"COG6",1,2,4,7,14.2857142857143,3
"COL16A1",1,0,11,12,8.33333333333333,1
"COL17A1",1,0,13,14,7.14285714285714,1
"COL23A1",1,0,30,31,3.2258064516129,1
"COLEC12",1,0,29,30,3.33333333333333,1
"COLGALT2",1,0,3,4,25,1
"COMMD3",1,0,13,14,7.14285714285714,1
"COMMD3-BMI1",1,0,13,14,7.14285714285714,1
"COMMD7",1,0,3,4,25,1
"COMP",1,0,4,5,20,1
"COPB1",1,0,4,5,20,1
"COPB2",1,0,7,8,12.5,1
"COPG2",1,0,4,5,20,1
"COPS4",1,0,12,13,7.69230769230769,1
"COPS6",1,0,6,7,14.2857142857143,1
"COPS7A",1,1,7,9,11.1111111111111,2
"COQ2",1,0,4,5,20,1
"COQ3",1,0,2,3,33.3333333333333,1
"COX20",1,0,9,10,10,1
"COX6A1",1,0,9,10,10,1
"COX6C",1,0,1,2,50,1
"COX7A2L",1,0,5,6,16.6666666666667,1
"COX7C",1,0,24,25,4,1
"CPA3",1,1,4,6,16.6666666666667,2
"CPA4",1,0,9,10,10,1
"CPA6",1,0,1,2,50,1
"CPB1",1,0,0,1,100,1
"CPB2-AS1",1,0,10,11,9.09090909090909,1
"CPEB2",1,2,15,18,5.55555555555556,3
"CPEB2-AS1",1,2,15,18,5.55555555555556,3
"CPEB3",1,0,15,16,6.25,1
"CPEB4",1,0,18,19,5.26315789473684,1
"CPED1",1,5,26,32,3.125,6
"CPOX",1,1,30,32,3.125,2
"CPSF1",1,0,2,3,33.3333333333333,1
"CPSF3",1,0,5,6,16.6666666666667,1
"CPSF3L",1,0,16,17,5.88235294117647,1
"CPT1A",1,0,1,2,50,1
"CPVL",1,0,10,11,9.09090909090909,1
"CR1",1,1,13,15,6.66666666666667,2
"CR536603.1",1,0,9,10,10,1
"CRB2",1,0,10,11,9.09090909090909,1
"CREB3L2",1,0,21,22,4.54545454545455,1
"CREBL2",1,0,8,9,11.1111111111111,1
"CREG1",1,0,26,27,3.7037037037037,1
"CROT",1,0,2,3,33.3333333333333,1
"CRTAP",1,0,19,20,5,1
"CRTC3",1,0,12,13,7.69230769230769,1
"CRYL1",1,1,16,18,5.55555555555556,2
"CSDE1",1,1,30,32,3.125,2
"CSE1L",1,0,2,3,33.3333333333333,1
"CSHL1",1,0,24,25,4,1
"CSNK1D",1,0,3,4,25,1
"CSNK2A1",1,0,5,6,16.6666666666667,1
"CSNK2A2",1,0,3,4,25,1
"CSNK2B",1,0,15,16,6.25,1
"CSNK2B-LY6G5B",1,0,18,19,5.26315789473684,1
"CSRNP1",1,0,13,14,7.14285714285714,1
"CSRNP2",1,0,15,16,6.25,1
"CSTL1",1,0,5,6,16.6666666666667,1
"CTA-833B7.2",1,0,10,11,9.09090909090909,1
"CTA-85E5.10",1,0,9,10,10,1
"CTAGE5",1,2,13,16,6.25,3
"CTB-118N6.2",1,1,4,6,16.6666666666667,2
"CTB-11I22.1",1,0,2,3,33.3333333333333,1
"CTB-147C13.1",1,0,6,7,14.2857142857143,1
"CTB-161M19.4",1,0,24,25,4,1
"CTB-174O21.2",1,0,6,7,14.2857142857143,1
"CTB-3M24.3",1,1,19,21,4.76190476190476,2
"CTB-49A3.4",1,0,1,2,50,1
"CTB-49A3.5",1,0,6,7,14.2857142857143,1
"CTB-50E14.4",1,0,8,9,11.1111111111111,1
"CTB-51J22.1",1,0,7,8,12.5,1
"CTB-55O6.12",1,0,6,7,14.2857142857143,1
"CTB-58E17.5",1,0,2,3,33.3333333333333,1
"CTB-60E11.9",1,0,9,10,10,1
"CTB-96E2.2",1,0,0,1,100,1
"CTB-96E2.3",1,0,0,1,100,1
"CTB-96E2.7",1,0,0,1,100,1
"CTB-99A3.1",1,0,6,7,14.2857142857143,1
"CTBP1",1,0,9,10,10,1
"CTBP1-AS2",1,0,9,10,10,1
"CTBS",1,0,29,30,3.33333333333333,1
"CTC-203F4.2",1,0,4,5,20,1
"CTC-209H22.3",1,0,6,7,14.2857142857143,1
"CTC-228N24.3",1,0,6,7,14.2857142857143,1
"CTC-236F12.4",1,0,22,23,4.34782608695652,1
"CTC-250I14.3",1,1,7,9,11.1111111111111,2
"CTC-260F20.3",1,0,0,1,100,1
"CTC-338M12.1",1,0,5,6,16.6666666666667,1
"CTC-338M12.7",1,0,7,8,12.5,1
"CTC-429L19.3",1,0,3,4,25,1
"CTC-435M10.10",1,0,3,4,25,1
"CTC-435M10.3",1,0,3,4,25,1
"CTC-458I2.2",1,0,6,7,14.2857142857143,1
"CTC-461F20.1",1,0,7,8,12.5,1
"CTC-467M3.1",1,0,9,10,10,1
"CTC-467M3.2",1,0,13,14,7.14285714285714,1
"CTC-467M3.3",1,0,13,14,7.14285714285714,1
"CTC-492K19.4",1,0,8,9,11.1111111111111,1
"CTC-498J12.3",1,0,19,20,5,1
"CTC-503K11.2",1,0,9,10,10,1
"CTC-506B8.1",1,1,6,8,12.5,2
"CTC-512J12.4",1,0,16,17,5.88235294117647,1
"CTC-518P12.6",1,0,0,1,100,1
"CTC-524C5.5",1,0,4,5,20,1
"CTC-558O19.1",1,0,5,6,16.6666666666667,1
"CTC-563A5.2",1,0,7,8,12.5,1
"CTC-575I10.1",1,1,12,14,7.14285714285714,2
"CTC-575N7.1",1,1,5,7,14.2857142857143,2
"CTD-2001C12.1",1,0,13,14,7.14285714285714,1
"CTD-2006C1.2",1,0,25,26,3.84615384615385,1
"CTD-2017C7.1",1,0,15,16,6.25,1
"CTD-2017C7.3",1,0,15,16,6.25,1
"CTD-2021J15.1",1,0,7,8,12.5,1
"CTD-2022H16.1",1,2,20,23,4.34782608695652,3
"CTD-2024I7.13",1,0,22,23,4.34782608695652,1
"CTD-2026K11.1",1,1,9,11,9.09090909090909,2
"CTD-2031P19.3",1,0,14,15,6.66666666666667,1
"CTD-2033A16.1",1,0,12,13,7.69230769230769,1
"CTD-2140B24.4",1,0,17,18,5.55555555555556,1
"CTD-2154I11.2",1,0,9,10,10,1
"CTD-2176I21.2",1,0,16,17,5.88235294117647,1
"CTD-2184C24.2",1,0,2,3,33.3333333333333,1
"CTD-2193P3.2",1,0,10,11,9.09090909090909,1
"CTD-2197M16.1",1,0,1,2,50,1
"CTD-2210P24.3",1,1,9,11,9.09090909090909,2
"CTD-2210P24.4",1,1,11,13,7.69230769230769,2
"CTD-2213F21.3",1,0,7,8,12.5,1
"CTD-2213F21.4",1,2,16,19,5.26315789473684,3
"CTD-2223O18.1",1,0,20,21,4.76190476190476,1
"CTD-2245F17.9",1,0,0,1,100,1
"CTD-2256P15.2",1,0,63,64,1.5625,1
"CTD-2260A17.1",1,0,14,15,6.66666666666667,1
"CTD-2260A17.2",1,0,8,9,11.1111111111111,1
"CTD-2260A17.3",1,0,2,3,33.3333333333333,1
"CTD-2270F17.1",1,0,7,8,12.5,1
"CTD-2284J15.1",1,1,16,18,5.55555555555556,2
"CTD-2308N23.2",1,0,15,16,6.25,1
"CTD-2313J17.1",1,0,23,24,4.16666666666667,1
"CTD-2315E11.1",1,0,12,13,7.69230769230769,1
"CTD-2337A12.1",1,7,45,53,1.88679245283019,8
"CTD-2342J14.6",1,0,3,4,25,1
"CTD-2363C16.1",1,0,1,2,50,1
"CTD-2363C16.2",1,0,3,4,25,1
"CTD-2369P2.8",1,0,6,7,14.2857142857143,1
"CTD-2373N4.5",1,0,3,4,25,1
"CTD-2376I20.1",1,0,11,12,8.33333333333333,1
"CTD-2385L22.1",1,0,1,2,50,1
"CTD-2410N18.3",1,0,5,6,16.6666666666667,1
"CTD-2410N18.5",1,0,5,6,16.6666666666667,1
"CTD-2503I6.1",1,0,0,1,100,1
"CTD-2514K5.2",1,0,2,3,33.3333333333333,1
"CTD-2521M24.10",1,0,9,10,10,1
"CTD-2523D13.1",1,0,2,3,33.3333333333333,1
"CTD-2527I21.9",1,0,5,6,16.6666666666667,1
"CTD-2532N20.1",1,0,19,20,5,1
"CTD-2534I21.8",1,0,1,2,50,1
"CTD-2553L13.7",1,0,10,11,9.09090909090909,1
"CTD-2587H24.4",1,0,12,13,7.69230769230769,1
"CTD-2587H24.5",1,0,12,13,7.69230769230769,1
"CTD-2616J11.10",1,0,0,1,100,1
"CTD-2616J11.11",1,0,0,1,100,1
"CTD-2631K10.1",1,0,46,47,2.12765957446809,1
"CTD-2649C14.1",1,1,17,19,5.26315789473684,2
"CTD-2653D5.1",1,0,12,13,7.69230769230769,1
"CTD-3025N20.2",1,4,7,12,8.33333333333333,5
"CTD-3028N15.1",1,3,25,29,3.44827586206897,4
"CTD-3057O21.1",1,0,8,9,11.1111111111111,1
"CTD-3073N11.7",1,0,3,4,25,1
"CTD-3080P12.3",1,2,15,18,5.55555555555556,3
"CTD-3214H19.16",1,0,1,2,50,1
"CTDP1",1,0,3,4,25,1
"CTDSPL2",1,0,4,5,20,1
"CTF1",1,0,10,11,9.09090909090909,1
"CTRB2",1,1,9,11,9.09090909090909,2
"CTSA",1,0,10,11,9.09090909090909,1
"CTSK",1,1,14,16,6.25,2
"CTTNBP2",1,0,10,11,9.09090909090909,1
"CUBN",1,0,20,21,4.76190476190476,1
"CUEDC2",1,0,8,9,11.1111111111111,1
"CUL3",1,1,23,25,4,2
"CUL9",1,0,1,2,50,1
"CUTC",1,0,7,8,12.5,1
"CUX2",1,0,17,18,5.55555555555556,1
"CWC15",1,0,8,9,11.1111111111111,1
"CWF19L2",1,0,8,9,11.1111111111111,1
"CXCL1",1,0,4,5,20,1
"CXCL12",1,0,27,28,3.57142857142857,1
"CXCL14",1,1,9,11,9.09090909090909,2
"CXCL16",1,0,9,10,10,1
"CXCR5",1,0,10,11,9.09090909090909,1
"CXXC11",1,0,6,7,14.2857142857143,1
"CYB561A3",1,0,13,14,7.14285714285714,1
"CYB561D1",1,0,30,31,3.2258064516129,1
"CYB5R1",1,0,1,2,50,1
"CYB5R4",1,0,15,16,6.25,1
"CYCS",1,0,8,9,11.1111111111111,1
"CYGB",1,0,11,12,8.33333333333333,1
"CYP2D7P",1,0,6,7,14.2857142857143,1
"CYP2R1",1,0,10,11,9.09090909090909,1
"CYP4A22-AS1",1,1,18,20,5,2
"CYTIP",1,0,12,13,7.69230769230769,1
"DAB1",1,1,14,16,6.25,2
"DAB2IP",1,0,4,5,20,1
"DAK",1,0,13,14,7.14285714285714,1
"DANCR",1,0,6,7,14.2857142857143,1
"DAND5",1,0,0,1,100,1
"DAPL1",1,0,2,3,33.3333333333333,1
"DAZAP1",1,0,0,1,100,1
"DBIL5P",1,0,2,3,33.3333333333333,1
"DBP",1,0,13,14,7.14285714285714,1
"DCAF6",1,0,20,21,4.76190476190476,1
"DCAF8",1,0,6,7,14.2857142857143,1
"DCBLD2",1,0,7,8,12.5,1
"DCD",1,0,1,2,50,1
"DCHS1",1,0,12,13,7.69230769230769,1
"DCHS2",1,0,1,2,50,1
"DCLRE1A",1,1,4,6,16.6666666666667,2
"DCLRE1C",1,0,7,8,12.5,1
"DCLRE1CP1",1,0,17,18,5.55555555555556,1
"DCTN1",1,0,11,12,8.33333333333333,1
"DCTN2",1,1,11,13,7.69230769230769,2
"DCTPP1",1,0,17,18,5.55555555555556,1
"DCUN1D1",1,0,0,1,100,1
"DDAH2",1,0,12,13,7.69230769230769,1
"DDB1",1,0,14,15,6.66666666666667,1
"DDIT4",1,0,5,6,16.6666666666667,1
"DDR1",1,0,15,16,6.25,1
"DDR1-AS1",1,0,11,12,8.33333333333333,1
"DDX21",1,0,11,12,8.33333333333333,1
"DDX25",1,0,11,12,8.33333333333333,1
"DDX31",1,0,2,3,33.3333333333333,1
"DDX46",1,1,12,14,7.14285714285714,2
"DDX52",1,0,2,3,33.3333333333333,1
"DDX54",1,0,34,35,2.85714285714286,1
"DDX56",1,0,10,11,9.09090909090909,1
"DDX6",1,0,9,10,10,1
"DDX60",1,0,3,4,25,1
"DEF6",1,0,0,1,100,1
"DEFB1",1,0,3,4,25,1
"DEFB136",1,0,25,26,3.84615384615385,1
"DENND1B",1,0,9,10,10,1
"DENND4A",1,0,16,17,5.88235294117647,1
"DENND5A",1,2,19,22,4.54545454545455,3
"DENR",1,0,0,1,100,1
"DEPDC5",1,0,14,15,6.66666666666667,1
"DEPTOR",1,1,22,24,4.16666666666667,2
"DERA",1,0,6,7,14.2857142857143,1
"DERL1",1,0,32,33,3.03030303030303,1
"DERL2",1,0,8,9,11.1111111111111,1
"DGAT1",1,0,1,2,50,1
"DGAT2",1,0,1,2,50,1
"DGCR14",1,0,13,14,7.14285714285714,1
"DGUOK",1,0,16,17,5.88235294117647,1
"DHRS11",1,0,11,12,8.33333333333333,1
"DHRS13",1,0,11,12,8.33333333333333,1
"DHRS7B",1,1,25,27,3.7037037037037,2
"DHX15",1,0,12,13,7.69230769230769,1
"DHX16",1,0,2,3,33.3333333333333,1
"DHX32",1,1,49,51,1.96078431372549,2
"DHX33",1,0,4,5,20,1
"DHX37",1,0,0,1,100,1
"DHX57",1,2,8,11,9.09090909090909,3
"DHX58",1,0,17,18,5.55555555555556,1
"DIMT1",1,0,11,12,8.33333333333333,1
"DIP2B",1,0,11,12,8.33333333333333,1
"DIRC3",1,0,4,5,20,1
"DIS3",1,0,12,13,7.69230769230769,1
"DIS3L2",1,0,5,6,16.6666666666667,1
"DISC1",1,0,5,6,16.6666666666667,1
"DISP1",1,0,10,11,9.09090909090909,1
"DKFZP667F0711",1,0,2,3,33.3333333333333,1
"DLD",1,0,13,14,7.14285714285714,1
"DLG2",1,0,9,10,10,1
"DLST",1,0,10,11,9.09090909090909,1
"DLX6",1,2,12,15,6.66666666666667,3
"DLX6-AS1",1,2,12,15,6.66666666666667,3
"DLX6-AS2",1,2,12,15,6.66666666666667,3
"DMRT3",1,0,6,7,14.2857142857143,1
"DMTF1",1,1,15,17,5.88235294117647,2
"DMTN",1,0,2,3,33.3333333333333,1
"DMXL1",1,0,24,25,4,1
"DNAAF3",1,0,12,13,7.69230769230769,1
"DNAH11",1,1,4,6,16.6666666666667,2
"DNAH2",1,0,10,11,9.09090909090909,1
"DNAJB6",1,2,20,23,4.34782608695652,3
"DNAJC12",1,0,4,5,20,1
"DNAJC22",1,0,13,14,7.14285714285714,1
"DNAJC30",1,0,12,13,7.69230769230769,1
"DNAJC4",1,0,2,3,33.3333333333333,1
"DNAJC5",1,0,16,17,5.88235294117647,1
"DNAJC8",1,0,13,14,7.14285714285714,1
"DNAJC9",1,0,2,3,33.3333333333333,1
"DNAJC9-AS1",1,0,2,3,33.3333333333333,1
"DNALI1",1,0,5,6,16.6666666666667,1
"DNASE2B",1,3,35,39,2.56410256410256,4
"DNPH1",1,0,5,6,16.6666666666667,1
"DNTTIP2",1,0,5,6,16.6666666666667,1
"DOC2B",1,0,5,6,16.6666666666667,1
"DOCK2",1,1,0,2,50,2
"DOCK8",1,0,21,22,4.54545454545455,1
"DOK2",1,0,25,26,3.84615384615385,1
"DOLK",1,0,4,5,20,1
"DPAGT1",1,1,23,25,4,2
"DPH2",1,0,5,6,16.6666666666667,1
"DPM2",1,0,7,8,12.5,1
"DPP9",1,0,2,3,33.3333333333333,1
"DPY19L4",1,0,3,4,25,1
"DPYD",1,0,1,2,50,1
"DPYSL5",1,0,17,18,5.55555555555556,1
"DR1",1,0,5,6,16.6666666666667,1
"DRG1",1,0,2,3,33.3333333333333,1
"DROSHA",1,0,6,7,14.2857142857143,1
"DSCAM-AS1",1,0,1,2,50,1
"DSE",1,1,17,19,5.26315789473684,2
"DST",1,2,33,36,2.77777777777778,3
"DTL",1,0,25,26,3.84615384615385,1
"DTWD1",1,1,12,14,7.14285714285714,2
"DTWD2",1,0,23,24,4.16666666666667,1
"DTX3",1,1,14,16,6.25,2
"DUS4L",1,1,10,12,8.33333333333333,2
"DUSP16",1,0,9,10,10,1
"DUSP19",1,0,5,6,16.6666666666667,1
"DUSP23",1,1,31,33,3.03030303030303,2
"DUSP4",1,1,44,46,2.17391304347826,2
"DUT",1,0,8,9,11.1111111111111,1
"DYNC1H1",1,0,7,8,12.5,1
"DYNLT1",1,0,16,17,5.88235294117647,1
"DYRK1A",1,0,13,14,7.14285714285714,1
"DYRK2",1,1,9,11,9.09090909090909,2
"DYRK3",1,0,4,5,20,1
"DZIP1L",1,0,2,3,33.3333333333333,1
"DZIP3",1,0,7,8,12.5,1
"EAF2",1,0,21,22,4.54545454545455,1
"EBF1",1,0,10,11,9.09090909090909,1
"EBF3",1,0,6,7,14.2857142857143,1
"ECEL1",1,0,5,6,16.6666666666667,1
"ECI1",1,0,4,5,20,1
"ECM1",1,0,7,8,12.5,1
"EDEM3",1,0,4,5,20,1
"EDN1",1,1,31,33,3.03030303030303,2
"EDN2",1,0,0,1,100,1
"EDRF1",1,0,11,12,8.33333333333333,1
"EEA1",1,0,12,13,7.69230769230769,1
"EED",1,2,38,41,2.4390243902439,3
"EEF1A1P33",1,0,3,4,25,1
"EEF1E1",1,0,1,2,50,1
"EEF1E1-BLOC1S5",1,0,1,2,50,1
"EFCAB11",1,0,4,5,20,1
"EFCAB7",1,0,3,4,25,1
"EFCAB9",1,0,8,9,11.1111111111111,1
"EFNB2",1,0,33,34,2.94117647058824,1
"EFR3A",1,0,8,9,11.1111111111111,1
"EGF",1,4,17,22,4.54545454545455,5
"EGLN3",1,0,4,5,20,1
"EHF",1,0,4,5,20,1
"EI24",1,0,3,4,25,1
"EID2",1,0,10,11,9.09090909090909,1
"EID2B",1,0,9,10,10,1
"EIF2A",1,0,7,8,12.5,1
"EIF2B3",1,0,15,16,6.25,1
"EIF2B5-AS1",1,0,19,20,5,1
"EIF2D",1,0,9,10,10,1
"EIF4A2",1,0,16,17,5.88235294117647,1
"EIF4A3",1,0,7,8,12.5,1
"EIF4E",1,1,36,38,2.63157894736842,2
"EIF4EBP3",1,2,11,14,7.14285714285714,3
"EIF4G2",1,1,18,20,5,2
"ELAVL3",1,0,5,6,16.6666666666667,1
"ELK3",1,1,6,8,12.5,2
"ELL2",1,7,41,49,2.04081632653061,8
"ELMO2",1,0,14,15,6.66666666666667,1
"ELMO3",1,0,12,13,7.69230769230769,1
"ELOVL1",1,0,8,9,11.1111111111111,1
"ELOVL6",1,2,9,12,8.33333333333333,3
"ELOVL7",1,0,4,5,20,1
"ELTD1",1,1,1,3,33.3333333333333,2
"EMC1",1,0,0,1,100,1
"EMC4",1,1,6,8,12.5,2
"EMC6",1,0,6,7,14.2857142857143,1
"EMC7",1,0,8,9,11.1111111111111,1
"EML3",1,0,15,16,6.25,1
"EMP3",1,0,1,2,50,1
"EMX1",1,0,5,6,16.6666666666667,1
"EMX2",1,1,7,9,11.1111111111111,2
"EMX2OS",1,1,7,9,11.1111111111111,2
"ENAM",1,1,3,5,20,2
"ENKUR",1,1,33,35,2.85714285714286,2
"ENO1P4",1,0,4,5,20,1
"ENO3",1,0,7,8,12.5,1
"ENSA",1,0,18,19,5.26315789473684,1
"ENTHD1",1,0,12,13,7.69230769230769,1
"EPB41L4A-AS1",1,0,18,19,5.26315789473684,1
"EPC2",1,0,16,17,5.88235294117647,1
"EPCAM",1,0,1,2,50,1
"EPDR1",1,0,1,2,50,1
"EPG5",1,0,10,11,9.09090909090909,1
"EPHB1",1,0,8,9,11.1111111111111,1
"EPHB3",1,0,23,24,4.16666666666667,1
"EPHB6",1,0,14,15,6.66666666666667,1
"EPN3",1,0,34,35,2.85714285714286,1
"EPOR",1,0,4,5,20,1
"EPS15",1,2,17,20,5,3
"EPS8L3",1,0,25,26,3.84615384615385,1
"EPX",1,0,2,3,33.3333333333333,1
"EQTN",1,0,0,1,100,1
"ERAL1",1,0,5,6,16.6666666666667,1
"ERAP1",1,0,2,3,33.3333333333333,1
"ERBB2",1,0,0,1,100,1
"ERBB3",1,0,10,11,9.09090909090909,1
"ERC1",1,0,11,12,8.33333333333333,1
"ERCC4",1,0,41,42,2.38095238095238,1
"ERCC8",1,0,6,7,14.2857142857143,1
"EREG",1,0,11,12,8.33333333333333,1
"ERGIC2",1,1,12,14,7.14285714285714,2
"ERMAP",1,0,0,1,100,1
"ERMN",1,0,17,18,5.55555555555556,1
"ERN1",1,0,15,16,6.25,1
"ERN2",1,0,1,2,50,1
"ERO1LB",1,0,3,4,25,1
"ERP27",1,0,0,1,100,1
"ERP29",1,0,2,3,33.3333333333333,1
"ESR2",1,0,9,10,10,1
"ESRP2",1,0,10,11,9.09090909090909,1
"ESRRA",1,0,5,6,16.6666666666667,1
"ETFB",1,0,0,1,100,1
"ETHE1",1,0,5,6,16.6666666666667,1
"ETNK1",1,0,22,23,4.34782608695652,1
"ETS1",1,1,38,40,2.5,2
"ETV3L",1,0,3,4,25,1
"ETV5",1,0,11,12,8.33333333333333,1
"ETV5-AS1",1,0,8,9,11.1111111111111,1
"EVA1B",1,0,9,10,10,1
"EVPL",1,0,7,8,12.5,1
"EVX1",1,0,10,11,9.09090909090909,1
"EVX1-AS",1,0,10,11,9.09090909090909,1
"EXD3",1,0,5,6,16.6666666666667,1
"EXOC3",1,0,3,4,25,1
"EXOC5",1,0,20,21,4.76190476190476,1
"EXOSC5",1,0,3,4,25,1
"EXOSC8",1,0,13,14,7.14285714285714,1
"EXT1",1,14,40,55,1.81818181818182,15
"EYA3",1,0,11,12,8.33333333333333,1
"F12",1,0,13,14,7.14285714285714,1
"FAAH",1,0,0,1,100,1
"FABP5",1,3,15,19,5.26315789473684,4
"FAM103A1",1,3,27,31,3.2258064516129,4
"FAM107A",1,0,10,11,9.09090909090909,1
"FAM120A",1,0,5,6,16.6666666666667,1
"FAM120AOS",1,0,5,6,16.6666666666667,1
"FAM122A",1,1,26,28,3.57142857142857,2
"FAM124A",1,0,4,5,20,1
"FAM129C",1,0,1,2,50,1
"FAM133B",1,0,7,8,12.5,1
"FAM134B",1,0,7,8,12.5,1
"FAM136A",1,0,15,16,6.25,1
"FAM13A",1,0,3,4,25,1
"FAM160A2",1,0,6,7,14.2857142857143,1
"FAM160B2",1,0,2,3,33.3333333333333,1
"FAM166B",1,0,3,4,25,1
"FAM168A",1,0,11,12,8.33333333333333,1
"FAM171A1",1,0,15,16,6.25,1
"FAM171A2",1,0,2,3,33.3333333333333,1
"FAM174A",1,0,13,14,7.14285714285714,1
"FAM174B",1,0,23,24,4.16666666666667,1
"FAM175B",1,0,8,9,11.1111111111111,1
"FAM177A1",1,0,17,18,5.55555555555556,1
"FAM177B",1,1,23,25,4,2
"FAM178A",1,0,14,15,6.66666666666667,1
"FAM179A",1,0,31,32,3.125,1
"FAM181A",1,1,3,5,20,2
"FAM181B",1,0,5,6,16.6666666666667,1
"FAM186A",1,0,0,1,100,1
"FAM186B",1,0,5,6,16.6666666666667,1
"FAM187B",1,0,24,25,4,1
"FAM187B2P",1,0,24,25,4,1
"FAM189B",1,0,8,9,11.1111111111111,1
"FAM194B",1,0,12,13,7.69230769230769,1
"FAM198B",1,1,5,7,14.2857142857143,2
"FAM19A4",1,0,13,14,7.14285714285714,1
"FAM19A5",1,0,16,17,5.88235294117647,1
"FAM204A",1,0,5,6,16.6666666666667,1
"FAM20B",1,3,15,19,5.26315789473684,4
"FAM210A",1,0,21,22,4.54545454545455,1
"FAM213B",1,0,8,9,11.1111111111111,1
"FAM214A",1,1,27,29,3.44827586206897,2
"FAM216A",1,0,3,4,25,1
"FAM217B",1,1,8,10,10,2
"FAM222A",1,0,0,1,100,1
"FAM222B",1,0,5,6,16.6666666666667,1
"FAM227B",1,1,12,14,7.14285714285714,2
"FAM228B",1,0,10,11,9.09090909090909,1
"FAM26E",1,1,26,28,3.57142857142857,2
"FAM35A",1,0,5,6,16.6666666666667,1
"FAM46B",1,0,1,2,50,1
"FAM47E",1,0,17,18,5.55555555555556,1
"FAM49B",1,1,21,23,4.34782608695652,2
"FAM53B",1,1,40,42,2.38095238095238,2
"FAM60A",1,0,18,19,5.26315789473684,1
"FAM63A",1,0,5,6,16.6666666666667,1
"FAM64A",1,0,18,19,5.26315789473684,1
"FAM65A",1,0,8,9,11.1111111111111,1
"FAM65B",1,0,8,9,11.1111111111111,1
"FAM73B",1,0,2,3,33.3333333333333,1
"FAM83E",1,0,4,5,20,1
"FAM83G",1,0,1,2,50,1
"FAM89A",1,0,8,9,11.1111111111111,1
"FAM96A",1,0,7,8,12.5,1
"FAM96AP2",1,0,2,3,33.3333333333333,1
"FAM99B",1,0,17,18,5.55555555555556,1
"FAN1",1,1,22,24,4.16666666666667,2
"FANK1",1,2,50,53,1.88679245283019,3
"FAR2",1,0,18,19,5.26315789473684,1
"FAS",1,0,11,12,8.33333333333333,1
"FASTK",1,0,9,10,10,1
"FASTKD2",1,0,15,16,6.25,1
"FASTKD3",1,0,40,41,2.4390243902439,1
"FAU",1,0,14,15,6.66666666666667,1
"FBLIM1",1,0,12,13,7.69230769230769,1
"FBN2",1,0,2,3,33.3333333333333,1
"FBP2",1,0,3,4,25,1
"FBXL15",1,1,10,12,8.33333333333333,2
"FBXL19",1,0,17,18,5.55555555555556,1
"FBXL19-AS1",1,0,17,18,5.55555555555556,1
"FBXL22",1,1,16,18,5.55555555555556,2
"FBXO15",1,0,20,21,4.76190476190476,1
"FBXO18",1,0,10,11,9.09090909090909,1
"FBXO2",1,0,6,7,14.2857142857143,1
"FBXO21",1,0,4,5,20,1
"FBXO24",1,0,14,15,6.66666666666667,1
"FBXO40",1,0,4,5,20,1
"FBXO44",1,0,6,7,14.2857142857143,1
"FBXW4",1,0,0,1,100,1
"FCER2",1,0,2,3,33.3333333333333,1
"FCHSD1",1,0,8,9,11.1111111111111,1
"FCN3",1,0,4,5,20,1
"FDPS",1,0,11,12,8.33333333333333,1
"FEM1B",1,0,3,4,25,1
"FER",1,0,13,14,7.14285714285714,1
"FERMT3",1,0,4,5,20,1
"FFAR2",1,1,23,25,4,2
"FGB",1,0,7,8,12.5,1
"FGF12",1,0,8,9,11.1111111111111,1
"FGF5",1,0,1,2,50,1
"FGFR1",1,1,37,39,2.56410256410256,2
"FGL2",1,1,10,12,8.33333333333333,2
"FHDC1",1,0,4,5,20,1
"FHOD1",1,0,4,5,20,1
"FIBCD1",1,0,3,4,25,1
"FIG4",1,0,2,3,33.3333333333333,1
"FIGNL1",1,0,10,11,9.09090909090909,1
"FKBP14",1,0,10,11,9.09090909090909,1
"FKBP2",1,0,2,3,33.3333333333333,1
"FKBP4",1,0,0,1,100,1
"FLAD1",1,0,4,5,20,1
"FLJ45079",1,0,4,5,20,1
"FLOT2",1,0,7,8,12.5,1
"FLVCR1",1,0,3,4,25,1
"FLVCR1-AS1",1,0,3,4,25,1
"FMNL3",1,0,21,22,4.54545454545455,1
"FNDC3A",1,1,5,7,14.2857142857143,2
"FNDC9",1,0,14,15,6.66666666666667,1
"FNTB",1,0,16,17,5.88235294117647,1
"FOLR4",1,0,1,2,50,1
"FOSB",1,0,3,4,25,1
"FOXC2",1,1,30,32,3.125,2
"FOXD2",1,2,8,11,9.09090909090909,3
"FOXD2-AS1",1,1,7,9,11.1111111111111,2
"FOXE3",1,1,3,5,20,2
"FOXI1",1,0,12,13,7.69230769230769,1
"FOXJ1",1,0,7,8,12.5,1
"FOXL1",1,3,32,36,2.77777777777778,4
"FOXM1",1,0,3,4,25,1
"FOXRED1",1,0,16,17,5.88235294117647,1
"FP15737",1,0,9,10,10,1
"FRAS1",1,0,9,10,10,1
"FRMD5",1,0,6,7,14.2857142857143,1
"FRRS1",1,2,9,12,8.33333333333333,3
"FRY",1,0,29,30,3.33333333333333,1
"FRY-AS1",1,0,29,30,3.33333333333333,1
"FSD2",1,2,27,30,3.33333333333333,3
"FTLP1",1,0,4,5,20,1
"FUT5",1,0,0,1,100,1
"FXR2",1,0,4,5,20,1
"FXYD2",1,1,30,32,3.125,2
"FYN",1,1,26,28,3.57142857142857,2
"FZD3",1,0,9,10,10,1
"FZD9",1,0,5,6,16.6666666666667,1
"G0S2",1,0,39,40,2.5,1
"G2E3",1,0,0,1,100,1
"GABPA",1,0,18,19,5.26315789473684,1
"GABPB2",1,0,0,1,100,1
"GABRD",1,0,2,3,33.3333333333333,1
"GADD45GIP1",1,0,0,1,100,1
"GAK",1,0,8,9,11.1111111111111,1
"GALK1",1,0,7,8,12.5,1
"GALNS",1,0,9,10,10,1
"GALNT1",1,1,5,7,14.2857142857143,2
"GALNT14",1,0,9,10,10,1
"GALNT15",1,0,5,6,16.6666666666667,1
"GALNT2",1,0,4,5,20,1
"GALR3",1,0,1,2,50,1
"GAMT",1,0,0,1,100,1
"GANAB",1,0,2,3,33.3333333333333,1
"GAPDHP45",1,0,17,18,5.55555555555556,1
"GAPT",1,0,15,16,6.25,1
"GAS2L2",1,0,1,2,50,1
"GAS7",1,0,36,37,2.7027027027027,1
"GATA3",1,2,3,6,16.6666666666667,3
"GATA3-AS1",1,2,3,6,16.6666666666667,3
"GATAD1",1,1,21,23,4.34782608695652,2
"GATAD2A",1,0,10,11,9.09090909090909,1
"GATC",1,0,10,11,9.09090909090909,1
"GBE1",1,0,20,21,4.76190476190476,1
"GBP7",1,0,3,4,25,1
"GBX1",1,0,8,9,11.1111111111111,1
"GCC1",1,0,3,4,25,1
"GCSH",1,0,2,3,33.3333333333333,1
"GDAP2",1,0,9,10,10,1
"GDF10",1,1,28,30,3.33333333333333,2
"GDF11",1,0,9,10,10,1
"GDF2",1,0,9,10,10,1
"GDNF",1,0,6,7,14.2857142857143,1
"GDNF-AS1",1,0,6,7,14.2857142857143,1
"GEMIN4",1,0,2,3,33.3333333333333,1
"GEMIN5",1,0,14,15,6.66666666666667,1
"GEMIN6",1,4,8,13,7.69230769230769,5
"GEMIN8P4",1,2,19,22,4.54545454545455,3
"GFRA2",1,0,1,2,50,1
"GGA1",1,0,6,7,14.2857142857143,1
"GGA2",1,0,2,3,33.3333333333333,1
"GGH",1,0,14,15,6.66666666666667,1
"GGPS1",1,0,6,7,14.2857142857143,1
"GH1",1,0,24,25,4,1
"GHDC",1,0,7,8,12.5,1
"GHRH",1,0,10,11,9.09090909090909,1
"GIMAP1",1,0,14,15,6.66666666666667,1
"GINS3",1,0,9,10,10,1
"GJA3",1,0,7,8,12.5,1
"GJA5",1,4,35,40,2.5,5
"GJB6",1,0,15,16,6.25,1
"GLB1",1,0,14,15,6.66666666666667,1
"GLB1L",1,0,4,5,20,1
"GLCE",1,0,9,10,10,1
"GLE1",1,0,0,1,100,1
"GLI3",1,0,7,8,12.5,1
"GLIPR1",1,0,14,15,6.66666666666667,1
"GLIPR1L1",1,0,3,4,25,1
"GLMN",1,0,3,4,25,1
"GLRX3",1,0,5,6,16.6666666666667,1
"GLTP",1,0,0,1,100,1
"GLTPD1",1,0,16,17,5.88235294117647,1
"GLTPD2",1,0,5,6,16.6666666666667,1
"GLUD1",1,0,5,6,16.6666666666667,1
"GLUL",1,1,39,41,2.4390243902439,2
"GMCL1",1,0,6,7,14.2857142857143,1
"GMFB",1,0,2,3,33.3333333333333,1
"GNA15",1,0,1,2,50,1
"GNAI3",1,0,24,25,4,1
"GNAQ",1,3,39,43,2.32558139534884,4
"GNAT1",1,0,8,9,11.1111111111111,1
"GNB1",1,0,9,10,10,1
"GNB3",1,1,8,10,10,2
"GNB5",1,1,15,17,5.88235294117647,2
"GNG4",1,0,1,2,50,1
"GNL2",1,0,6,7,14.2857142857143,1
"GNPAT",1,0,9,10,10,1
"GNPDA1",1,0,16,17,5.88235294117647,1
"GNPTAB",1,1,13,15,6.66666666666667,2
"GORASP1",1,0,23,24,4.16666666666667,1
"GP1BA",1,0,2,3,33.3333333333333,1
"GP9",1,0,9,10,10,1
"GPANK1",1,0,15,16,6.25,1
"GPATCH8",1,1,4,6,16.6666666666667,2
"GPBP1L1",1,0,11,12,8.33333333333333,1
"GPCPD1",1,0,31,32,3.125,1
"GPD1",1,0,2,3,33.3333333333333,1
"GPI",1,0,1,2,50,1
"GPLD1",1,1,6,8,12.5,2
"GPN1",1,0,8,9,11.1111111111111,1
"GPN3",1,0,3,4,25,1
"GPR124",1,0,14,15,6.66666666666667,1
"GPR133",1,0,5,6,16.6666666666667,1
"GPR137",1,0,5,6,16.6666666666667,1
"GPR137B",1,1,16,18,5.55555555555556,2
"GPR141",1,0,1,2,50,1
"GPR149",1,1,2,4,25,2
"GPR151",1,0,3,4,25,1
"GPR157",1,0,7,8,12.5,1
"GPR179",1,0,3,4,25,1
"GPR182",1,0,17,18,5.55555555555556,1
"GPR19",1,0,15,16,6.25,1
"GPR25",1,0,3,4,25,1
"GPR45",1,0,3,4,25,1
"GPR65",1,0,22,23,4.34782608695652,1
"GPR83",1,1,3,5,20,2
"GPR98",1,2,13,16,6.25,3
"GPRC5A",1,0,3,4,25,1
"GPRC5B",1,0,23,24,4.16666666666667,1
"GPRC5D",1,0,7,8,12.5,1
"GPRIN2",1,0,5,6,16.6666666666667,1
"GPX3",1,0,4,5,20,1
"GPX4",1,0,2,3,33.3333333333333,1
"GPX8",1,1,9,11,9.09090909090909,2
"GRAP2",1,0,12,13,7.69230769230769,1
"GRB14",1,0,2,3,33.3333333333333,1
"GRIA2",1,0,2,3,33.3333333333333,1
"GRID1",1,1,26,28,3.57142857142857,2
"GRIK4",1,1,19,21,4.76190476190476,2
"GRIN2C",1,0,12,13,7.69230769230769,1
"GRIP2",1,0,11,12,8.33333333333333,1
"GRK6",1,0,13,14,7.14285714285714,1
"GRM5-AS1",1,1,6,8,12.5,2
"GRSF1",1,1,20,22,4.54545454545455,2
"GS1-251I9.3",1,0,12,13,7.69230769230769,1
"GS1-251I9.4",1,1,22,24,4.16666666666667,2
"GS1-393G12.12",1,0,1,2,50,1
"GS1-393G12.14",1,0,2,3,33.3333333333333,1
"GS1-39E22.2",1,1,21,23,4.34782608695652,2
"GSC2",1,0,4,5,20,1
"GSDMA",1,0,4,5,20,1
"GSDMB",1,0,2,3,33.3333333333333,1
"GSE1",1,0,31,32,3.125,1
"GSK3B",1,0,14,15,6.66666666666667,1
"GSPT1",1,0,5,6,16.6666666666667,1
"GSR",1,0,4,5,20,1
"GSTM3",1,0,12,13,7.69230769230769,1
"GSTM4",1,0,4,5,20,1
"GSX1",1,0,7,8,12.5,1
"GTDC1",1,0,1,2,50,1
"GTF2F2",1,0,5,6,16.6666666666667,1
"GTF3C4",1,0,2,3,33.3333333333333,1
"GTPBP4",1,0,61,62,1.61290322580645,1
"GTPBP8",1,0,26,27,3.7037037037037,1
"GUCA1A",1,0,9,10,10,1
"GUCA1B",1,0,8,9,11.1111111111111,1
"GUCD1",1,0,0,1,100,1
"GUCY1A2",1,0,6,7,14.2857142857143,1
"GUCY2D",1,0,14,15,6.66666666666667,1
"H2AFX",1,1,21,23,4.34782608695652,2
"H2AFY",1,0,4,5,20,1
"H3F3B",1,0,3,4,25,1
"HAAO",1,0,6,7,14.2857142857143,1
"HABP4",1,0,7,8,12.5,1
"HAMP",1,0,18,19,5.26315789473684,1
"HAND1",1,0,19,20,5,1
"HAND2",1,1,8,10,10,2
"HAND2-AS1",1,1,8,10,10,2
"HAO1",1,0,3,4,25,1
"HAS1",1,0,8,9,11.1111111111111,1
"HAS3",1,1,14,16,6.25,2
"HAVCR2",1,1,23,25,4,2
"HBCBP",1,0,17,18,5.55555555555556,1
"HCAR1",1,0,2,3,33.3333333333333,1
"HCAR3",1,0,0,1,100,1
"HCFC1R1",1,0,1,2,50,1
"HCG15",1,0,13,14,7.14285714285714,1
"HCG16",1,0,13,14,7.14285714285714,1
"HCK",1,0,0,1,100,1
"HCLS1",1,0,9,10,10,1
"HDAC1",1,0,5,6,16.6666666666667,1
"HDAC7",1,0,8,9,11.1111111111111,1
"HDGF",1,0,19,20,5,1
"HDHD1P2",1,0,2,3,33.3333333333333,1
"HEATR3",1,0,29,30,3.33333333333333,1
"HECA",1,0,3,4,25,1
"HELZ",1,0,1,2,50,1
"HENMT1",1,0,2,3,33.3333333333333,1
"HEPACAM2",1,0,6,7,14.2857142857143,1
"HERC1",1,0,21,22,4.54545454545455,1
"HERC4",1,0,30,31,3.2258064516129,1
"HES6",1,0,9,10,10,1
"HES7",1,0,8,9,11.1111111111111,1
"HESX1",1,1,8,10,10,2
"HEXA",1,0,8,9,11.1111111111111,1
"HEXA-AS1",1,0,8,9,11.1111111111111,1
"HEY2",1,3,19,23,4.34782608695652,4
"HHEX",1,0,9,10,10,1
"HIBADH",1,0,1,2,50,1
"HIF1AN",1,0,18,19,5.26315789473684,1
"HIGD1AP5",1,0,4,5,20,1
"HIGD2B",1,0,2,3,33.3333333333333,1
"HINFP",1,0,6,7,14.2857142857143,1
"HINT2",1,0,7,8,12.5,1
"HIST1H1A",1,0,14,15,6.66666666666667,1
"HIST1H1C",1,0,25,26,3.84615384615385,1
"HIST1H1D",1,0,8,9,11.1111111111111,1
"HIST1H1PS1",1,0,28,29,3.44827586206897,1
"HIST1H1T",1,0,7,8,12.5,1
"HIST1H2AC",1,0,4,5,20,1
"HIST1H2AE",1,0,9,10,10,1
"HIST1H2AG",1,0,14,15,6.66666666666667,1
"HIST1H2AH",1,0,51,52,1.92307692307692,1
"HIST1H2AK",1,0,16,17,5.88235294117647,1
"HIST1H2APS3",1,0,25,26,3.84615384615385,1
"HIST1H2BC",1,0,4,5,20,1
"HIST1H2BE",1,0,38,39,2.56410256410256,1
"HIST1H2BG",1,0,9,10,10,1
"HIST1H2BJ",1,0,14,15,6.66666666666667,1
"HIST1H2BK",1,0,51,52,1.92307692307692,1
"HIST1H2BN",1,0,16,17,5.88235294117647,1
"HIST1H3A",1,0,14,15,6.66666666666667,1
"HIST1H3B",1,0,20,21,4.76190476190476,1
"HIST1H3E",1,0,25,26,3.84615384615385,1
"HIST1H3F",1,0,34,35,2.85714285714286,1
"HIST1H3H",1,0,54,55,1.81818181818182,1
"HIST1H4A",1,0,14,15,6.66666666666667,1
"HIST1H4D",1,0,28,29,3.44827586206897,1
"HIST1H4F",1,0,25,26,3.84615384615385,1
"HIST1H4G",1,0,34,35,2.85714285714286,1
"HIST1H4I",1,0,5,6,16.6666666666667,1
"HIST3H2A",1,2,12,15,6.66666666666667,3
"HIST3H2BB",1,2,12,15,6.66666666666667,3
"HIST4H4",1,1,7,9,11.1111111111111,2
"HIVEP1",1,4,38,43,2.32558139534884,5
"HK2",1,0,21,22,4.54545454545455,1
"HKDC1",1,0,15,16,6.25,1
"HLA-DOB",1,1,29,31,3.2258064516129,2
"HLA-DPA1",1,0,5,6,16.6666666666667,1
"HLA-DPB1",1,0,5,6,16.6666666666667,1
"HLA-DQA2",1,0,17,18,5.55555555555556,1
"HLA-DQB2",1,0,17,18,5.55555555555556,1
"HLF",1,0,2,3,33.3333333333333,1
"HM13-AS1",1,0,3,4,25,1
"HMBS",1,1,21,23,4.34782608695652,2
"HMGA1",1,0,1,2,50,1
"HMGA1P5",1,0,0,1,100,1
"HMGA2",1,0,5,6,16.6666666666667,1
"HMGB1P10",1,0,4,5,20,1
"HMGN1",1,0,10,11,9.09090909090909,1
"HMGN2P23",1,0,3,4,25,1
"HMGN3",1,2,9,12,8.33333333333333,3
"HMGN3-AS1",1,2,9,12,8.33333333333333,3
"HMHA1",1,0,5,6,16.6666666666667,1
"HMMR",1,1,23,25,4,2
"HMX2",1,0,18,19,5.26315789473684,1
"HN1",1,0,9,10,10,1
"HN1L",1,0,7,8,12.5,1
"HNRNPCP4",1,0,3,4,25,1
"HNRNPD",1,0,9,10,10,1
"HOMER2",1,3,30,34,2.94117647058824,4
"HORMAD2",1,0,9,10,10,1
"HOTAIR",1,0,10,11,9.09090909090909,1
"HOTTIP",1,1,34,36,2.77777777777778,2
"HOXA10",1,0,8,9,11.1111111111111,1
"HOXA11",1,0,17,18,5.55555555555556,1
"HOXA11-AS",1,0,17,18,5.55555555555556,1
"HOXA13",1,1,34,36,2.77777777777778,2
"HOXB4",1,3,25,29,3.44827586206897,4
"HOXB5",1,2,16,19,5.26315789473684,3
"HOXB6",1,2,29,32,3.125,3
"HOXB8",1,2,31,34,2.94117647058824,3
"HOXC-AS3",1,0,15,16,6.25,1
"HOXC10",1,0,15,16,6.25,1
"HOXC11",1,0,10,11,9.09090909090909,1
"HOXC4",1,0,13,14,7.14285714285714,1
"HOXC5",1,0,11,12,8.33333333333333,1
"HOXD12",1,0,16,17,5.88235294117647,1
"HOXD13",1,0,11,12,8.33333333333333,1
"HP1BP3",1,0,4,5,20,1
"HPCAL1",1,0,16,17,5.88235294117647,1
"HPDL",1,0,2,3,33.3333333333333,1
"HPGD",1,0,12,13,7.69230769230769,1
"HPN",1,0,5,6,16.6666666666667,1
"HPN-AS1",1,0,2,3,33.3333333333333,1
"HPS1",1,0,5,6,16.6666666666667,1
"HPS3",1,1,19,21,4.76190476190476,2
"HPSE",1,1,9,11,9.09090909090909,2
"HR",1,0,1,2,50,1
"HRASLS",1,0,4,5,20,1
"HS3ST1",1,0,13,14,7.14285714285714,1
"HS3ST2",1,1,7,9,11.1111111111111,2
"HS3ST6",1,1,2,4,25,2
"HS6ST1",1,0,18,19,5.26315789473684,1
"HSD11B1",1,0,38,39,2.56410256410256,1
"HSD17B8",1,0,7,8,12.5,1
"HSD3B7",1,0,22,23,4.34782608695652,1
"HSF1",1,0,3,4,25,1
"HSF2",1,3,9,13,7.69230769230769,4
"HSP90AB1",1,0,10,11,9.09090909090909,1
"HSP90B1",1,0,15,16,6.25,1
"HSPA13",1,0,17,18,5.55555555555556,1
"HSPA1A",1,0,21,22,4.54545454545455,1
"HSPA1L",1,0,21,22,4.54545454545455,1
"HSPA4L",1,1,5,7,14.2857142857143,2
"HSPA8P3",1,0,2,3,33.3333333333333,1
"HSPA9",1,1,20,22,4.54545454545455,2
"HSPB7",1,0,14,15,6.66666666666667,1
"HSPD1",1,0,17,18,5.55555555555556,1
"HSPE1",1,0,16,17,5.88235294117647,1
"HSPE1-MOB4",1,0,16,17,5.88235294117647,1
"HSPG2",1,0,15,16,6.25,1
"HTR2A",1,0,15,16,6.25,1
"HTR2A-AS1",1,0,7,8,12.5,1
"HTR2B",1,0,9,10,10,1
"HTR7",1,0,10,11,9.09090909090909,1
"HTRA3",1,0,12,13,7.69230769230769,1
"HUS1",1,0,25,26,3.84615384615385,1
"HYAL2",1,0,4,5,20,1
"HYI",1,0,3,4,25,1
"HYI-AS1",1,0,3,4,25,1
"IBTK",1,0,24,25,4,1
"ICAM4",1,0,6,7,14.2857142857143,1
"ICK",1,0,18,19,5.26315789473684,1
"IDH2",1,0,12,13,7.69230769230769,1
"IDI1",1,0,25,26,3.84615384615385,1
"IER2",1,1,7,9,11.1111111111111,2
"IFLTD1",1,0,10,11,9.09090909090909,1
"IFNAR1",1,0,6,7,14.2857142857143,1
"IFNK",1,0,18,19,5.26315789473684,1
"IFRD1",1,0,24,25,4,1
"IFT46",1,0,5,6,16.6666666666667,1
"IFT88",1,0,16,17,5.88235294117647,1
"IGFBP7",1,0,1,2,50,1
"IGFBP7-AS1",1,0,1,2,50,1
"IGHMBP2",1,0,11,12,8.33333333333333,1
"IGJ",1,1,16,18,5.55555555555556,2
"IGLL5",1,0,8,9,11.1111111111111,1
"IK",1,1,18,20,5,2
"IKBKE",1,0,11,12,8.33333333333333,1
"IKZF1",1,0,46,47,2.12765957446809,1
"IKZF2",1,0,14,15,6.66666666666667,1
"IL10",1,0,9,10,10,1
"IL17B",1,0,5,6,16.6666666666667,1
"IL17D",1,0,13,14,7.14285714285714,1
"IL17F",1,0,1,2,50,1
"IL18BP",1,0,12,13,7.69230769230769,1
"IL18RAP",1,0,20,21,4.76190476190476,1
"IL1R2",1,0,28,29,3.44827586206897,1
"IL20",1,0,13,14,7.14285714285714,1
"IL20RB",1,1,17,19,5.26315789473684,2
"IL20RB-AS1",1,0,14,15,6.66666666666667,1
"IL2RA",1,0,2,3,33.3333333333333,1
"IL32",1,0,1,2,50,1
"IL36G",1,0,3,4,25,1
"IL37",1,1,11,13,7.69230769230769,2
"IL4I1",1,0,1,2,50,1
"IL4R",1,0,20,21,4.76190476190476,1
"IL6ST",1,0,14,15,6.66666666666667,1
"IL9",1,1,21,23,4.34782608695652,2
"ILDR1",1,0,15,16,6.25,1
"ILF2",1,0,25,26,3.84615384615385,1
"IMMT",1,0,18,19,5.26315789473684,1
"IMP3",1,1,9,11,9.09090909090909,2
"INA",1,0,12,13,7.69230769230769,1
"INCA1",1,0,6,7,14.2857142857143,1
"ING1",1,0,16,17,5.88235294117647,1
"ING2",1,0,4,5,20,1
"INHBA",1,0,9,10,10,1
"INHBA-AS1",1,0,7,8,12.5,1
"INPP4A",1,0,7,8,12.5,1
"INPP5E",1,0,7,8,12.5,1
"INPP5F",1,0,8,9,11.1111111111111,1
"INSL6",1,0,8,9,11.1111111111111,1
"INSM1",1,0,3,4,25,1
"INTS10",1,0,21,22,4.54545454545455,1
"INTS3",1,0,26,27,3.7037037037037,1
"INTS5",1,0,2,3,33.3333333333333,1
"INTS7",1,0,25,26,3.84615384615385,1
"IPCEF1",1,1,8,10,10,2
"IPO11",1,0,14,15,6.66666666666667,1
"IPO4",1,0,33,34,2.94117647058824,1
"IPPK",1,0,6,7,14.2857142857143,1
"IQCA1",1,0,11,12,8.33333333333333,1
"IQCB1",1,0,21,22,4.54545454545455,1
"IQCD",1,0,17,18,5.55555555555556,1
"IQCK",1,0,13,14,7.14285714285714,1
"IQUB",1,0,14,15,6.66666666666667,1
"IRAK3",1,0,5,6,16.6666666666667,1
"IRF4",1,0,15,16,6.25,1
"IRF9",1,0,23,24,4.16666666666667,1
"IRG1",1,0,4,5,20,1
"ISG20",1,0,4,5,20,1
"ISLR",1,0,5,6,16.6666666666667,1
"ISM1-AS1",1,0,1,2,50,1
"ISYNA1",1,0,3,4,25,1
"ITGA2B",1,2,5,8,12.5,3
"ITGA4",1,0,37,38,2.63157894736842,1
"ITGA7",1,0,2,3,33.3333333333333,1
"ITGB1",1,0,4,5,20,1
"ITGB1BP1",1,0,5,6,16.6666666666667,1
"ITGB4",1,0,8,9,11.1111111111111,1
"ITGB7",1,0,13,14,7.14285714285714,1
"ITIH1",1,0,7,8,12.5,1
"ITIH2",1,0,2,3,33.3333333333333,1
"ITIH4",1,0,9,10,10,1
"ITIH4-AS1",1,0,9,10,10,1
"ITIH5",1,1,5,7,14.2857142857143,2
"ITK",1,2,29,32,3.125,3
"ITLN1",1,0,13,14,7.14285714285714,1
"ITLN2",1,0,17,18,5.55555555555556,1
"ITM2B",1,0,8,9,11.1111111111111,1
"ITPK1",1,0,13,14,7.14285714285714,1
"ITPRIP",1,0,14,15,6.66666666666667,1
"ITSN2",1,0,7,8,12.5,1
"IVD",1,0,3,4,25,1
"IYD",1,1,3,5,20,2
"JAG1",1,2,24,27,3.7037037037037,3
"JAKMIP2",1,0,3,4,25,1
"JARID2",1,0,15,16,6.25,1
"JARID2-AS1",1,0,15,16,6.25,1
"JMJD1C",1,1,22,24,4.16666666666667,2
"JMJD1C-AS1",1,1,22,24,4.16666666666667,2
"JUN",1,1,32,34,2.94117647058824,2
"JUND",1,0,2,3,33.3333333333333,1
"KANK1",1,0,0,1,100,1
"KARS",1,0,2,3,33.3333333333333,1
"KATNAL1",1,0,17,18,5.55555555555556,1
"KB-1410C5.5",1,0,19,20,5,1
"KB-1471A8.1",1,1,22,24,4.16666666666667,2
"KB-1507C5.2",1,1,26,28,3.57142857142857,2
"KB-1980E6.3",1,0,5,6,16.6666666666667,1
"KB-431C1.4",1,0,12,13,7.69230769230769,1
"KBTBD11",1,0,3,4,25,1
"KBTBD4",1,0,24,25,4,1
"KCNAB1",1,0,14,15,6.66666666666667,1
"KCNE1",1,0,1,2,50,1
"KCNE2",1,0,9,10,10,1
"KCNG1",1,0,6,7,14.2857142857143,1
"KCNG3",1,1,8,10,10,2
"KCNJ15",1,0,20,21,4.76190476190476,1
"KCNJ6",1,0,10,11,9.09090909090909,1
"KCNK16",1,0,4,5,20,1
"KCNK4",1,0,2,3,33.3333333333333,1
"KCNK6",1,0,5,6,16.6666666666667,1
"KCNMA1",1,3,53,57,1.75438596491228,4
"KCNMB1",1,0,7,8,12.5,1
"KCNN3",1,0,20,21,4.76190476190476,1
"KCNQ4",1,0,1,2,50,1
"KCNQ5",1,0,16,17,5.88235294117647,1
"KCNRG",1,0,2,3,33.3333333333333,1
"KCNV2",1,0,4,5,20,1
"KCP",1,0,2,3,33.3333333333333,1
"KCTD12",1,0,11,12,8.33333333333333,1
"KCTD16",1,0,4,5,20,1
"KCTD2",1,0,15,16,6.25,1
"KCTD6",1,0,2,3,33.3333333333333,1
"KDM3A",1,0,17,18,5.55555555555556,1
"KDM4B",1,0,1,2,50,1
"KDM4D",1,0,8,9,11.1111111111111,1
"KDM4E",1,0,1,2,50,1
"KEAP1",1,0,3,4,25,1
"KIAA0141",1,1,14,16,6.25,2
"KIAA0196-AS1",1,0,24,25,4,1
"KIAA0232",1,0,43,44,2.27272727272727,1
"KIAA0319",1,0,4,5,20,1
"KIAA0355",1,0,3,4,25,1
"KIAA0391",1,0,2,3,33.3333333333333,1
"KIAA0408",1,3,18,22,4.54545454545455,4
"KIAA0430",1,5,29,35,2.85714285714286,6
"KIAA0895",1,0,0,1,100,1
"KIAA0907",1,0,38,39,2.56410256410256,1
"KIAA1009",1,0,6,7,14.2857142857143,1
"KIAA1024",1,1,3,5,20,2
"KIAA1161",1,0,1,2,50,1
"KIAA1199",1,1,22,24,4.16666666666667,2
"KIAA1217",1,1,14,16,6.25,2
"KIAA1279",1,0,20,21,4.76190476190476,1
"KIAA1430",1,0,0,1,100,1
"KIAA1467",1,0,5,6,16.6666666666667,1
"KIAA1468",1,0,16,17,5.88235294117647,1
"KIAA1524",1,0,7,8,12.5,1
"KIAA1683",1,0,2,3,33.3333333333333,1
"KIAA1731",1,2,9,12,8.33333333333333,3
"KIF18B",1,0,1,2,50,1
"KIF1C",1,0,6,7,14.2857142857143,1
"KIF20B",1,0,12,13,7.69230769230769,1
"KIF26A",1,0,20,21,4.76190476190476,1
"KIF26B",1,0,21,22,4.54545454545455,1
"KIF27",1,1,29,31,3.2258064516129,2
"KIF3C",1,0,9,10,10,1
"KIF5A",1,1,11,13,7.69230769230769,2
"KIF5B",1,0,2,3,33.3333333333333,1
"KIF9",1,0,1,2,50,1
"KIN",1,1,5,7,14.2857142857143,2
"KITLG",1,1,7,9,11.1111111111111,2
"KL",1,1,2,4,25,2
"KLF14",1,0,30,31,3.2258064516129,1
"KLHDC2",1,0,2,3,33.3333333333333,1
"KLHDC3",1,0,3,4,25,1
"KLHL12",1,1,5,7,14.2857142857143,2
"KLHL18",1,0,1,2,50,1
"KLHL24",1,0,20,21,4.76190476190476,1
"KLHL25",1,0,13,14,7.14285714285714,1
"KLHL8",1,0,2,3,33.3333333333333,1
"KNCN",1,0,3,4,25,1
"KNOP1",1,0,13,14,7.14285714285714,1
"KPNA1",1,0,4,5,20,1
"KPNA3",1,0,0,1,100,1
"KRAS",1,0,7,8,12.5,1
"KRCC1",1,0,24,25,4,1
"KREMEN1",1,0,0,1,100,1
"KRIT1",1,0,8,9,11.1111111111111,1
"KRR1",1,0,23,24,4.16666666666667,1
"KRT18P23",1,0,1,2,50,1
"KRT18P57",1,0,13,14,7.14285714285714,1
"KRT82",1,0,19,20,5,1
"KRT83",1,0,14,15,6.66666666666667,1
"KRT84",1,0,33,34,2.94117647058824,1
"KRT85",1,0,17,18,5.55555555555556,1
"KRT86",1,0,8,9,11.1111111111111,1
"KRT8P11",1,1,17,19,5.26315789473684,2
"KRTCAP2",1,0,4,5,20,1
"KXD1",1,0,2,3,33.3333333333333,1
"KY",1,0,4,5,20,1
"L3MBTL4",1,0,2,3,33.3333333333333,1
"LACC1",1,0,13,14,7.14285714285714,1
"LAMA4",1,1,3,5,20,2
"LAMA5",1,0,18,19,5.26315789473684,1
"LAMB4",1,0,11,12,8.33333333333333,1
"LAMC1",1,0,24,25,4,1
"LAMC3",1,0,2,3,33.3333333333333,1
"LAMTOR5",1,0,3,4,25,1
"LAMTOR5-AS1",1,0,3,4,25,1
"LAPTM4B",1,0,12,13,7.69230769230769,1
"LAPTM5",1,0,4,5,20,1
"LARGE",1,0,7,8,12.5,1
"LARP1P1",1,0,38,39,2.56410256410256,1
"LARP4",1,0,0,1,100,1
"LARS2",1,0,5,6,16.6666666666667,1
"LAYN",1,0,4,5,20,1
"LCA5",1,3,26,30,3.33333333333333,4
"LCA5L",1,0,3,4,25,1
"LCP2",1,0,17,18,5.55555555555556,1
"LDB1",1,0,2,3,33.3333333333333,1
"LDHA",1,1,13,15,6.66666666666667,2
"LEF1",1,0,7,8,12.5,1
"LEF1-AS1",1,0,7,8,12.5,1
"LEFTY2",1,1,20,22,4.54545454545455,2
"LEKR1",1,1,23,25,4,2
"LEO1",1,2,21,24,4.16666666666667,3
"LEPR",1,0,16,17,5.88235294117647,1
"LEPROT",1,0,16,17,5.88235294117647,1
"LEPROTL1",1,0,4,5,20,1
"LETMD1",1,0,19,20,5,1
"LGALS8",1,2,12,15,6.66666666666667,3
"LGALS8-AS1",1,2,11,14,7.14285714285714,3
"LGALSL",1,0,13,14,7.14285714285714,1
"LGI3",1,0,2,3,33.3333333333333,1
"LGR4",1,0,12,13,7.69230769230769,1
"LHFP",1,5,13,19,5.26315789473684,6
"LHX6",1,0,1,2,50,1
"LHX9",1,0,18,19,5.26315789473684,1
"LIMA1",1,0,3,4,25,1
"LIMCH1",1,0,17,18,5.55555555555556,1
"LIMD1-AS1",1,0,3,4,25,1
"LIME1",1,0,12,13,7.69230769230769,1
"LIMK1",1,0,7,8,12.5,1
"LIN54",1,1,16,18,5.55555555555556,2
"LIN7C",1,1,10,12,8.33333333333333,2
"LINC-PINT",1,1,26,28,3.57142857142857,2
"LINC00158",1,0,2,3,33.3333333333333,1
"LINC00207",1,0,1,2,50,1
"LINC00240",1,0,1,2,50,1
"LINC00412",1,0,2,3,33.3333333333333,1
"LINC00461",1,1,16,18,5.55555555555556,2
"LINC00521",1,0,2,3,33.3333333333333,1
"LINC00582",1,0,10,11,9.09090909090909,1
"LINC00686",1,0,11,12,8.33333333333333,1
"LINC00852",1,0,7,8,12.5,1
"LINC00853",1,1,18,20,5,2
"LINC00925",1,0,2,3,33.3333333333333,1
"LINC01006",1,0,4,5,20,1
"LINC01124",1,0,11,12,8.33333333333333,1
"LINC01134",1,0,9,10,10,1
"LINC01135",1,1,32,34,2.94117647058824,2
"LINC01136",1,0,13,14,7.14285714285714,1
"LINC01165",1,0,4,5,20,1
"LINGO1",1,0,5,6,16.6666666666667,1
"LINS",1,1,12,14,7.14285714285714,2
"LIPE",1,0,8,9,11.1111111111111,1
"LIPE-AS1",1,0,8,9,11.1111111111111,1
"LIPJ",1,0,8,9,11.1111111111111,1
"LIPM",1,0,4,5,20,1
"LIX1",1,0,36,37,2.7027027027027,1
"LL22NC01-81G9.3",1,1,15,17,5.88235294117647,2
"LL22NC03-32F9.1",1,0,7,8,12.5,1
"LLGL1",1,0,12,13,7.69230769230769,1
"LMBR1L",1,0,5,6,16.6666666666667,1
"LMO2",1,0,12,13,7.69230769230769,1
"LMTK2",1,0,17,18,5.55555555555556,1
"LNPEP",1,0,8,9,11.1111111111111,1
"LNX1-AS1",1,0,2,3,33.3333333333333,1
"LONRF1",1,2,42,45,2.22222222222222,3
"LPAR5",1,0,6,7,14.2857142857143,1
"LPCAT2",1,0,8,9,11.1111111111111,1
"LPCAT4",1,0,4,5,20,1
"LPGAT1",1,0,7,8,12.5,1
"LPIN1",1,0,9,10,10,1
"LPIN2",1,0,24,25,4,1
"LPIN3",1,0,16,17,5.88235294117647,1
"LPO",1,0,1,2,50,1
"LPP-AS1",1,0,5,6,16.6666666666667,1
"LRBA",1,1,10,12,8.33333333333333,2
"LRCH4",1,0,14,15,6.66666666666667,1
"LRIT3",1,0,4,5,20,1
"LRP2BP",1,0,11,12,8.33333333333333,1
"LRR1",1,1,4,6,16.6666666666667,2
"LRRC16A",1,1,29,31,3.2258064516129,2
"LRRC17",1,0,9,10,10,1
"LRRC27",1,0,3,4,25,1
"LRRC29",1,0,4,5,20,1
"LRRC31",1,0,11,12,8.33333333333333,1
"LRRC41",1,0,3,4,25,1
"LRRC43",1,0,9,10,10,1
"LRRC71",1,0,21,22,4.54545454545455,1
"LRRC8A",1,0,1,2,50,1
"LRRC8D",1,0,17,18,5.55555555555556,1
"LRRK1",1,2,18,21,4.76190476190476,3
"LRRN3",1,0,8,9,11.1111111111111,1
"LRTM1",1,0,2,3,33.3333333333333,1
"LRTM2",1,0,3,4,25,1
"LSM10",1,0,7,8,12.5,1
"LSM2",1,0,16,17,5.88235294117647,1
"LSM3",1,0,12,13,7.69230769230769,1
"LSM4",1,0,9,10,10,1
"LTBR",1,0,2,3,33.3333333333333,1
"LTN1",1,0,15,16,6.25,1
"LURAP1",1,0,9,10,10,1
"LY6G5B",1,0,18,19,5.26315789473684,1
"LY6G5C",1,0,11,12,8.33333333333333,1
"LY6G6C",1,0,12,13,7.69230769230769,1
"LY6G6D",1,0,12,13,7.69230769230769,1
"LY9",1,0,7,8,12.5,1
"LY96",1,1,16,18,5.55555555555556,2
"LYPD6",1,0,9,10,10,1
"LYPD6B",1,0,6,7,14.2857142857143,1
"LYRM5",1,0,3,4,25,1
"LYSMD3",1,2,13,16,6.25,3
"LYST",1,0,6,7,14.2857142857143,1
"M1AP",1,0,0,1,100,1
"MAB21L2",1,1,10,12,8.33333333333333,2
"MAD2L1",1,1,13,15,6.66666666666667,2
"MAEA",1,0,5,6,16.6666666666667,1
"MAFB",1,2,19,22,4.54545454545455,3
"MAFG",1,0,6,7,14.2857142857143,1
"MAFG-AS1",1,0,6,7,14.2857142857143,1
"MAFK",1,0,10,11,9.09090909090909,1
"MAGEF1",1,0,4,5,20,1
"MAK16",1,1,28,30,3.33333333333333,2
"MAMDC4",1,0,7,8,12.5,1
"MAN1A1",1,0,8,9,11.1111111111111,1
"MAN1B1",1,0,3,4,25,1
"MANBAL",1,0,1,2,50,1
"MANSC4",1,0,5,6,16.6666666666667,1
"MAP1A",1,0,4,5,20,1
"MAP1S",1,0,3,4,25,1
"MAP2K3",1,1,15,17,5.88235294117647,2
"MAP3K6",1,0,4,5,20,1
"MAP3K7CL",1,1,19,21,4.76190476190476,2
"MAP4K2",1,0,7,8,12.5,1
"MAP4K3",1,0,25,26,3.84615384615385,1
"MAP4K4",1,0,6,7,14.2857142857143,1
"MAP9",1,0,7,8,12.5,1
"MAPK10",1,0,10,11,9.09090909090909,1
"MAPK14",1,0,0,1,100,1
"MAPK8IP3",1,0,4,5,20,1
"MAPKAPK2",1,0,7,8,12.5,1
"MAPKAPK3",1,0,18,19,5.26315789473684,1
"MAPKBP1",1,0,9,10,10,1
"MAPRE3",1,0,4,5,20,1
"MARCH5",1,0,15,16,6.25,1
"MARCH6",1,0,63,64,1.5625,1
"MARCKSL1",1,0,4,5,20,1
"MAST4",1,0,10,11,9.09090909090909,1
"MAST4-AS1",1,0,3,4,25,1
"MATN2",1,0,8,9,11.1111111111111,1
"MAX",1,0,6,7,14.2857142857143,1
"MBIP",1,0,2,3,33.3333333333333,1
"MBL2",1,3,7,11,9.09090909090909,4
"MBLAC2",1,0,9,10,10,1
"MBNL2",1,1,27,29,3.44827586206897,2
"MBP",1,1,20,22,4.54545454545455,2
"MCAT",1,0,2,3,33.3333333333333,1
"MCC",1,0,6,7,14.2857142857143,1
"MCFD2",1,0,9,10,10,1
"MCM8",1,0,26,27,3.7037037037037,1
"MCMBP",1,0,7,8,12.5,1
"MCPH1",1,0,43,44,2.27272727272727,1
"MCU",1,0,9,10,10,1
"MDFIC",1,0,0,1,100,1
"MDH1B",1,0,15,16,6.25,1
"MEA1",1,0,3,4,25,1
"MECR",1,1,15,17,5.88235294117647,2
"MED10",1,0,14,15,6.66666666666667,1
"MED17",1,2,18,21,4.76190476190476,3
"MED19",1,0,6,7,14.2857142857143,1
"MED20",1,0,11,12,8.33333333333333,1
"MED24",1,0,29,30,3.33333333333333,1
"MED28P1",1,0,20,21,4.76190476190476,1
"MED30",1,7,14,22,4.54545454545455,8
"MED4",1,0,3,4,25,1
"MED7",1,1,28,30,3.33333333333333,2
"MED8",1,0,9,10,10,1
"MEF2B",1,0,19,20,5,1
"MEF2BNB",1,0,19,20,5,1
"MEF2BNB-MEF2B",1,0,19,20,5,1
"MEGF8",1,0,13,14,7.14285714285714,1
"MEN1",1,0,7,8,12.5,1
"MERTK",1,0,13,14,7.14285714285714,1
"MESP2",1,0,14,15,6.66666666666667,1
"MEST",1,0,23,24,4.16666666666667,1
"METTL10",1,0,1,2,50,1
"MFAP5",1,0,8,9,11.1111111111111,1
"MFSD2B",1,0,7,8,12.5,1
"MFSD5",1,0,6,7,14.2857142857143,1
"MGAT3",1,0,0,1,100,1
"MGME1",1,2,29,32,3.125,3
"MGST1",1,0,10,11,9.09090909090909,1
"MIA2",1,0,1,2,50,1
"MICALL2",1,0,0,1,100,1
"MIEN1",1,0,0,1,100,1
"MIIP",1,0,11,12,8.33333333333333,1
"MINA",1,1,21,23,4.34782608695652,2
"MIR101",1,0,10,11,9.09090909090909,1
"MIR106B",1,0,6,7,14.2857142857143,1
"MIR10A",1,3,25,29,3.44827586206897,4
"MIR10B",1,0,20,21,4.76190476190476,1
"MIR1179",1,0,15,16,6.25,1
"MIR1183",1,0,3,4,25,1
"MIR1227",1,0,6,7,14.2857142857143,1
"MIR1228",1,0,4,5,20,1
"MIR1231",1,0,10,11,9.09090909090909,1
"MIR1252",1,0,5,6,16.6666666666667,1
"MIR1266",1,1,20,22,4.54545454545455,2
"MIR1275",1,0,9,10,10,1
"MIR1276",1,0,29,30,3.33333333333333,1
"MIR1280",1,0,2,3,33.3333333333333,1
"MIR1284",1,0,6,7,14.2857142857143,1
"MIR1289",1,1,35,37,2.7027027027027,2
"MIR1296",1,0,4,5,20,1
"MIR1301",1,0,2,3,33.3333333333333,1
"MIR1303",1,0,15,16,6.25,1
"MIR1307",1,0,1,2,50,1
"MIR130B",1,0,5,6,16.6666666666667,1
"MIR142",1,0,2,3,33.3333333333333,1
"MIR143HG",1,0,5,6,16.6666666666667,1
"MIR146B",1,0,6,7,14.2857142857143,1
"MIR1471",1,0,29,30,3.33333333333333,1
"MIR1537",1,0,4,5,20,1
"MIR155HG",1,0,5,6,16.6666666666667,1
"MIR181A2",1,0,0,1,100,1
"MIR181B2",1,0,0,1,100,1
"MIR181C",1,0,9,10,10,1
"MIR181D",1,0,9,10,10,1
"MIR193A",1,0,17,18,5.55555555555556,1
"MIR193B",1,1,29,31,3.2258064516129,2
"MIR196A2",1,0,18,19,5.26315789473684,1
"MIR199A1",1,0,5,6,16.6666666666667,1
"MIR21",1,1,18,20,5,2
"MIR2276",1,0,9,10,10,1
"MIR25",1,0,6,7,14.2857142857143,1
"MIR26B",1,0,6,7,14.2857142857143,1
"MIR301B",1,0,5,6,16.6666666666667,1
"MIR30B",1,0,2,3,33.3333333333333,1
"MIR30C1",1,0,6,7,14.2857142857143,1
"MIR30E",1,0,6,7,14.2857142857143,1
"MIR3143",1,0,51,52,1.92307692307692,1
"MIR3159",1,1,13,15,6.66666666666667,2
"MIR3188",1,0,2,3,33.3333333333333,1
"MIR3191",1,0,2,3,33.3333333333333,1
"MIR320A",1,0,0,1,100,1
"MIR328",1,0,12,13,7.69230769230769,1
"MIR335",1,0,8,9,11.1111111111111,1
"MIR345",1,0,6,7,14.2857142857143,1
"MIR3652",1,0,15,16,6.25,1
"MIR3655",1,1,13,15,6.66666666666667,2
"MIR365A",1,1,21,23,4.34782608695652,2
"MIR3661",1,0,5,6,16.6666666666667,1
"MIR3666",1,0,0,1,100,1
"MIR378A",1,0,5,6,16.6666666666667,1
"MIR3913",1,0,13,14,7.14285714285714,1
"MIR4286",1,0,4,5,20,1
"MIR4435-1HG",1,0,8,9,11.1111111111111,1
"MIR4449",1,0,6,7,14.2857142857143,1
"MIR4470",1,2,19,22,4.54545454545455,3
"MIR4512",1,0,4,5,20,1
"MIR4515",1,2,19,22,4.54545454545455,3
"MIR4522",1,0,21,22,4.54545454545455,1
"MIR4638",1,0,7,8,12.5,1
"MIR4667",1,0,2,3,33.3333333333333,1
"MIR4700",1,0,25,26,3.84615384615385,1
"MIR4710",1,0,0,1,100,1
"MIR4723",1,0,0,1,100,1
"MIR4736",1,0,2,3,33.3333333333333,1
"MIR4738",1,0,2,3,33.3333333333333,1
"MIR4741",1,0,5,6,16.6666666666667,1
"MIR4751",1,0,1,2,50,1
"MIR484",1,4,26,31,3.2258064516129,5
"MIR548C",1,0,22,23,4.34782608695652,1
"MIR548H1",1,1,2,4,25,2
"MIR548H2",1,0,1,2,50,1
"MIR548H4",1,0,1,2,50,1
"MIR548J",1,0,4,5,20,1
"MIR554",1,0,27,28,3.57142857142857,1
"MIR559",1,0,2,3,33.3333333333333,1
"MIR573",1,0,3,4,25,1
"MIR578",1,0,5,6,16.6666666666667,1
"MIR615",1,0,11,12,8.33333333333333,1
"MIR644A",1,0,0,1,100,1
"MIR647",1,0,4,5,20,1
"MIR658",1,0,1,2,50,1
"MIR661",1,0,0,1,100,1
"MIR7",1,2,39,42,2.38095238095238,3
"MIR759",1,0,7,8,12.5,1
"MIR760",1,0,25,26,3.84615384615385,1
"MIR762",1,0,10,11,9.09090909090909,1
"MIR802",1,0,6,7,14.2857142857143,1
"MIR92B",1,0,6,7,14.2857142857143,1
"MIR93",1,0,6,7,14.2857142857143,1
"MIR940",1,0,4,5,20,1
"MIS12",1,0,8,9,11.1111111111111,1
"MITD1",1,0,7,8,12.5,1
"MKI67",1,0,5,6,16.6666666666667,1
"MKLN1",1,1,50,52,1.92307692307692,2
"MKS1",1,0,0,1,100,1
"MKX",1,0,16,17,5.88235294117647,1
"MLIP",1,0,1,2,50,1
"MLLT10",1,0,16,17,5.88235294117647,1
"MLNR",1,0,0,1,100,1
"MLTK",1,0,2,3,33.3333333333333,1
"MMAB",1,0,3,4,25,1
"MMD",1,0,9,10,10,1
"MME",1,2,16,19,5.26315789473684,3
"MMEL1",1,0,9,10,10,1
"MMP15",1,0,6,7,14.2857142857143,1
"MMP2",1,2,17,20,5,3
"MMP25",1,0,2,3,33.3333333333333,1
"MMP27",1,0,30,31,3.2258064516129,1
"MMP28",1,0,0,1,100,1
"MMP8",1,0,34,35,2.85714285714286,1
"MMRN1",1,1,8,10,10,2
"MMRN2",1,0,8,9,11.1111111111111,1
"MMS19",1,0,20,21,4.76190476190476,1
"MN1",1,0,4,5,20,1
"MOB1A",1,0,14,15,6.66666666666667,1
"MOB1B",1,0,19,20,5,1
"MOB3B",1,0,21,22,4.54545454545455,1
"MOBP",1,0,3,4,25,1
"MON1A",1,0,8,9,11.1111111111111,1
"MORN1",1,0,10,11,9.09090909090909,1
"MORN2",1,2,8,11,9.09090909090909,3
"MPC2",1,0,20,21,4.76190476190476,1
"MPHOSPH8",1,1,6,8,12.5,2
"MPL",1,0,2,3,33.3333333333333,1
"MPO",1,0,0,1,100,1
"MPP6",1,0,3,4,25,1
"MPP7",1,0,9,10,10,1
"MPV17L2",1,0,6,7,14.2857142857143,1
"MRAS",1,0,13,14,7.14285714285714,1
"MRFAP1L1",1,0,4,5,20,1
"MRGPRG",1,0,17,18,5.55555555555556,1
"MRGPRG-AS1",1,0,17,18,5.55555555555556,1
"MRGPRX3",1,0,5,6,16.6666666666667,1
"MRM1",1,0,7,8,12.5,1
"MROH7",1,0,1,2,50,1
"MROH7-TTC4",1,0,1,2,50,1
"MROH9",1,0,10,11,9.09090909090909,1
"MRPL14",1,0,17,18,5.55555555555556,1
"MRPL15",1,1,8,10,10,2
"MRPL17",1,0,11,12,8.33333333333333,1
"MRPL19",1,0,15,16,6.25,1
"MRPL21",1,0,11,12,8.33333333333333,1
"MRPL30",1,0,8,9,11.1111111111111,1
"MRPL35",1,0,18,19,5.26315789473684,1
"MRPL38",1,0,18,19,5.26315789473684,1
"MRPL39",1,0,3,4,25,1
"MRPL42",1,0,8,9,11.1111111111111,1
"MRPL47",1,0,22,23,4.34782608695652,1
"MRPL49",1,0,14,15,6.66666666666667,1
"MRPL51",1,0,5,6,16.6666666666667,1
"MRPL55",1,0,2,3,33.3333333333333,1
"MRPL9",1,0,30,31,3.2258064516129,1
"MRPS16",1,0,10,11,9.09090909090909,1
"MRPS18B",1,0,3,4,25,1
"MRPS21",1,0,6,7,14.2857142857143,1
"MRPS23",1,0,15,16,6.25,1
"MRPS9",1,0,2,3,33.3333333333333,1
"MRTO4",1,0,0,1,100,1
"MS4A12",1,0,6,7,14.2857142857143,1
"MS4A2",1,0,8,9,11.1111111111111,1
"MS4A6A",1,0,6,7,14.2857142857143,1
"MSRB3",1,0,3,4,25,1
"MT3",1,0,7,8,12.5,1
"MTA3",1,1,10,12,8.33333333333333,2
"MTDH",1,0,15,16,6.25,1
"MTF2",1,0,14,15,6.66666666666667,1
"MTG2",1,0,19,20,5,1
"MTHFD1L",1,0,11,12,8.33333333333333,1
"MTMR4",1,2,10,13,7.69230769230769,3
"MTOR",1,0,3,4,25,1
"MTRR",1,0,40,41,2.4390243902439,1
"MTSS1",1,1,46,48,2.08333333333333,2
"MTTP",1,0,15,16,6.25,1
"MUC1",1,0,6,7,14.2857142857143,1
"MUSTN1",1,0,9,10,10,1
"MVK",1,0,3,4,25,1
"MVP",1,0,9,10,10,1
"MX2",1,0,8,9,11.1111111111111,1
"MXD1",1,1,29,31,3.2258064516129,2
"MXRA7",1,0,0,1,100,1
"MYADML2",1,0,6,7,14.2857142857143,1
"MYBPC1",1,1,13,15,6.66666666666667,2
"MYBPC3",1,0,6,7,14.2857142857143,1
"MYBPH",1,0,12,13,7.69230769230769,1
"MYCBPAP",1,0,26,27,3.7037037037037,1
"MYCN",1,0,15,16,6.25,1
"MYCNOS",1,0,15,16,6.25,1
"MYD88",1,0,8,9,11.1111111111111,1
"MYH10",1,0,6,7,14.2857142857143,1
"MYL12A",1,0,11,12,8.33333333333333,1
"MYL4",1,0,7,8,12.5,1
"MYL6",1,0,7,8,12.5,1
"MYL6B",1,0,7,8,12.5,1
"MYLK",1,0,2,3,33.3333333333333,1
"MYLK-AS2",1,0,0,1,100,1
"MYLK2",1,1,6,8,12.5,2
"MYO10",1,0,20,21,4.76190476190476,1
"MYO16-AS2",1,1,11,13,7.69230769230769,2
"MYOM1",1,0,25,26,3.84615384615385,1
"MYOM2",1,0,10,11,9.09090909090909,1
"MYOM3",1,0,2,3,33.3333333333333,1
"MYRIP",1,0,3,4,25,1
"MYSM1",1,1,18,20,5,2
"N4BP2",1,0,6,7,14.2857142857143,1
"N4BP2L2",1,0,11,12,8.33333333333333,1
"N6AMT2",1,1,4,6,16.6666666666667,2
"NAA25",1,0,8,9,11.1111111111111,1
"NAA35",1,2,13,16,6.25,3
"NAALAD2",1,0,0,1,100,1
"NAB1",1,0,16,17,5.88235294117647,1
"NAB2",1,0,19,20,5,1
"NAIF1",1,0,4,5,20,1
"NAMPT",1,1,8,10,10,2
"NANOS3",1,0,9,10,10,1
"NAP1L1",1,2,32,35,2.85714285714286,3
"NAPA",1,0,6,7,14.2857142857143,1
"NAPB",1,0,18,19,5.26315789473684,1
"NAPG",1,1,16,18,5.55555555555556,2
"NAV1",1,0,9,10,10,1
"NAV2-AS4",1,1,12,14,7.14285714285714,2
"NBPF18P",1,0,7,8,12.5,1
"NCAM1",1,1,7,9,11.1111111111111,2
"NCAM1-AS1",1,1,6,8,12.5,2
"NCAPD3",1,1,34,36,2.77777777777778,2
"NCF4",1,0,19,20,5,1
"NCK1",1,1,17,19,5.26315789473684,2
"NCKAP5L",1,0,5,6,16.6666666666667,1
"NCMAP",1,0,4,5,20,1
"NCOA1",1,1,9,11,9.09090909090909,2
"NCOA5",1,0,5,6,16.6666666666667,1
"NDE1",1,4,26,31,3.2258064516129,5
"NDFIP1",1,0,7,8,12.5,1
"NDNL2",1,0,3,4,25,1
"NDUFA11",1,0,0,1,100,1
"NDUFA13",1,0,0,1,100,1
"NDUFA2",1,1,18,20,5,2
"NDUFA4L2",1,0,8,9,11.1111111111111,1
"NDUFA6",1,0,13,14,7.14285714285714,1
"NDUFA6-AS1",1,0,13,14,7.14285714285714,1
"NDUFAB1",1,1,4,6,16.6666666666667,2
"NDUFAF2",1,0,5,6,16.6666666666667,1
"NDUFAF4",1,1,16,18,5.55555555555556,2
"NDUFB10",1,1,2,4,25,2
"NDUFB2",1,0,10,11,9.09090909090909,1
"NDUFB2-AS1",1,0,10,11,9.09090909090909,1
"NDUFB5",1,0,23,24,4.16666666666667,1
"NDUFB8",1,0,18,19,5.26315789473684,1
"NDUFS3",1,0,24,25,4,1
"NDUFS8",1,0,3,4,25,1
"NEDD1",1,0,3,4,25,1
"NEDD4L",1,4,19,24,4.16666666666667,5
"NEGR1",1,0,0,1,100,1
"NELFCD",1,0,6,7,14.2857142857143,1
"NELL2",1,2,8,11,9.09090909090909,3
"NES",1,0,9,10,10,1
"NEURL1B",1,0,4,5,20,1
"NEURL2",1,0,10,11,9.09090909090909,1
"NF1",1,0,19,20,5,1
"NFATC1",1,3,28,32,3.125,4
"NFATC2",1,0,20,21,4.76190476190476,1
"NFE2L1",1,0,4,5,20,1
"NFIX",1,0,0,1,100,1
"NFRKB",1,0,22,23,4.34782608695652,1
"NFYA",1,0,9,10,10,1
"NFYC",1,0,8,9,11.1111111111111,1
"NFYC-AS1",1,0,4,5,20,1
"NGRN",1,0,8,9,11.1111111111111,1
"NHLH1",1,1,13,15,6.66666666666667,2
"NHLRC2",1,1,4,6,16.6666666666667,2
"NHP2L1",1,0,2,3,33.3333333333333,1
"NIFK-AS1",1,0,0,1,100,1
"NIM1K",1,0,3,4,25,1
"NIN",1,0,0,1,100,1
"NINJ1",1,0,2,3,33.3333333333333,1
"NIT2",1,0,15,16,6.25,1
"NKAPL",1,0,14,15,6.66666666666667,1
"NKD1",1,0,10,11,9.09090909090909,1
"NKG7",1,0,0,1,100,1
"NKX2-AS1",1,0,13,14,7.14285714285714,1
"NKX6",1,1,15,17,5.88235294117647,2
"NLK",1,0,6,7,14.2857142857143,1
"NLN",1,2,16,19,5.26315789473684,3
"NLRP1",1,0,4,5,20,1
"NME1",1,1,30,32,3.125,2
"NME1-NME2",1,1,30,32,3.125,2
"NME2",1,1,30,32,3.125,2
"NME9",1,0,6,7,14.2857142857143,1
"NOA1",1,0,29,30,3.33333333333333,1
"NOB1",1,0,6,7,14.2857142857143,1
"NOL9",1,0,2,3,33.3333333333333,1
"NOP10",1,1,5,7,14.2857142857143,2
"NOX5",1,0,6,7,14.2857142857143,1
"NOXA1",1,0,5,6,16.6666666666667,1
"NPAS1",1,0,1,2,50,1
"NPB",1,0,11,12,8.33333333333333,1
"NPFF",1,0,16,17,5.88235294117647,1
"NPHP3",1,0,31,32,3.125,1
"NPHP3-AS1",1,0,31,32,3.125,1
"NPPB",1,0,7,8,12.5,1
"NPPC",1,0,29,30,3.33333333333333,1
"NPR3",1,0,4,5,20,1
"NR2E3",1,0,4,5,20,1
"NR2F1",1,0,9,10,10,1
"NR2F1-AS1",1,0,9,10,10,1
"NR4A2",1,1,32,34,2.94117647058824,2
"NR6A1",1,0,9,10,10,1
"NRAS",1,1,24,26,3.84615384615385,2
"NRBP2",1,0,5,6,16.6666666666667,1
"NRD1",1,0,7,8,12.5,1
"NREP-AS1",1,0,13,14,7.14285714285714,1
"NRIP1",1,0,13,14,7.14285714285714,1
"NRXN2",1,1,24,26,3.84615384615385,2
"NSUN2",1,1,22,24,4.16666666666667,2
"NT5C",1,0,4,5,20,1
"NTPCR",1,0,4,5,20,1
"NUBP1",1,0,24,25,4,1
"NUBPL",1,0,7,8,12.5,1
"NUDCD2",1,1,23,25,4,2
"NUDT1",1,0,4,5,20,1
"NUDT16L1",1,1,28,30,3.33333333333333,2
"NUDT3",1,0,6,7,14.2857142857143,1
"NUP155",1,0,10,11,9.09090909090909,1
"NUP160",1,0,21,22,4.54545454545455,1
"NUP188",1,0,4,5,20,1
"NUP205",1,1,3,5,20,2
"NUP214",1,0,12,13,7.69230769230769,1
"NUP62",1,0,1,2,50,1
"NUP85",1,0,8,9,11.1111111111111,1
"NUPL2",1,0,16,17,5.88235294117647,1
"NUTM1",1,1,5,7,14.2857142857143,2
"NXNL1",1,0,9,10,10,1
"NYAP1",1,0,9,10,10,1
"OARD1",1,0,14,15,6.66666666666667,1
"OAZ3",1,0,30,31,3.2258064516129,1
"OBFC1",1,0,14,15,6.66666666666667,1
"OC90",1,0,6,7,14.2857142857143,1
"OCLN",1,0,10,11,9.09090909090909,1
"ODF2",1,0,1,2,50,1
"OGDH",1,0,12,13,7.69230769230769,1
"OGG1",1,0,2,3,33.3333333333333,1
"OLFML2B",1,0,11,12,8.33333333333333,1
"OLIG1",1,0,7,8,12.5,1
"OLIG2",1,0,3,4,25,1
"OLR1",1,0,7,8,12.5,1
"OMA1",1,1,14,16,6.25,2
"ONECUT2",1,0,11,12,8.33333333333333,1
"OPA1-AS1",1,2,20,23,4.34782608695652,3
"OPN5",1,0,7,8,12.5,1
"OR10AB1P",1,2,8,11,9.09090909090909,3
"OR10AD1",1,0,6,7,14.2857142857143,1
"OR10G7",1,0,0,1,100,1
"OR10J5",1,0,2,3,33.3333333333333,1
"OR14I1",1,0,4,5,20,1
"OR1A2",1,0,13,14,7.14285714285714,1
"OR1D2",1,0,10,11,9.09090909090909,1
"OR1G1",1,0,27,28,3.57142857142857,1
"OR1J2",1,0,2,3,33.3333333333333,1
"OR2AJ1",1,0,5,6,16.6666666666667,1
"OR2B11",1,0,6,7,14.2857142857143,1
"OR2M4",1,0,3,4,25,1
"OR2T1",1,0,11,12,8.33333333333333,1
"OR2T11",1,0,11,12,8.33333333333333,1
"OR2V1",1,0,1,2,50,1
"OR2W1",1,0,2,3,33.3333333333333,1
"OR2Y1",1,0,4,5,20,1
"OR4D10",1,0,0,1,100,1
"OR52K1",1,0,7,8,12.5,1
"OR52K3P",1,0,7,8,12.5,1
"OR52M1",1,0,5,6,16.6666666666667,1
"OR52W1",1,0,4,5,20,1
"OR56A1",1,2,21,24,4.16666666666667,3
"OR6J1",1,0,9,10,10,1
"OR6P1",1,0,5,6,16.6666666666667,1
"OR6S1",1,0,11,12,8.33333333333333,1
"OR7E155P",1,1,9,11,9.09090909090909,2
"OR7E37P",1,1,9,11,9.09090909090909,2
"OR8D2",1,0,1,2,50,1
"OR9Q1",1,0,3,4,25,1
"ORAI1",1,0,0,1,100,1
"ORC1",1,0,10,11,9.09090909090909,1
"ORC3",1,0,5,6,16.6666666666667,1
"ORC5",1,0,15,16,6.25,1
"ORMDL3",1,0,2,3,33.3333333333333,1
"OSBPL10",1,0,3,4,25,1
"OSBPL10-AS1",1,0,1,2,50,1
"OSBPL11",1,1,21,23,4.34782608695652,2
"OSBPL1A",1,0,4,5,20,1
"OSBPL6",1,0,9,10,10,1
"OSBPL8",1,0,1,2,50,1
"OSCP1",1,0,19,20,5,1
"OSM",1,0,8,9,11.1111111111111,1
"OSR2",1,0,3,4,25,1
"OTUD3",1,0,2,3,33.3333333333333,1
"OTUD6B",1,1,22,24,4.16666666666667,2
"OXGR1",1,0,1,2,50,1
"P2RX1",1,0,15,16,6.25,1
"P2RY2",1,0,2,3,33.3333333333333,1
"P4HA2",1,0,3,4,25,1
"PABPC1P4",1,0,7,8,12.5,1
"PABPC4",1,0,5,6,16.6666666666667,1
"PABPN1L",1,0,17,18,5.55555555555556,1
"PACS1",1,0,5,6,16.6666666666667,1
"PACSIN2",1,0,19,20,5,1
"PADI1",1,0,7,8,12.5,1
"PADI4",1,0,15,16,6.25,1
"PAFAH1B2",1,0,33,34,2.94117647058824,1
"PAIP1",1,0,9,10,10,1
"PALLD",1,1,20,22,4.54545454545455,2
"PANK1",1,0,1,2,50,1
"PANK4",1,0,7,8,12.5,1
"PAPD7",1,0,33,34,2.94117647058824,1
"PAPOLA",1,0,9,10,10,1
"PAPOLB",1,0,6,7,14.2857142857143,1
"PAQR6",1,0,6,7,14.2857142857143,1
"PAQR8",1,0,4,5,20,1
"PARM1",1,0,3,4,25,1
"PARN",1,0,8,9,11.1111111111111,1
"PARP1",1,0,7,8,12.5,1
"PARP11",1,0,8,9,11.1111111111111,1
"PARP14",1,1,9,11,9.09090909090909,2
"PARP16",1,0,3,4,25,1
"PARP4",1,0,10,11,9.09090909090909,1
"PARVB",1,0,7,8,12.5,1
"PAWR",1,0,15,16,6.25,1
"PAX8-AS1",1,0,17,18,5.55555555555556,1
"PAXIP1",1,1,25,27,3.7037037037037,2
"PAXIP1-AS1",1,1,25,27,3.7037037037037,2
"PBXIP1",1,0,2,3,33.3333333333333,1
"PCCA-AS1",1,0,5,6,16.6666666666667,1
"PCDH1",1,2,24,27,3.7037037037037,3
"PCDHA7",1,0,19,20,5,1
"PCDHA8",1,0,19,20,5,1
"PCDHB1",1,0,11,12,8.33333333333333,1
"PCDHB17",1,0,3,4,25,1
"PCDHB2",1,0,12,13,7.69230769230769,1
"PCDHB3",1,0,12,13,7.69230769230769,1
"PCDHGA10",1,0,15,16,6.25,1
"PCDHGA11",1,0,15,16,6.25,1
"PCDHGA12",1,0,6,7,14.2857142857143,1
"PCDHGA7",1,0,18,19,5.26315789473684,1
"PCDHGB1",1,0,18,19,5.26315789473684,1
"PCDHGB6",1,0,18,19,5.26315789473684,1
"PCDHGB7",1,0,15,16,6.25,1
"PCF11",1,3,52,56,1.78571428571429,4
"PCGF1",1,0,9,10,10,1
"PCGF2",1,0,2,3,33.3333333333333,1
"PCGF6",1,0,4,5,20,1
"PCNXL2",1,0,3,4,25,1
"PCNXL4",1,0,8,9,11.1111111111111,1
"PCP4",1,0,1,2,50,1
"PCP4L1",1,0,1,2,50,1
"PCYT2",1,0,11,12,8.33333333333333,1
"PDCD11",1,0,1,2,50,1
"PDCD4",1,0,16,17,5.88235294117647,1
"PDCD4-AS1",1,0,16,17,5.88235294117647,1
"PDCD5",1,0,8,9,11.1111111111111,1
"PDE4C",1,0,6,7,14.2857142857143,1
"PDE6A",1,0,12,13,7.69230769230769,1
"PDE6H",1,1,14,16,6.25,2
"PDE7A",1,0,19,20,5,1
"PDGFC",1,0,7,8,12.5,1
"PDGFRB",1,0,11,12,8.33333333333333,1
"PDHB",1,0,7,8,12.5,1
"PDIK1L",1,0,21,22,4.54545454545455,1
"PDK1",1,0,1,2,50,1
"PDK2",1,0,4,5,20,1
"PDS5B",1,1,13,15,6.66666666666667,2
"PDX1",1,0,4,5,20,1
"PDX1-AS1",1,0,4,5,20,1
"PDZD9",1,1,17,19,5.26315789473684,2
"PEA15",1,0,8,9,11.1111111111111,1
"PEAR1",1,0,21,22,4.54545454545455,1
"PEF1",1,0,8,9,11.1111111111111,1
"PELI1",1,1,14,16,6.25,2
"PEX10",1,0,11,12,8.33333333333333,1
"PEX12",1,0,14,15,6.66666666666667,1
"PEX3",1,0,3,4,25,1
"PFDN4",1,1,12,14,7.14285714285714,2
"PFN1",1,0,7,8,12.5,1
"PFN3",1,0,13,14,7.14285714285714,1
"PGAM1P8",1,0,2,3,33.3333333333333,1
"PGAP3",1,0,0,1,100,1
"PGBD4",1,0,8,9,11.1111111111111,1
"PHACTR2",1,0,12,13,7.69230769230769,1
"PHACTR4",1,0,5,6,16.6666666666667,1
"PHC1",1,0,3,4,25,1
"PHF11",1,0,3,4,25,1
"PHF12",1,0,22,23,4.34782608695652,1
"PHF14",1,0,3,4,25,1
"PHF20",1,0,6,7,14.2857142857143,1
"PHIP",1,4,18,23,4.34782608695652,5
"PHKG1",1,0,9,10,10,1
"PHLDB2",1,1,22,24,4.16666666666667,2
"PHLPP1",1,0,9,10,10,1
"PHPT1",1,0,7,8,12.5,1
"PHYHIP",1,0,0,1,100,1
"PHYKPL",1,0,8,9,11.1111111111111,1
"PIBF1",1,0,12,13,7.69230769230769,1
"PIEZO1",1,0,14,15,6.66666666666667,1
"PIEZO2",1,0,17,18,5.55555555555556,1
"PIF1",1,0,0,1,100,1
"PIGL",1,0,8,9,11.1111111111111,1
"PIGM",1,1,8,10,10,2
"PIGN",1,0,16,17,5.88235294117647,1
"PIGO",1,1,16,18,5.55555555555556,2
"PIGPP4",1,0,5,6,16.6666666666667,1
"PIK3AP1",1,1,16,18,5.55555555555556,2
"PIK3CA",1,1,44,46,2.17391304347826,2
"PIK3CB",1,0,8,9,11.1111111111111,1
"PIK3R1",1,0,15,16,6.25,1
"PIM1",1,0,24,25,4,1
"PIP5K1B",1,1,35,37,2.7027027027027,2
"PIPOX",1,0,22,23,4.34782608695652,1
"PITPNM2",1,0,15,16,6.25,1
"PITPNM3",1,0,2,3,33.3333333333333,1
"PITRM1",1,1,21,23,4.34782608695652,2
"PITRM1-AS1",1,1,12,14,7.14285714285714,2
"PKD1L2",1,0,2,3,33.3333333333333,1
"PKDCC",1,2,6,9,11.1111111111111,3
"PKDREJ",1,0,13,14,7.14285714285714,1
"PKHD1",1,0,1,2,50,1
"PKN2",1,0,3,4,25,1
"PKN3",1,0,2,3,33.3333333333333,1
"PLA1A",1,0,0,1,100,1
"PLA2G12A",1,0,10,11,9.09090909090909,1
"PLAA",1,1,13,15,6.66666666666667,2
"PLAC8L1",1,0,13,14,7.14285714285714,1
"PLBD1",1,0,1,2,50,1
"PLBD2",1,0,13,14,7.14285714285714,1
"PLCB1",1,0,6,7,14.2857142857143,1
"PLCB3",1,0,2,3,33.3333333333333,1
"PLCD4",1,0,7,8,12.5,1
"PLCG1",1,1,15,17,5.88235294117647,2
"PLCH1-AS1",1,0,4,5,20,1
"PLCH1-AS2",1,0,2,3,33.3333333333333,1
"PLCH2",1,1,12,14,7.14285714285714,2
"PLCL1",1,0,22,23,4.34782608695652,1
"PLCXD2",1,1,25,27,3.7037037037037,2
"PLD2",1,0,3,4,25,1
"PLEC",1,0,1,2,50,1
"PLEKHA8",1,0,10,11,9.09090909090909,1
"PLEKHB1",1,0,4,5,20,1
"PLEKHF2",1,0,24,25,4,1
"PLEKHG3",1,0,8,9,11.1111111111111,1
"PLEKHG4",1,0,14,15,6.66666666666667,1
"PLEKHG7",1,0,1,2,50,1
"PLEKHJ1",1,0,8,9,11.1111111111111,1
"PLEKHM2",1,0,7,8,12.5,1
"PLEKHN1",1,0,6,7,14.2857142857143,1
"PLEKHO2",1,0,1,2,50,1
"PLK1",1,0,1,2,50,1
"PLK3",1,0,7,8,12.5,1
"PLRG1",1,1,5,7,14.2857142857143,2
"PLSCR2",1,1,7,9,11.1111111111111,2
"PLSCR4",1,2,8,11,9.09090909090909,3
"PLTP",1,0,3,4,25,1
"PLXNA1",1,0,5,6,16.6666666666667,1
"PMEL",1,0,8,9,11.1111111111111,1
"PMF1",1,0,13,14,7.14285714285714,1
"PMF1-BGLAP",1,0,13,14,7.14285714285714,1
"PMFBP1",1,0,6,7,14.2857142857143,1
"PMPCA",1,0,8,9,11.1111111111111,1
"PMVK",1,0,2,3,33.3333333333333,1
"PNISR",1,1,2,4,25,2
"PNMA1",1,0,10,11,9.09090909090909,1
"PNMT",1,0,1,2,50,1
"PNPLA3",1,0,4,5,20,1
"PNPLA5",1,0,11,12,8.33333333333333,1
"PNPT1",1,2,6,9,11.1111111111111,3
"PNRC1",1,0,12,13,7.69230769230769,1
"PNRC2",1,0,5,6,16.6666666666667,1
"POGZ",1,0,17,18,5.55555555555556,1
"POLDIP2",1,0,0,1,100,1
"POLE2",1,0,5,6,16.6666666666667,1
"POLQ",1,0,16,17,5.88235294117647,1
"POLR1B",1,0,8,9,11.1111111111111,1
"POLR2A",1,0,1,2,50,1
"POLR2E",1,0,2,3,33.3333333333333,1
"POLR2H",1,1,18,20,5,2
"POLR2KP1",1,0,4,5,20,1
"POLR3A",1,0,10,11,9.09090909090909,1
"POLR3D",1,0,0,1,100,1
"POLR3E",1,0,7,8,12.5,1
"POLR3G",1,0,14,15,6.66666666666667,1
"POM121L9P",1,0,3,4,25,1
"POPDC2",1,0,11,12,8.33333333333333,1
"POR",1,0,10,11,9.09090909090909,1
"POT1",1,0,2,3,33.3333333333333,1
"POT1-AS1",1,0,2,3,33.3333333333333,1
"POU4F1",1,1,4,6,16.6666666666667,2
"PPARGC1B",1,0,5,6,16.6666666666667,1
"PPIAP28",1,0,7,8,12.5,1
"PPIB",1,0,2,3,33.3333333333333,1
"PPIL1",1,0,7,8,12.5,1
"PPIL2",1,0,5,6,16.6666666666667,1
"PPL",1,1,24,26,3.84615384615385,2
"PPM1A",1,0,2,3,33.3333333333333,1
"PPM1E",1,1,3,5,20,2
"PPM1J",1,0,15,16,6.25,1
"PPP1CB",1,0,15,16,6.25,1
"PPP1R10",1,0,3,4,25,1
"PPP1R12A",1,0,9,10,10,1
"PPP1R14B",1,0,2,3,33.3333333333333,1
"PPP1R1A",1,0,1,2,50,1
"PPP1R36",1,0,5,6,16.6666666666667,1
"PPP1R3D",1,1,8,10,10,2
"PPP1R8",1,0,5,6,16.6666666666667,1
"PPP2CA",1,0,5,6,16.6666666666667,1
"PPP2R1B",1,0,31,32,3.125,1
"PPP2R2A",1,0,15,16,6.25,1
"PPP2R3C",1,0,2,3,33.3333333333333,1
"PPP2R5C",1,0,14,15,6.66666666666667,1
"PPP2R5D",1,0,3,4,25,1
"PPP3CB",1,0,5,6,16.6666666666667,1
"PPP3CC",1,0,16,17,5.88235294117647,1
"PPP4R1",1,1,8,10,10,2
"PPP6C",1,0,12,13,7.69230769230769,1
"PPP6R3",1,0,10,11,9.09090909090909,1
"PQLC2",1,0,4,5,20,1
"PRC1-AS1",1,1,7,9,11.1111111111111,2
"PRCD",1,0,11,12,8.33333333333333,1
"PRDM16",1,1,23,25,4,2
"PRDM2",1,0,6,7,14.2857142857143,1
"PRDM8",1,0,10,11,9.09090909090909,1
"PRDX1",1,0,5,6,16.6666666666667,1
"PRDX3P2",1,0,2,3,33.3333333333333,1
"PREPL",1,0,8,9,11.1111111111111,1
"PRIM2",1,1,34,36,2.77777777777778,2
"PRKAB1",1,0,5,6,16.6666666666667,1
"PRKAG3",1,0,11,12,8.33333333333333,1
"PRKAR2B",1,0,7,8,12.5,1
"PRKCE",1,0,11,12,8.33333333333333,1
"PRKCQ",1,0,7,8,12.5,1
"PRKCQ-AS1",1,0,7,8,12.5,1
"PRKD1",1,1,1,3,33.3333333333333,2
"PRKD2",1,0,6,7,14.2857142857143,1
"PRKD3",1,0,9,10,10,1
"PRKRIRP5",1,0,17,18,5.55555555555556,1
"PRM2",1,0,15,16,6.25,1
"PRM3",1,0,15,16,6.25,1
"PRORSD1P",1,0,9,10,10,1
"PROS1",1,0,3,4,25,1
"PROSER2-AS1",1,0,1,2,50,1
"PROX1",1,0,3,4,25,1
"PRPF38A",1,0,10,11,9.09090909090909,1
"PRPF38B",1,0,2,3,33.3333333333333,1
"PRPH",1,0,11,12,8.33333333333333,1
"PRR14L",1,0,10,11,9.09090909090909,1
"PRR15",1,0,0,1,100,1
"PRR16",1,0,6,7,14.2857142857143,1
"PRRC1",1,0,2,3,33.3333333333333,1
"PRSS27",1,0,3,4,25,1
"PRSS35",1,1,21,23,4.34782608695652,2
"PRSS45",1,0,4,5,20,1
"PRSS46",1,0,4,5,20,1
"PRSS50",1,0,4,5,20,1
"PRSS51",1,0,10,11,9.09090909090909,1
"PRSS53",1,0,8,9,11.1111111111111,1
"PRSS54",1,0,1,2,50,1
"PRTFDC1",1,1,9,11,9.09090909090909,2
"PRUNE",1,0,6,7,14.2857142857143,1
"PSD",1,1,11,13,7.69230769230769,2
"PSD4",1,0,9,10,10,1
"PSIP1",1,0,15,16,6.25,1
"PSKH2",1,0,10,11,9.09090909090909,1
"PSMA6",1,0,5,6,16.6666666666667,1
"PSMB2",1,0,0,1,100,1
"PSMC1P11",1,0,3,4,25,1
"PSMD14",1,0,0,1,100,1
"PSMD3",1,0,6,7,14.2857142857143,1
"PSMD8",1,0,5,6,16.6666666666667,1
"PSMD9",1,0,3,4,25,1
"PSMG3",1,0,14,15,6.66666666666667,1
"PSMG3-AS1",1,0,14,15,6.66666666666667,1
"PSTK",1,1,11,13,7.69230769230769,2
"PSTPIP1",1,1,15,17,5.88235294117647,2
"PTBP2",1,0,5,6,16.6666666666667,1
"PTGDR",1,0,7,8,12.5,1
"PTGES2",1,0,0,1,100,1
"PTGFRN",1,0,15,16,6.25,1
"PTGR2",1,1,4,6,16.6666666666667,2
"PTHLH",1,0,10,11,9.09090909090909,1
"PTK2",1,0,34,35,2.85714285714286,1
"PTK2B",1,0,3,4,25,1
"PTMAP1",1,0,3,4,25,1
"PTMS",1,1,12,14,7.14285714285714,2
"PTP4A2",1,0,4,5,20,1
"PTPDC1",1,0,3,4,25,1
"PTPLA",1,0,16,17,5.88235294117647,1
"PTPN13",1,0,5,6,16.6666666666667,1
"PTPN2",1,0,10,11,9.09090909090909,1
"PTPN21",1,0,12,13,7.69230769230769,1
"PTPN23",1,0,5,6,16.6666666666667,1
"PTPN4",1,0,29,30,3.33333333333333,1
"PTPRB",1,0,3,4,25,1
"PTPRE",1,1,45,47,2.12765957446809,2
"PTPRF",1,0,2,3,33.3333333333333,1
"PTPRJ",1,1,45,47,2.12765957446809,2
"PTPRS",1,0,8,9,11.1111111111111,1
"PTRHD1",1,1,10,12,8.33333333333333,2
"PUF60",1,0,7,8,12.5,1
"PUM1",1,1,9,11,9.09090909090909,2
"PUS3",1,0,11,12,8.33333333333333,1
"PUSL1",1,0,16,17,5.88235294117647,1
"PVALB",1,0,17,18,5.55555555555556,1
"PWP1",1,0,8,9,11.1111111111111,1
"PXDC1",1,0,18,19,5.26315789473684,1
"PYCARD",1,0,34,35,2.85714285714286,1
"PYCR1",1,0,6,7,14.2857142857143,1
"PYCR2",1,1,20,22,4.54545454545455,2
"PYDC1",1,0,29,30,3.33333333333333,1
"PYGO2",1,0,9,10,10,1
"QPCT",1,0,16,17,5.88235294117647,1
"QRFP",1,0,6,7,14.2857142857143,1
"QSER1",1,0,3,4,25,1
"RAB11A",1,0,27,28,3.57142857142857,1
"RAB11FIP1",1,0,11,12,8.33333333333333,1
"RAB11FIP4",1,0,10,11,9.09090909090909,1
"RAB1A",1,1,11,13,7.69230769230769,2
"RAB34",1,0,8,9,11.1111111111111,1
"RAB3GAP2",1,1,23,25,4,2
"RAB40B",1,0,5,6,16.6666666666667,1
"RAB42",1,0,5,6,16.6666666666667,1
"RAB5B",1,0,8,9,11.1111111111111,1
"RAB7A",1,0,3,4,25,1
"RAB8B",1,1,28,30,3.33333333333333,2
"RABL6",1,0,10,11,9.09090909090909,1
"RAD1",1,0,8,9,11.1111111111111,1
"RAD18",1,0,24,25,4,1
"RAD23A",1,0,2,3,33.3333333333333,1
"RAD51AP1",1,0,9,10,10,1
"RAD51C",1,2,5,8,12.5,3
"RAD52",1,0,11,12,8.33333333333333,1
"RAD54L",1,0,3,4,25,1
"RADIL",1,0,7,8,12.5,1
"RAG2",1,1,7,9,11.1111111111111,2
"RAI1",1,0,38,39,2.56410256410256,1
"RALA",1,0,4,5,20,1
"RANBP10",1,0,9,10,10,1
"RANBP9",1,1,3,5,20,2
"RAP1B",1,0,1,2,50,1
"RAP1GAP2",1,0,1,2,50,1
"RAPSN",1,0,11,12,8.33333333333333,1
"RARG",1,0,6,7,14.2857142857143,1
"RARS2",1,0,5,6,16.6666666666667,1
"RASA2",1,0,13,14,7.14285714285714,1
"RASAL2",1,5,20,26,3.84615384615385,6
"RASAL2-AS1",1,5,20,26,3.84615384615385,6
"RASGEF1B",1,0,14,15,6.66666666666667,1
"RASGRP3",1,1,13,15,6.66666666666667,2
"RASSF3",1,0,25,26,3.84615384615385,1
"RASSF6",1,0,2,3,33.3333333333333,1
"RASSF8",1,0,9,10,10,1
"RASSF8-AS1",1,0,9,10,10,1
"RBBP6",1,0,3,4,25,1
"RBBP8",1,0,5,6,16.6666666666667,1
"RBKS",1,0,14,15,6.66666666666667,1
"RBM11",1,0,12,13,7.69230769230769,1
"RBM17",1,0,5,6,16.6666666666667,1
"RBM39",1,0,17,18,5.55555555555556,1
"RBM43",1,0,7,8,12.5,1
"RBM48",1,0,7,8,12.5,1
"RBM4B",1,0,21,22,4.54545454545455,1
"RBM6",1,0,6,7,14.2857142857143,1
"RBM7",1,0,7,8,12.5,1
"RBMS2",1,0,8,9,11.1111111111111,1
"RBP3",1,1,16,18,5.55555555555556,2
"RC3H2",1,0,4,5,20,1
"RCAN1",1,0,9,10,10,1
"RCAN3",1,0,5,6,16.6666666666667,1
"RCC1",1,0,2,3,33.3333333333333,1
"RCN2",1,0,0,1,100,1
"RCSD1",1,0,2,3,33.3333333333333,1
"RDH14",1,1,11,13,7.69230769230769,2
"RDH5",1,0,9,10,10,1
"REEP3",1,2,25,28,3.57142857142857,3
"RELL1",1,0,19,20,5,1
"REP15",1,0,7,8,12.5,1
"RER1",1,0,10,11,9.09090909090909,1
"RFC3",1,0,6,7,14.2857142857143,1
"RFC4",1,0,14,15,6.66666666666667,1
"RFESD",1,1,12,14,7.14285714285714,2
"RFT1",1,0,21,22,4.54545454545455,1
"RFWD2",1,2,3,6,16.6666666666667,3
"RFWD3",1,0,26,27,3.7037037037037,1
"RFX8",1,0,19,20,5,1
"RFXANK",1,0,19,20,5,1
"RGCC",1,1,9,11,9.09090909090909,2
"RGMA",1,0,3,4,25,1
"RGS22",1,0,18,19,5.26315789473684,1
"RHBDD1",1,0,27,28,3.57142857142857,1
"RHBDL3",1,0,6,7,14.2857142857143,1
"RHEBL1",1,0,7,8,12.5,1
"RHNO1",1,0,3,4,25,1
"RHOC",1,0,15,16,6.25,1
"RHPN1",1,0,1,2,50,1
"RHPN1-AS1",1,0,1,2,50,1
"RIN3",1,0,13,14,7.14285714285714,1
"RIOK3",1,1,4,6,16.6666666666667,2
"RITA1",1,0,34,35,2.85714285714286,1
"RMDN2-AS1",1,0,7,8,12.5,1
"RMI2",1,0,15,16,6.25,1
"RMRP",1,0,1,2,50,1
"RMRPP4",1,1,34,36,2.77777777777778,2
"RN7SL1",1,0,3,4,25,1
"RN7SL104P",1,0,15,16,6.25,1
"RN7SL161P",1,0,9,10,10,1
"RN7SL172P",1,0,5,6,16.6666666666667,1
"RN7SL374P",1,0,13,14,7.14285714285714,1
"RN7SL458P",1,0,4,5,20,1
"RN7SL529P",1,0,4,5,20,1
"RN7SL54P",1,0,3,4,25,1
"RN7SL688P",1,0,11,12,8.33333333333333,1
"RN7SL85P",1,0,4,5,20,1
"RNA5SP151",1,0,20,21,4.76190476190476,1
"RNA5SP155",1,0,10,11,9.09090909090909,1
"RNA5SP221",1,0,3,4,25,1
"RNA5SP367",1,0,6,7,14.2857142857143,1
"RNA5SP447",1,0,1,2,50,1
"RNA5SP482",1,0,0,1,100,1
"RNASE10",1,0,6,7,14.2857142857143,1
"RNASE12",1,0,9,10,10,1
"RNASE13",1,0,27,28,3.57142857142857,1
"RNASEK",1,0,4,5,20,1
"RNASEK-C17orf49",1,0,4,5,20,1
"RNASET2",1,0,12,13,7.69230769230769,1
"RNF114",1,0,9,10,10,1
"RNF121",1,0,12,13,7.69230769230769,1
"RNF145",1,0,2,3,33.3333333333333,1
"RNF149",1,0,22,23,4.34782608695652,1
"RNF152",1,2,14,17,5.88235294117647,3
"RNF157-AS1",1,0,7,8,12.5,1
"RNF167",1,0,7,8,12.5,1
"RNF168",1,0,12,13,7.69230769230769,1
"RNF182",1,0,9,10,10,1
"RNF186",1,0,4,5,20,1
"RNF187",1,2,1,4,25,3
"RNF222",1,0,13,14,7.14285714285714,1
"RNF25",1,0,11,12,8.33333333333333,1
"RNF31",1,0,26,27,3.7037037037037,1
"RNF32",1,0,4,5,20,1
"RNF40",1,0,15,16,6.25,1
"RNF43",1,0,12,13,7.69230769230769,1
"RNF6",1,0,9,10,10,1
"RNFT2",1,0,4,5,20,1
"RNMT",1,0,21,22,4.54545454545455,1
"RNPS1",1,0,4,5,20,1
"RNU1-109P",1,2,17,20,5,3
"RNU1-117P",1,1,7,9,11.1111111111111,2
"RNU1-123P",1,0,5,6,16.6666666666667,1
"RNU1-130P",1,1,11,13,7.69230769230769,2
"RNU1-150P",1,0,5,6,16.6666666666667,1
"RNU1-38P",1,0,25,26,3.84615384615385,1
"RNU1-64P",1,0,17,18,5.55555555555556,1
"RNU1-73P",1,0,16,17,5.88235294117647,1
"RNU1-84P",1,0,7,8,12.5,1
"RNU1-88P",1,0,3,4,25,1
"RNU1-96P",1,0,13,14,7.14285714285714,1
"RNU11-3P",1,0,19,20,5,1
"RNU2-10P",1,0,0,1,100,1
"RNU2-11P",1,0,4,5,20,1
"RNU2-14P",1,0,6,7,14.2857142857143,1
"RNU2-20P",1,0,10,11,9.09090909090909,1
"RNU2-2P",1,0,10,11,9.09090909090909,1
"RNU2-35P",1,1,3,5,20,2
"RNU2-62P",1,0,2,3,33.3333333333333,1
"RNU2-8P",1,0,4,5,20,1
"RNU4-32P",1,0,3,4,25,1
"RNU4-35P",1,1,5,7,14.2857142857143,2
"RNU4-62P",1,0,5,6,16.6666666666667,1
"RNU4-67P",1,0,10,11,9.09090909090909,1
"RNU4-76P",1,0,2,3,33.3333333333333,1
"RNU4-83P",1,0,11,12,8.33333333333333,1
"RNU4ATAC",1,0,9,10,10,1
"RNU4ATAC13P",1,0,12,13,7.69230769230769,1
"RNU4ATAC15P",1,0,17,18,5.55555555555556,1
"RNU4ATAC4P",1,0,0,1,100,1
"RNU5A-3P",1,0,0,1,100,1
"RNU5B",1,0,3,4,25,1
"RNU5B-2P",1,1,5,7,14.2857142857143,2
"RNU5B-3P",1,1,14,16,6.25,2
"RNU5E",1,0,13,14,7.14285714285714,1
"RNU5E-10P",1,0,25,26,3.84615384615385,1
"RNU5E-2P",1,0,12,13,7.69230769230769,1
"RNU5E-4P",1,0,13,14,7.14285714285714,1
"RNU5E-5P",1,0,6,7,14.2857142857143,1
"RNU5E-9P",1,0,13,14,7.14285714285714,1
"RNU6",1,0,11,12,8.33333333333333,1
"RNU6-1000P",1,0,0,1,100,1
"RNU6-1011P",1,0,15,16,6.25,1
"RNU6-101P",1,1,18,20,5,2
"RNU6-1029P",1,0,12,13,7.69230769230769,1
"RNU6-1045P",1,0,9,10,10,1
"RNU6-1050P",1,1,17,19,5.26315789473684,2
"RNU6-1062P",1,0,26,27,3.7037037037037,1
"RNU6-1079P",1,0,1,2,50,1
"RNU6-1080P",1,0,9,10,10,1
"RNU6-1091P",1,0,8,9,11.1111111111111,1
"RNU6-1095P",1,0,1,2,50,1
"RNU6-1098P",1,0,20,21,4.76190476190476,1
"RNU6-1099P",1,0,4,5,20,1
"RNU6-1114P",1,0,25,26,3.84615384615385,1
"RNU6-1123P",1,0,15,16,6.25,1
"RNU6-1127P",1,0,1,2,50,1
"RNU6-1152P",1,0,7,8,12.5,1
"RNU6-1161P",1,0,1,2,50,1
"RNU6-1174P",1,0,12,13,7.69230769230769,1
"RNU6-1187P",1,0,1,2,50,1
"RNU6-1198P",1,0,22,23,4.34782608695652,1
"RNU6-11P",1,2,24,27,3.7037037037037,3
"RNU6-1200P",1,0,14,15,6.66666666666667,1
"RNU6-1203P",1,0,6,7,14.2857142857143,1
"RNU6-1212P",1,0,4,5,20,1
"RNU6-1218P",1,0,11,12,8.33333333333333,1
"RNU6-1224P",1,0,5,6,16.6666666666667,1
"RNU6-1226P",1,1,5,7,14.2857142857143,2
"RNU6-1228P",1,0,8,9,11.1111111111111,1
"RNU6-123P",1,0,5,6,16.6666666666667,1
"RNU6-1241P",1,0,7,8,12.5,1
"RNU6-1245P",1,0,5,6,16.6666666666667,1
"RNU6-1250P",1,0,3,4,25,1
"RNU6-1255P",1,1,15,17,5.88235294117647,2
"RNU6-1263P",1,0,1,2,50,1
"RNU6-1273P",1,0,11,12,8.33333333333333,1
"RNU6-1274P",1,0,3,4,25,1
"RNU6-1301P",1,0,0,1,100,1
"RNU6-1303P",1,0,1,2,50,1
"RNU6-1309P",1,0,13,14,7.14285714285714,1
"RNU6-1318P",1,0,0,1,100,1
"RNU6-131P",1,0,0,1,100,1
"RNU6-1322P",1,0,27,28,3.57142857142857,1
"RNU6-1328P",1,0,2,3,33.3333333333333,1
"RNU6-1329P",1,0,10,11,9.09090909090909,1
"RNU6-151P",1,0,13,14,7.14285714285714,1
"RNU6-159P",1,0,0,1,100,1
"RNU6-15P",1,0,2,3,33.3333333333333,1
"RNU6-169P",1,0,3,4,25,1
"RNU6-172P",1,0,1,2,50,1
"RNU6-182P",1,0,0,1,100,1
"RNU6-192P",1,0,24,25,4,1
"RNU6-194P",1,0,4,5,20,1
"RNU6-201P",1,0,11,12,8.33333333333333,1
"RNU6-221P",1,0,3,4,25,1
"RNU6-225P",1,0,2,3,33.3333333333333,1
"RNU6-232P",1,0,18,19,5.26315789473684,1
"RNU6-244P",1,0,3,4,25,1
"RNU6-24P",1,0,5,6,16.6666666666667,1
"RNU6-251P",1,0,9,10,10,1
"RNU6-258P",1,1,11,13,7.69230769230769,2
"RNU6-291P",1,0,2,3,33.3333333333333,1
"RNU6-292P",1,0,8,9,11.1111111111111,1
"RNU6-295P",1,1,16,18,5.55555555555556,2
"RNU6-319P",1,1,6,8,12.5,2
"RNU6-336P",1,0,16,17,5.88235294117647,1
"RNU6-339P",1,0,0,1,100,1
"RNU6-344P",1,0,11,12,8.33333333333333,1
"RNU6-349P",1,0,1,2,50,1
"RNU6-351P",1,1,20,22,4.54545454545455,2
"RNU6-360P",1,0,14,15,6.66666666666667,1
"RNU6-367P",1,0,3,4,25,1
"RNU6-373P",1,0,3,4,25,1
"RNU6-375P",1,0,14,15,6.66666666666667,1
"RNU6-380P",1,0,1,2,50,1
"RNU6-384P",1,0,3,4,25,1
"RNU6-387P",1,0,6,7,14.2857142857143,1
"RNU6-404P",1,0,6,7,14.2857142857143,1
"RNU6-414P",1,0,1,2,50,1
"RNU6-418P",1,0,8,9,11.1111111111111,1
"RNU6-422P",1,0,9,10,10,1
"RNU6-42P",1,0,1,2,50,1
"RNU6-450P",1,1,18,20,5,2
"RNU6-454P",1,0,11,12,8.33333333333333,1
"RNU6-456P",1,0,3,4,25,1
"RNU6-466P",1,0,21,22,4.54545454545455,1
"RNU6-479P",1,0,3,4,25,1
"RNU6-47P",1,0,1,2,50,1
"RNU6-487P",1,0,9,10,10,1
"RNU6-509P",1,1,15,17,5.88235294117647,2
"RNU6-510P",1,0,5,6,16.6666666666667,1
"RNU6-511P",1,0,10,11,9.09090909090909,1
"RNU6-520P",1,0,9,10,10,1
"RNU6-526P",1,0,6,7,14.2857142857143,1
"RNU6-536P",1,0,5,6,16.6666666666667,1
"RNU6-537P",1,0,0,1,100,1
"RNU6-543P",1,1,20,22,4.54545454545455,2
"RNU6-559P",1,1,2,4,25,2
"RNU6-57P",1,1,14,16,6.25,2
"RNU6-582P",1,0,2,3,33.3333333333333,1
"RNU6-608P",1,0,8,9,11.1111111111111,1
"RNU6-619P",1,0,4,5,20,1
"RNU6-626P",1,2,17,20,5,3
"RNU6-62P",1,0,6,7,14.2857142857143,1
"RNU6-643P",1,0,9,10,10,1
"RNU6-645P",1,0,5,6,16.6666666666667,1
"RNU6-668P",1,0,0,1,100,1
"RNU6-671P",1,0,7,8,12.5,1
"RNU6-672P",1,0,22,23,4.34782608695652,1
"RNU6-724P",1,0,12,13,7.69230769230769,1
"RNU6-731P",1,0,2,3,33.3333333333333,1
"RNU6-736P",1,0,7,8,12.5,1
"RNU6-73P",1,1,21,23,4.34782608695652,2
"RNU6-748P",1,0,3,4,25,1
"RNU6-74P",1,0,10,11,9.09090909090909,1
"RNU6-757P",1,0,6,7,14.2857142857143,1
"RNU6-758P",1,2,9,12,8.33333333333333,3
"RNU6-775P",1,0,6,7,14.2857142857143,1
"RNU6-783P",1,0,0,1,100,1
"RNU6-784P",1,0,9,10,10,1
"RNU6-789P",1,2,33,36,2.77777777777778,3
"RNU6-78P",1,0,2,3,33.3333333333333,1
"RNU6-793P",1,0,8,9,11.1111111111111,1
"RNU6-794P",1,0,9,10,10,1
"RNU6-796P",1,0,0,1,100,1
"RNU6-807P",1,1,19,21,4.76190476190476,2
"RNU6-823P",1,0,7,8,12.5,1
"RNU6-834P",1,0,4,5,20,1
"RNU6-842P",1,1,27,29,3.44827586206897,2
"RNU6-853P",1,1,10,12,8.33333333333333,2
"RNU6-871P",1,1,2,4,25,2
"RNU6-873P",1,0,6,7,14.2857142857143,1
"RNU6-881P",1,0,11,12,8.33333333333333,1
"RNU6-884P",1,0,6,7,14.2857142857143,1
"RNU6-899P",1,0,3,4,25,1
"RNU6-900P",1,0,0,1,100,1
"RNU6-903P",1,1,8,10,10,2
"RNU6-914P",1,0,3,4,25,1
"RNU6-919P",1,0,16,17,5.88235294117647,1
"RNU6-922P",1,0,0,1,100,1
"RNU6-939P",1,0,13,14,7.14285714285714,1
"RNU6-944P",1,0,3,4,25,1
"RNU6-952P",1,1,18,20,5,2
"RNU6-960P",1,0,2,3,33.3333333333333,1
"RNU6-992P",1,0,1,2,50,1
"RNU6-998P",1,0,10,11,9.09090909090909,1
"RNU6ATAC2P",1,0,14,15,6.66666666666667,1
"RNU6ATAC31P",1,0,16,17,5.88235294117647,1
"RNU7-107P",1,1,34,36,2.77777777777778,2
"RNU7-109P",1,0,1,2,50,1
"RNU7-117P",1,0,11,12,8.33333333333333,1
"RNU7-120P",1,0,13,14,7.14285714285714,1
"RNU7-123P",1,0,3,4,25,1
"RNU7-13P",1,0,5,6,16.6666666666667,1
"RNU7-143P",1,0,7,8,12.5,1
"RNU7-151P",1,1,15,17,5.88235294117647,2
"RNU7-160P",1,0,0,1,100,1
"RNU7-161P",1,0,1,2,50,1
"RNU7-163P",1,0,11,12,8.33333333333333,1
"RNU7-165P",1,0,3,4,25,1
"RNU7-16P",1,1,3,5,20,2
"RNU7-177P",1,0,12,13,7.69230769230769,1
"RNU7-195P",1,0,11,12,8.33333333333333,1
"RNU7-199P",1,0,34,35,2.85714285714286,1
"RNU7-20P",1,0,6,7,14.2857142857143,1
"RNU7-31P",1,0,2,3,33.3333333333333,1
"RNU7-55P",1,1,3,5,20,2
"RNU7-60P",1,0,4,5,20,1
"RNU7-72P",1,0,14,15,6.66666666666667,1
"RNU7-77P",1,0,10,11,9.09090909090909,1
"RNU7-79P",1,0,3,4,25,1
"RNU7-81P",1,0,1,2,50,1
"RNU7-91P",1,0,0,1,100,1
"RNY4P10",1,0,7,8,12.5,1
"ROM1",1,0,2,3,33.3333333333333,1
"ROPN1",1,0,15,16,6.25,1
"ROPN1L",1,0,44,45,2.22222222222222,1
"ROPN1L-AS1",1,0,44,45,2.22222222222222,1
"RORC",1,1,30,32,3.125,2
"RP1-100J12.1",1,0,13,14,7.14285714285714,1
"RP1-111C20.4",1,2,8,11,9.09090909090909,3
"RP1-111D6.3",1,0,9,10,10,1
"RP1-122O8.7",1,1,4,6,16.6666666666667,2
"RP1-12G14.6",1,0,11,12,8.33333333333333,1
"RP1-139D8.6",1,0,9,10,10,1
"RP1-140A9.1",1,0,7,8,12.5,1
"RP1-155G6.4",1,0,2,3,33.3333333333333,1
"RP1-159A19.4",1,0,5,6,16.6666666666667,1
"RP1-15D23.2",1,1,17,19,5.26315789473684,2
"RP1-161P9.5",1,0,1,2,50,1
"RP1-170O19.14",1,1,33,35,2.85714285714286,2
"RP1-170O19.17",1,0,10,11,9.09090909090909,1
"RP1-170O19.20",1,0,8,9,11.1111111111111,1
"RP1-178F15.4",1,0,18,19,5.26315789473684,1
"RP1-178F15.5",1,0,18,19,5.26315789473684,1
"RP1-1J6.2",1,1,15,17,5.88235294117647,2
"RP1-206D15.3",1,0,8,9,11.1111111111111,1
"RP1-20N2.6",1,0,1,2,50,1
"RP1-257I20.14",1,0,13,14,7.14285714285714,1
"RP1-27K12.4",1,1,36,38,2.63157894736842,2
"RP1-28O10.1",1,0,39,40,2.5,1
"RP1-302G2.5",1,0,17,18,5.55555555555556,1
"RP1-310O13.7",1,0,5,6,16.6666666666667,1
"RP1-313I6.12",1,0,15,16,6.25,1
"RP1-45I4.2",1,0,3,4,25,1
"RP1-45I4.3",1,0,1,2,50,1
"RP1-4G17.2",1,0,8,9,11.1111111111111,1
"RP1-64K7.4",1,0,25,26,3.84615384615385,1
"RP1-7G5.6",1,0,0,1,100,1
"RP1-92O14.3",1,0,8,9,11.1111111111111,1
"RP1-92O14.6",1,0,8,9,11.1111111111111,1
"RP1-93H18.1",1,0,5,6,16.6666666666667,1
"RP11-1020M18.10",1,0,19,20,5,1
"RP11-1035H13.2",1,0,4,5,20,1
"RP11-1035H13.3",1,0,4,5,20,1
"RP11-103B5.2",1,0,5,6,16.6666666666667,1
"RP11-103J8.1",1,2,24,27,3.7037037037037,3
"RP11-104H15.7",1,0,8,9,11.1111111111111,1
"RP11-1055B8.6",1,0,12,13,7.69230769230769,1
"RP11-1055B8.7",1,0,12,13,7.69230769230769,1
"RP11-105N14.1",1,0,14,15,6.66666666666667,1
"RP11-106M3.1",1,0,8,9,11.1111111111111,1
"RP11-106M3.2",1,0,8,9,11.1111111111111,1
"RP11-1070N10.3",1,0,5,6,16.6666666666667,1
"RP11-1072C15.2",1,0,4,5,20,1
"RP11-107F6.3",1,0,8,9,11.1111111111111,1
"RP11-1094M14.7",1,0,7,8,12.5,1
"RP11-109G23.1",1,0,16,17,5.88235294117647,1
"RP11-109G23.3",1,0,16,17,5.88235294117647,1
"RP11-109L13.5",1,0,33,34,2.94117647058824,1
"RP11-109M19.1",1,0,0,1,100,1
"RP11-109M19.4",1,0,0,1,100,1
"RP11-109M19.5",1,0,0,1,100,1
"RP11-10O17.1",1,0,10,11,9.09090909090909,1
"RP11-10O17.3",1,0,10,11,9.09090909090909,1
"RP11-1103G16.1",1,0,0,1,100,1
"RP11-110I1.12",1,0,4,5,20,1
"RP11-112H10.4",1,2,10,13,7.69230769230769,3
"RP11-1140I5.1",1,0,0,1,100,1
"RP11-114B7.6",1,0,3,4,25,1
"RP11-114H23.1",1,0,6,7,14.2857142857143,1
"RP11-114H23.2",1,0,6,7,14.2857142857143,1
"RP11-114H23.3",1,0,6,7,14.2857142857143,1
"RP11-115C21.2",1,0,43,44,2.27272727272727,1
"RP11-115D19.1",1,0,1,2,50,1
"RP11-1167A19.2",1,0,3,4,25,1
"RP11-116N8.4",1,0,7,8,12.5,1
"RP11-118H4.3",1,0,7,8,12.5,1
"RP11-122G18.5",1,0,3,4,25,1
"RP11-1246C19.1",1,0,0,1,100,1
"RP11-1259L22.1",1,0,4,5,20,1
"RP11-125B21.2",1,0,5,6,16.6666666666667,1
"RP11-125K10.5",1,0,0,1,100,1
"RP11-127B20.3",1,0,9,10,10,1
"RP11-129J12.2",1,0,5,6,16.6666666666667,1
"RP11-12J10.3",1,0,1,2,50,1
"RP11-130C19.3",1,0,14,15,6.66666666666667,1
"RP11-131L12.2",1,0,32,33,3.03030303030303,1
"RP11-1336O20.2",1,1,10,12,8.33333333333333,2
"RP11-133L14.5",1,0,22,23,4.34782608695652,1
"RP11-133N21.10",1,0,7,8,12.5,1
"RP11-133N21.7",1,0,4,5,20,1
"RP11-137L10.6",1,0,5,6,16.6666666666667,1
"RP11-138I18.1",1,2,9,12,8.33333333333333,3
"RP11-142M10.2",1,0,7,8,12.5,1
"RP11-144N1.1",1,0,26,27,3.7037037037037,1
"RP11-148K1.10",1,0,7,8,12.5,1
"RP11-148K1.12",1,0,9,10,10,1
"RP11-14J7.6",1,0,9,10,10,1
"RP11-152H18.3",1,1,20,22,4.54545454545455,2
"RP11-152H18.4",1,0,17,18,5.55555555555556,1
"RP11-152N13.5",1,0,10,11,9.09090909090909,1
"RP11-154J22.1",1,0,8,9,11.1111111111111,1
"RP11-157F20.3",1,1,13,15,6.66666666666667,2
"RP11-158I9.5",1,0,10,11,9.09090909090909,1
"RP11-158M2.6",1,0,29,30,3.33333333333333,1
"RP11-158N24.1",1,0,9,10,10,1
"RP11-159F24.3",1,0,11,12,8.33333333333333,1
"RP11-159G9.5",1,0,9,10,10,1
"RP11-159H22.2",1,0,12,13,7.69230769230769,1
"RP11-15A1.7",1,0,7,8,12.5,1
"RP11-161H23.5",1,0,13,14,7.14285714285714,1
"RP11-161H23.9",1,0,13,14,7.14285714285714,1
"RP11-162D16.2",1,0,9,10,10,1
"RP11-163G10.4",1,0,5,6,16.6666666666667,1
"RP11-165A20.3",1,1,9,11,9.09090909090909,2
"RP11-165F24.3",1,0,14,15,6.66666666666667,1
"RP11-165J3.6",1,0,5,6,16.6666666666667,1
"RP11-166B2.8",1,0,6,7,14.2857142857143,1
"RP11-167N4.2",1,0,9,10,10,1
"RP11-16B13.1",1,0,8,9,11.1111111111111,1
"RP11-16C18.3",1,0,0,1,100,1
"RP11-173P15.5",1,0,25,26,3.84615384615385,1
"RP11-173P15.7",1,0,16,17,5.88235294117647,1
"RP11-174G6.5",1,1,7,9,11.1111111111111,2
"RP11-175D17.3",1,0,9,10,10,1
"RP11-175K6.1",1,0,10,11,9.09090909090909,1
"RP11-179B2.2",1,0,14,15,6.66666666666667,1
"RP11-180M15.5",1,0,8,9,11.1111111111111,1
"RP11-182N22.8",1,1,16,18,5.55555555555556,2
"RP11-186N15.3",1,0,20,21,4.76190476190476,1
"RP11-187E13.1",1,0,9,10,10,1
"RP11-18H7.1",1,0,14,15,6.66666666666667,1
"RP11-191G24.1",1,2,14,17,5.88235294117647,3
"RP11-195C7.1",1,2,3,6,16.6666666666667,3
"RP11-195M16.1",1,0,9,10,10,1
"RP11-196G11.1",1,0,8,9,11.1111111111111,1
"RP11-196G11.4",1,0,16,17,5.88235294117647,1
"RP11-196H14.2",1,1,9,11,9.09090909090909,2
"RP11-197P3.4",1,1,4,6,16.6666666666667,2
"RP11-1C8.6",1,0,15,16,6.25,1
"RP11-1H15.2",1,0,9,10,10,1
"RP11-201K10.3",1,0,6,7,14.2857142857143,1
"RP11-202G11.2",1,0,12,13,7.69230769230769,1
"RP11-203J24.8",1,0,7,8,12.5,1
"RP11-204L24.2",1,0,9,10,10,1
"RP11-209D14.2",1,1,25,27,3.7037037037037,2
"RP11-20B24.3",1,0,5,6,16.6666666666667,1
"RP11-20B24.4",1,0,7,8,12.5,1
"RP11-20B24.7",1,0,7,8,12.5,1
"RP11-20D14.3",1,0,8,9,11.1111111111111,1
"RP11-20J15.3",1,1,22,24,4.16666666666667,2
"RP11-210M15.1",1,0,1,2,50,1
"RP11-212D19.4",1,0,7,8,12.5,1
"RP11-214N9.1",1,0,13,14,7.14285714285714,1
"RP11-215P8.1",1,0,4,5,20,1
"RP11-215P8.3",1,0,17,18,5.55555555555556,1
"RP11-216N14.8",1,0,26,27,3.7037037037037,1
"RP11-216N14.9",1,0,26,27,3.7037037037037,1
"RP11-219B4.6",1,1,13,15,6.66666666666667,2
"RP11-21C4.1",1,0,2,3,33.3333333333333,1
"RP11-227F19.5",1,0,8,9,11.1111111111111,1
"RP11-22N19.2",1,1,8,10,10,2
"RP11-233G1.4",1,1,12,14,7.14285714285714,2
"RP11-241G9.3",1,0,10,11,9.09090909090909,1
"RP11-244H3.1",1,0,8,9,11.1111111111111,1
"RP11-245J9.4",1,0,46,47,2.12765957446809,1
"RP11-247A12.1",1,0,0,1,100,1
"RP11-24J19.1",1,0,1,2,50,1
"RP11-259N19.1",1,0,21,22,4.54545454545455,1
"RP11-25B7.1",1,0,8,9,11.1111111111111,1
"RP11-25C19.3",1,0,9,10,10,1
"RP11-263K19.4",1,0,6,7,14.2857142857143,1
"RP11-264F23.1",1,0,11,12,8.33333333333333,1
"RP11-266L9.1",1,0,14,15,6.66666666666667,1
"RP11-268J15.5",1,0,9,10,10,1
"RP11-268P4.4",1,0,22,23,4.34782608695652,1
"RP11-274B18.4",1,0,18,19,5.26315789473684,1
"RP11-274H2.2",1,4,10,15,6.66666666666667,5
"RP11-274H2.3",1,4,7,12,8.33333333333333,5
"RP11-274J16.5",1,0,4,5,20,1
"RP11-276H7.3",1,0,4,5,20,1
"RP11-280O1.2",1,0,4,5,20,1
"RP11-284F21.7",1,0,9,10,10,1
"RP11-284M14.1",1,1,25,27,3.7037037037037,2
"RP11-285G1.9",1,0,12,13,7.69230769230769,1
"RP11-286H14.8",1,1,8,10,10,2
"RP11-286O18.1",1,0,0,1,100,1
"RP11-290D2.6",1,0,3,4,25,1
"RP11-290F24.6",1,0,4,5,20,1
"RP11-293I14.2",1,0,12,13,7.69230769230769,1
"RP11-293P20.4",1,0,2,3,33.3333333333333,1
"RP11-295G20.2",1,0,9,10,10,1
"RP11-298J20.3",1,0,0,1,100,1
"RP11-299G20.2",1,2,32,35,2.85714285714286,3
"RP11-29H23.7",1,0,8,9,11.1111111111111,1
"RP11-2E11.10",1,0,23,24,4.16666666666667,1
"RP11-2E11.5",1,0,23,24,4.16666666666667,1
"RP11-301O19.1",1,0,18,19,5.26315789473684,1
"RP11-303E16.3",1,0,1,2,50,1
"RP11-306I1.1",1,0,4,5,20,1
"RP11-307C12.12",1,0,9,10,10,1
"RP11-307C12.13",1,0,2,3,33.3333333333333,1
"RP11-307C19.3",1,0,5,6,16.6666666666667,1
"RP11-313A24.1",1,0,8,9,11.1111111111111,1
"RP11-313D6.3",1,1,17,19,5.26315789473684,2
"RP11-315D16.4",1,0,3,4,25,1
"RP11-315O6.1",1,1,34,36,2.77777777777778,2
"RP11-318G8.1",1,0,10,11,9.09090909090909,1
"RP11-319G6.1",1,0,7,8,12.5,1
"RP11-320N21.2",1,0,19,20,5,1
"RP11-322L20.1",1,0,12,13,7.69230769230769,1
"RP11-324E6.4",1,0,0,1,100,1
"RP11-324E6.9",1,0,0,1,100,1
"RP11-324I22.2",1,0,9,10,10,1
"RP11-326F20.5",1,1,22,24,4.16666666666667,2
"RP11-328K22.1",1,0,4,5,20,1
"RP11-331F9.4",1,0,2,3,33.3333333333333,1
"RP11-332H14.1",1,0,3,4,25,1
"RP11-333E13.4",1,0,6,7,14.2857142857143,1
"RP11-335O13.7",1,0,9,10,10,1
"RP11-335O13.8",1,0,15,16,6.25,1
"RP11-335O4.3",1,1,12,14,7.14285714285714,2
"RP11-338E21.1",1,0,25,26,3.84615384615385,1
"RP11-339B21.8",1,0,1,2,50,1
"RP11-33I11.2",1,0,9,10,10,1
"RP11-33N16.3",1,0,4,5,20,1
"RP11-343H5.6",1,0,4,5,20,1
"RP11-343P9.1",1,1,8,10,10,2
"RP11-347C18.3",1,0,23,24,4.16666666666667,1
"RP11-348H3.4",1,0,3,4,25,1
"RP11-348H3.5",1,0,3,4,25,1
"RP11-349G13.2",1,0,3,4,25,1
"RP11-34F13.2",1,0,9,10,10,1
"RP11-34F13.3",1,0,9,10,10,1
"RP11-350N15.3",1,0,17,18,5.55555555555556,1
"RP11-350N15.4",1,1,26,28,3.57142857142857,2
"RP11-351I24.1",1,0,28,29,3.44827586206897,1
"RP11-352D3.2",1,0,10,11,9.09090909090909,1
"RP11-353N14.2",1,0,7,8,12.5,1
"RP11-353N14.3",1,0,7,8,12.5,1
"RP11-359B12.2",1,0,11,12,8.33333333333333,1
"RP11-359D14.2",1,0,21,22,4.54545454545455,1
"RP11-359I18.5",1,0,2,3,33.3333333333333,1
"RP11-359M6.1",1,0,9,10,10,1
"RP11-360I20.2",1,0,16,17,5.88235294117647,1
"RP11-360P21.2",1,1,44,46,2.17391304347826,2
"RP11-361L15.4",1,0,4,5,20,1
"RP11-361M10.4",1,0,2,3,33.3333333333333,1
"RP11-363E6.3",1,3,15,19,5.26315789473684,4
"RP11-366L20.3",1,0,0,1,100,1
"RP11-367G6.3",1,0,8,9,11.1111111111111,1
"RP11-367N14.2",1,0,4,5,20,1
"RP11-36B15.1",1,0,7,8,12.5,1
"RP11-36N20.1",1,0,5,6,16.6666666666667,1
"RP11-371A19.2",1,0,6,7,14.2857142857143,1
"RP11-377G16.2",1,0,10,11,9.09090909090909,1
"RP11-379C10.1",1,0,2,3,33.3333333333333,1
"RP11-379C10.4",1,0,6,7,14.2857142857143,1
"RP11-379F12.3",1,2,3,6,16.6666666666667,3
"RP11-379F12.4",1,2,3,6,16.6666666666667,3
"RP11-37E23.5",1,0,15,16,6.25,1
"RP11-383C5.4",1,0,11,12,8.33333333333333,1
"RP11-383C5.5",1,0,11,12,8.33333333333333,1
"RP11-384O8.1",1,0,18,19,5.26315789473684,1
"RP11-385N23.1",1,3,7,11,9.09090909090909,4
"RP11-387D10.2",1,0,15,16,6.25,1
"RP11-392B6.1",1,0,1,2,50,1
"RP11-392C20.1",1,0,2,3,33.3333333333333,1
"RP11-392P7.6",1,0,8,9,11.1111111111111,1
"RP11-392P7.7",1,0,8,9,11.1111111111111,1
"RP11-395B7.7",1,0,4,5,20,1
"RP11-395P17.11",1,0,0,1,100,1
"RP11-395P17.3",1,0,0,1,100,1
"RP11-399E6.4",1,0,1,2,50,1
"RP11-401F2.2",1,0,1,2,50,1
"RP11-401F2.3",1,0,1,2,50,1
"RP11-401P9.6",1,0,9,10,10,1
"RP11-403P17.2",1,3,15,19,5.26315789473684,4
"RP11-407N17.3",1,1,11,13,7.69230769230769,2
"RP11-409K20.6",1,0,6,7,14.2857142857143,1
"RP11-40H20.4",1,0,2,3,33.3333333333333,1
"RP11-411K7.1",1,0,1,2,50,1
"RP11-413M3.4",1,0,3,4,25,1
"RP11-420L9.2",1,0,18,19,5.26315789473684,1
"RP11-420L9.5",1,0,18,19,5.26315789473684,1
"RP11-421L21.2",1,0,21,22,4.54545454545455,1
"RP11-425A23.1",1,0,5,6,16.6666666666667,1
"RP11-426L16.10",1,0,15,16,6.25,1
"RP11-426L16.9",1,0,15,16,6.25,1
"RP11-429B14.3",1,0,10,11,9.09090909090909,1
"RP11-429P3.3",1,0,29,30,3.33333333333333,1
"RP11-433J22.2",1,2,27,30,3.33333333333333,3
"RP11-433J22.3",1,4,24,29,3.44827586206897,5
"RP11-435D7.3",1,0,8,9,11.1111111111111,1
"RP11-436D10.3",1,1,27,29,3.44827586206897,2
"RP11-436I24.1",1,0,19,20,5,1
"RP11-439C15.4",1,0,3,4,25,1
"RP11-439C15.5",1,0,3,4,25,1
"RP11-439L18.3",1,0,6,7,14.2857142857143,1
"RP11-442H21.2",1,0,5,6,16.6666666666667,1
"RP11-445L13__B.3",1,0,0,1,100,1
"RP11-448G15.1",1,0,7,8,12.5,1
"RP11-44K6.3",1,0,12,13,7.69230769230769,1
"RP11-44K6.5",1,0,12,13,7.69230769230769,1
"RP11-44M6.3",1,0,14,15,6.66666666666667,1
"RP11-44N11.2",1,0,9,10,10,1
"RP11-44N11.3",1,0,9,10,10,1
"RP11-452F19.3",1,0,10,11,9.09090909090909,1
"RP11-452H21.2",1,0,37,38,2.63157894736842,1
"RP11-455G16.1",1,0,10,11,9.09090909090909,1
"RP11-456K23.1",1,0,11,12,8.33333333333333,1
"RP11-459F6.1",1,0,3,4,25,1
"RP11-459F6.3",1,0,1,2,50,1
"RP11-463D19.2",1,0,32,33,3.03030303030303,1
"RP11-463O9.5",1,1,30,32,3.125,2
"RP11-463P17.3",1,0,25,26,3.84615384615385,1
"RP11-466A17.1",1,1,14,16,6.25,2
"RP11-466F5.8",1,0,17,18,5.55555555555556,1
"RP11-467D6.1",1,0,9,10,10,1
"RP11-468E2.2",1,0,33,34,2.94117647058824,1
"RP11-469H8.6",1,0,7,8,12.5,1
"RP11-469H8.8",1,0,6,7,14.2857142857143,1
"RP11-469L4.1",1,0,18,19,5.26315789473684,1
"RP11-46J23.1",1,0,9,10,10,1
"RP11-473M20.11",1,0,3,4,25,1
"RP11-473M20.5",1,0,1,2,50,1
"RP11-473M20.7",1,0,1,2,50,1
"RP11-474N24.6",1,0,11,12,8.33333333333333,1
"RP11-474N8.5",1,0,17,18,5.55555555555556,1
"RP11-47I22.4",1,0,37,38,2.63157894736842,1
"RP11-483I13.5",1,0,4,5,20,1
"RP11-485G7.5",1,0,15,16,6.25,1
"RP11-485G7.6",1,0,15,16,6.25,1
"RP11-493L12.5",1,0,3,4,25,1
"RP11-493L12.6",1,0,3,4,25,1
"RP11-493P1.2",1,0,8,9,11.1111111111111,1
"RP11-495O11.1",1,1,11,13,7.69230769230769,2
"RP11-498C9.12",1,0,6,7,14.2857142857143,1
"RP11-498C9.13",1,0,6,7,14.2857142857143,1
"RP11-49G10.3",1,0,3,4,25,1
"RP11-505P4.6",1,0,24,25,4,1
"RP11-506B6.5",1,0,7,8,12.5,1
"RP11-506O24.1",1,2,16,19,5.26315789473684,3
"RP11-50E11.2",1,1,32,34,2.94117647058824,2
"RP11-50E11.3",1,1,32,34,2.94117647058824,2
"RP11-511B23.3",1,0,4,5,20,1
"RP11-511I2.2",1,1,3,5,20,2
"RP11-514O12.4",1,0,12,13,7.69230769230769,1
"RP11-516C1.1",1,0,4,5,20,1
"RP11-517P14.2",1,0,7,8,12.5,1
"RP11-51J9.4",1,0,12,13,7.69230769230769,1
"RP11-522M21.3",1,1,5,7,14.2857142857143,2
"RP11-523O18.1",1,0,15,16,6.25,1
"RP11-524O1.4",1,0,8,9,11.1111111111111,1
"RP11-525G13.2",1,0,7,8,12.5,1
"RP11-52M17.1",1,0,12,13,7.69230769230769,1
"RP11-530C5.1",1,0,15,16,6.25,1
"RP11-530C5.2",1,0,7,8,12.5,1
"RP11-532F12.5",1,0,3,4,25,1
"RP11-535A19.1",1,0,1,2,50,1
"RP11-536K7.3",1,0,7,8,12.5,1
"RP11-539L10.2",1,0,6,7,14.2857142857143,1
"RP11-539L10.3",1,0,35,36,2.77777777777778,1
"RP11-544I20.2",1,0,9,10,10,1
"RP11-545E17.3",1,0,2,3,33.3333333333333,1
"RP11-545P7.4",1,0,26,27,3.7037037037037,1
"RP11-547D24.1",1,0,2,3,33.3333333333333,1
"RP11-549B18.1",1,0,7,8,12.5,1
"RP11-54O7.1",1,0,0,1,100,1
"RP11-54O7.16",1,0,0,1,100,1
"RP11-552D8.1",1,0,8,9,11.1111111111111,1
"RP11-552F3.12",1,0,18,19,5.26315789473684,1
"RP11-553A21.3",1,0,22,23,4.34782608695652,1
"RP11-554J4.1",1,0,8,9,11.1111111111111,1
"RP11-556I14.1",1,1,20,22,4.54545454545455,2
"RP11-560J1.2",1,0,15,16,6.25,1
"RP11-561E1.1",1,2,14,17,5.88235294117647,3
"RP11-563E2.2",1,0,14,15,6.66666666666667,1
"RP11-566J3.2",1,0,6,7,14.2857142857143,1
"RP11-567M16.3",1,0,3,4,25,1
"RP11-571L19.7",1,1,36,38,2.63157894736842,2
"RP11-573D15.3",1,0,9,10,10,1
"RP11-574O7.1",1,0,1,2,50,1
"RP11-57A19.2",1,0,8,9,11.1111111111111,1
"RP11-57H12.3",1,1,13,15,6.66666666666667,2
"RP11-589C21.5",1,0,18,19,5.26315789473684,1
"RP11-589P10.5",1,0,2,3,33.3333333333333,1
"RP11-58A11.2",1,0,2,3,33.3333333333333,1
"RP11-58E21.3",1,1,22,24,4.16666666666667,2
"RP11-58E21.5",1,2,32,35,2.85714285714286,3
"RP11-58E21.7",1,2,32,35,2.85714285714286,3
"RP11-597D13.9",1,1,5,7,14.2857142857143,2
"RP11-59O6.3",1,0,7,8,12.5,1
"RP11-5P18.5",1,0,14,15,6.66666666666667,1
"RP11-602M11.3",1,0,4,5,20,1
"RP11-603J24.14",1,0,7,8,12.5,1
"RP11-603J24.5",1,0,11,12,8.33333333333333,1
"RP11-603J24.9",1,0,9,10,10,1
"RP11-60I3.5",1,0,18,19,5.26315789473684,1
"RP11-611E13.2",1,1,9,11,9.09090909090909,2
"RP11-612J15.3",1,0,7,8,12.5,1
"RP11-61E11.1",1,0,22,23,4.34782608695652,1
"RP11-61J19.4",1,0,9,10,10,1
"RP11-621L6.3",1,0,4,5,20,1
"RP11-624M8.1",1,3,19,23,4.34782608695652,4
"RP11-625L16.3",1,2,10,13,7.69230769230769,3
"RP11-629O1.2",1,0,13,14,7.14285714285714,1
"RP11-635L1.3",1,1,15,17,5.88235294117647,2
"RP11-638I2.2",1,0,10,11,9.09090909090909,1
"RP11-63K6.7",1,0,28,29,3.44827586206897,1
"RP11-63L7.5",1,0,12,13,7.69230769230769,1
"RP11-642D21.2",1,0,1,2,50,1
"RP11-642P15.1",1,0,15,16,6.25,1
"RP11-643M14.1",1,0,5,6,16.6666666666667,1
"RP11-644F5.10",1,0,2,3,33.3333333333333,1
"RP11-644F5.11",1,0,9,10,10,1
"RP11-644F5.12",1,0,9,10,10,1
"RP11-649A18.7",1,0,9,10,10,1
"RP11-659E9.4",1,1,26,28,3.57142857142857,2
"RP11-65D24.2",1,1,19,21,4.76190476190476,2
"RP11-664D1.1",1,0,3,4,25,1
"RP11-665J16.1",1,0,5,6,16.6666666666667,1
"RP11-66B24.4",1,2,18,21,4.76190476190476,3
"RP11-672A2.4",1,0,1,2,50,1
"RP11-674I16.1",1,0,14,15,6.66666666666667,1
"RP11-674N23.1",1,2,12,15,6.66666666666667,3
"RP11-679C8.2",1,1,13,15,6.66666666666667,2
"RP11-680B3.2",1,2,18,21,4.76190476190476,3
"RP11-685N10.1",1,0,9,10,10,1
"RP11-692N5.1",1,1,8,10,10,2
"RP11-693J15.4",1,0,1,2,50,1
"RP11-695J4.2",1,0,1,2,50,1
"RP11-697E22.2",1,0,2,3,33.3333333333333,1
"RP11-6N17.4",1,0,9,10,10,1
"RP11-708J19.1",1,0,5,6,16.6666666666667,1
"RP11-719J20.1",1,2,5,8,12.5,3
"RP11-724M22.1",1,1,7,9,11.1111111111111,2
"RP11-727F15.9",1,0,8,9,11.1111111111111,1
"RP11-728F11.4",1,1,30,32,3.125,2
"RP11-731C17.1",1,0,11,12,8.33333333333333,1
"RP11-732A19.1",1,0,11,12,8.33333333333333,1
"RP11-732A19.9",1,0,19,20,5,1
"RP11-732M18.2",1,0,11,12,8.33333333333333,1
"RP11-736K20.5",1,0,4,5,20,1
"RP11-739L10.1",1,0,5,6,16.6666666666667,1
"RP11-73M18.9",1,0,14,15,6.66666666666667,1
"RP11-73M7.6",1,0,13,14,7.14285714285714,1
"RP11-73M7.9",1,0,8,9,11.1111111111111,1
"RP11-74C1.2",1,0,27,28,3.57142857142857,1
"RP11-74C13.3",1,0,9,10,10,1
"RP11-762I7.4",1,0,1,2,50,1
"RP11-768F21.1",1,0,5,6,16.6666666666667,1
"RP11-76N22.2",1,0,3,4,25,1
"RP11-77H9.6",1,0,18,19,5.26315789473684,1
"RP11-77K12.7",1,0,2,3,33.3333333333333,1
"RP11-783K16.10",1,0,2,3,33.3333333333333,1
"RP11-783K16.13",1,0,2,3,33.3333333333333,1
"RP11-783K16.14",1,0,2,3,33.3333333333333,1
"RP11-783K16.5",1,0,2,3,33.3333333333333,1
"RP11-793H13.11",1,0,16,17,5.88235294117647,1
"RP11-794P6.6",1,0,0,1,100,1
"RP11-799D4.4",1,0,6,7,14.2857142857143,1
"RP11-79P5.5",1,0,3,4,25,1
"RP11-7F18.2",1,0,8,9,11.1111111111111,1
"RP11-800A3.2",1,0,2,3,33.3333333333333,1
"RP11-804A23.2",1,0,13,14,7.14285714285714,1
"RP11-806H10.4",1,1,19,21,4.76190476190476,2
"RP11-809H16.2",1,0,6,7,14.2857142857143,1
"RP11-809N8.4",1,0,8,9,11.1111111111111,1
"RP11-80H5.2",1,0,1,2,50,1
"RP11-80H5.5",1,0,1,2,50,1
"RP11-817J15.3",1,0,9,10,10,1
"RP11-81A22.5",1,0,3,4,25,1
"RP11-830F9.6",1,0,21,22,4.54545454545455,1
"RP11-830F9.7",1,0,21,22,4.54545454545455,1
"RP11-834C11.12",1,0,15,16,6.25,1
"RP11-834C11.14",1,0,11,12,8.33333333333333,1
"RP11-839D17.3",1,0,13,14,7.14285714285714,1
"RP11-83J21.3",1,0,3,4,25,1
"RP11-84A14.5",1,0,5,6,16.6666666666667,1
"RP11-84C13.1",1,0,3,4,25,1
"RP11-84D1.1",1,0,11,12,8.33333333333333,1
"RP11-84G21.1",1,0,8,9,11.1111111111111,1
"RP11-856F16.2",1,0,1,2,50,1
"RP11-85A1.3",1,0,5,6,16.6666666666667,1
"RP11-867G23.10",1,0,11,12,8.33333333333333,1
"RP11-867G23.9",1,0,7,8,12.5,1
"RP11-867O8.5",1,0,9,10,10,1
"RP11-872J21.3",1,0,9,10,10,1
"RP11-87C12.2",1,0,0,1,100,1
"RP11-893F2.9",1,0,10,11,9.09090909090909,1
"RP11-894P9.2",1,0,0,1,100,1
"RP11-902B17.1",1,0,11,12,8.33333333333333,1
"RP11-909N17.2",1,0,1,2,50,1
"RP11-909N17.3",1,0,1,2,50,1
"RP11-90K17.2",1,0,13,14,7.14285714285714,1
"RP11-91K11.2",1,0,4,5,20,1
"RP11-93B14.5",1,0,10,11,9.09090909090909,1
"RP11-93B14.6",1,0,3,4,25,1
"RP11-93K22.6",1,0,0,1,100,1
"RP11-944C7.1",1,0,4,5,20,1
"RP11-946L16.1",1,0,18,19,5.26315789473684,1
"RP11-94C24.8",1,0,22,23,4.34782608695652,1
"RP11-96C23.15",1,0,5,6,16.6666666666667,1
"RP11-96C23.5",1,0,5,6,16.6666666666667,1
"RP11-96D1.11",1,0,10,11,9.09090909090909,1
"RP11-96D1.6",1,0,10,11,9.09090909090909,1
"RP11-96D1.7",1,0,4,5,20,1
"RP11-973D8.4",1,0,8,9,11.1111111111111,1
"RP11-977B10.2",1,0,9,10,10,1
"RP11-977G19.11",1,0,10,11,9.09090909090909,1
"RP11-977G19.12",1,0,18,19,5.26315789473684,1
"RP11-982M15.6",1,0,0,1,100,1
"RP11-982M15.8",1,0,0,1,100,1
"RP11-98D18.16",1,0,30,31,3.2258064516129,1
"RP11-98D18.2",1,0,30,31,3.2258064516129,1
"RP11-98I9.4",1,1,2,4,25,2
"RP11-993B23.3",1,0,10,11,9.09090909090909,1
"RP11-996F15.2",1,0,10,11,9.09090909090909,1
"RP11-998D10.1",1,0,27,28,3.57142857142857,1
"RP13-143G15.4",1,0,5,6,16.6666666666667,1
"RP13-16H11.5",1,0,2,3,33.3333333333333,1
"RP13-235E23.1",1,0,9,10,10,1
"RP13-270P17.3",1,0,11,12,8.33333333333333,1
"RP13-582O9.7",1,0,1,2,50,1
"RP13-766D20.1",1,0,10,11,9.09090909090909,1
"RP13-766D20.2",1,0,12,13,7.69230769230769,1
"RP1L1",1,0,15,16,6.25,1
"RP3-340N1.2",1,0,9,10,10,1
"RP3-365O12.2",1,0,3,4,25,1
"RP3-395M20.2",1,0,7,8,12.5,1
"RP3-395M20.3",1,0,7,8,12.5,1
"RP3-402G11.26",1,0,3,4,25,1
"RP3-402G11.27",1,0,3,4,25,1
"RP3-402G11.28",1,0,3,4,25,1
"RP3-416H24.4",1,0,33,34,2.94117647058824,1
"RP3-416J7.5",1,0,7,8,12.5,1
"RP3-417L20.4",1,2,5,8,12.5,3
"RP3-423B22.5",1,0,5,6,16.6666666666667,1
"RP3-425P12.5",1,0,8,9,11.1111111111111,1
"RP3-455J7.4",1,0,2,3,33.3333333333333,1
"RP3-461P17.9",1,0,2,3,33.3333333333333,1
"RP3-467N11.1",1,0,4,5,20,1
"RP3-486I3.4",1,1,15,17,5.88235294117647,2
"RP3-486I3.5",1,0,8,9,11.1111111111111,1
"RP3-486I3.7",1,1,15,17,5.88235294117647,2
"RP3-510L9.1",1,0,22,23,4.34782608695652,1
"RP3-522P13.1",1,3,46,50,2,4
"RP3-522P13.3",1,3,46,50,2,4
"RP4-533D7.4",1,0,12,13,7.69230769230769,1
"RP4-555D20.2",1,0,6,7,14.2857142857143,1
"RP4-559A3.6",1,1,20,22,4.54545454545455,2
"RP4-559A3.7",1,1,20,22,4.54545454545455,2
"RP4-561L24.3",1,0,25,26,3.84615384615385,1
"RP4-583P15.14",1,0,12,13,7.69230769230769,1
"RP4-593H12.1",1,1,5,7,14.2857142857143,2
"RP4-594I10.3",1,0,4,5,20,1
"RP4-607I7.1",1,2,6,9,11.1111111111111,3
"RP4-620F22.2",1,0,5,6,16.6666666666667,1
"RP4-639F20.1",1,0,11,12,8.33333333333333,1
"RP4-647C14.3",1,0,12,13,7.69230769230769,1
"RP4-651E10.4",1,0,3,4,25,1
"RP4-657D16.3",1,0,6,7,14.2857142857143,1
"RP4-669P10.16",1,0,6,7,14.2857142857143,1
"RP4-676L2.1",1,1,44,46,2.17391304347826,2
"RP4-680D5.9",1,0,7,8,12.5,1
"RP4-682C21.5",1,1,15,17,5.88235294117647,2
"RP4-717I23.3",1,0,5,6,16.6666666666667,1
"RP4-736L20.3",1,0,2,3,33.3333333333333,1
"RP4-753F5.1",1,0,15,16,6.25,1
"RP4-758J18.10",1,0,2,3,33.3333333333333,1
"RP4-761J14.9",1,1,7,9,11.1111111111111,2
"RP4-796I17.5",1,0,8,9,11.1111111111111,1
"RP4-811H24.9",1,0,3,4,25,1
"RP4-816N1.7",1,0,0,1,100,1
"RP5-1021I20.4",1,1,4,6,16.6666666666667,2
"RP5-1033H22.2",1,0,6,7,14.2857142857143,1
"RP5-1041C10.3",1,0,14,15,6.66666666666667,1
"RP5-1050D4.2",1,0,7,8,12.5,1
"RP5-1050D4.3",1,0,7,8,12.5,1
"RP5-1050D4.4",1,0,3,4,25,1
"RP5-1050D4.5",1,0,3,4,25,1
"RP5-1057I20.2",1,0,8,9,11.1111111111111,1
"RP5-1065J22.8",1,0,10,11,9.09090909090909,1
"RP5-1077B9.5",1,0,11,12,8.33333333333333,1
"RP5-1097F14.3",1,0,1,2,50,1
"RP5-1104E15.6",1,0,0,1,100,1
"RP5-1119A7.10",1,1,33,35,2.85714285714286,2
"RP5-1160K1.6",1,0,23,24,4.16666666666667,1
"RP5-1178H5.2",1,0,0,1,100,1
"RP5-827C21.1",1,0,0,1,100,1
"RP5-827C21.2",1,0,0,1,100,1
"RP5-827C21.4",1,0,1,2,50,1
"RP5-827C21.6",1,0,1,2,50,1
"RP5-850O15.3",1,0,3,4,25,1
"RP5-862P8.3",1,0,3,4,25,1
"RP5-864K19.4",1,0,15,16,6.25,1
"RP5-875H18.4",1,0,0,1,100,1
"RP5-882C2.2",1,0,7,8,12.5,1
"RP5-882O7.4",1,0,15,16,6.25,1
"RP5-890E16.2",1,0,4,5,20,1
"RP5-890O3.9",1,0,16,17,5.88235294117647,1
"RP5-915N17.3",1,2,12,15,6.66666666666667,3
"RP5-943J3.2",1,0,17,18,5.55555555555556,1
"RP5-955M13.4",1,0,10,11,9.09090909090909,1
"RP5-956O18.2",1,0,6,7,14.2857142857143,1
"RP5-956O18.3",1,1,10,12,8.33333333333333,2
"RP5-966M1.6",1,0,9,10,10,1
"RP5-971N18.3",1,0,7,8,12.5,1
"RP5-977B1.11",1,0,1,2,50,1
"RP5-991C6.2",1,0,21,22,4.54545454545455,1
"RP5-994D16.9",1,0,1,2,50,1
"RPA1",1,0,8,9,11.1111111111111,1
"RPAP2",1,0,3,4,25,1
"RPL12P3",1,0,2,3,33.3333333333333,1
"RPL17-C18orf32",1,0,5,6,16.6666666666667,1
"RPL18",1,0,3,4,25,1
"RPL21",1,0,2,3,33.3333333333333,1
"RPL21P2",1,0,10,11,9.09090909090909,1
"RPL27A",1,1,28,30,3.33333333333333,2
"RPL29",1,0,23,24,4.16666666666667,1
"RPL3",1,0,9,10,10,1
"RPL30P11",1,1,5,7,14.2857142857143,2
"RPL31",1,0,18,19,5.26315789473684,1
"RPL31P13",1,0,1,2,50,1
"RPL31P52",1,0,10,11,9.09090909090909,1
"RPL32P1",1,0,5,6,16.6666666666667,1
"RPL35",1,0,5,6,16.6666666666667,1
"RPL38",1,0,2,3,33.3333333333333,1
"RPL39L",1,0,6,7,14.2857142857143,1
"RPL39P25",1,0,0,1,100,1
"RPL39P38",1,0,2,3,33.3333333333333,1
"RPL7L1P5",1,0,2,3,33.3333333333333,1
"RPL7L1P9",1,0,4,5,20,1
"RPL9P31",1,0,1,2,50,1
"RPP14",1,0,16,17,5.88235294117647,1
"RPP25L",1,0,5,6,16.6666666666667,1
"RPP40",1,0,5,6,16.6666666666667,1
"RPRD1B",1,0,17,18,5.55555555555556,1
"RPS12P20",1,0,4,5,20,1
"RPS13",1,2,27,30,3.33333333333333,3
"RPS19BP1",1,0,3,4,25,1
"RPS2",1,1,4,6,16.6666666666667,2
"RPS23P1",1,0,8,9,11.1111111111111,1
"RPS24",1,0,10,11,9.09090909090909,1
"RPS26P52",1,0,41,42,2.38095238095238,1
"RPS27L",1,0,1,2,50,1
"RPS29",1,1,6,8,12.5,2
"RPS6KA5",1,1,10,12,8.33333333333333,2
"RQCD1",1,0,20,21,4.76190476190476,1
"RRAD",1,0,3,4,25,1
"RRAGC",1,0,15,16,6.25,1
"RRAGD",1,0,14,15,6.66666666666667,1
"RRH",1,0,10,11,9.09090909090909,1
"RRM2B",1,0,12,13,7.69230769230769,1
"RRP36",1,0,0,1,100,1
"RSG1",1,0,18,19,5.26315789473684,1
"RSL1D1",1,0,6,7,14.2857142857143,1
"RSL24D1",1,0,32,33,3.03030303030303,1
"RSPH3",1,2,8,11,9.09090909090909,3
"RTN4R",1,0,6,7,14.2857142857143,1
"RUFY1",1,0,0,1,100,1
"RUFY3",1,0,9,10,10,1
"RUNDC3A",1,1,2,4,25,2
"RUNX1",1,0,14,15,6.66666666666667,1
"RUNX3",1,0,11,12,8.33333333333333,1
"RUSC2",1,0,2,3,33.3333333333333,1
"RWDD3",1,1,13,15,6.66666666666667,2
"RXFP2",1,0,5,6,16.6666666666667,1
"RXRB",1,0,7,8,12.5,1
"RYK",1,1,14,16,6.25,2
"S100A1",1,0,18,19,5.26315789473684,1
"S100A10",1,0,7,8,12.5,1
"S100A13",1,0,18,19,5.26315789473684,1
"S100B",1,0,1,2,50,1
"S100P",1,0,6,7,14.2857142857143,1
"S100Z",1,0,0,1,100,1
"SAAL1",1,0,4,5,20,1
"SACM1L",1,0,3,4,25,1
"SAMD13",1,1,30,32,3.125,2
"SAMD3",1,0,12,13,7.69230769230769,1
"SAMM50",1,0,14,15,6.66666666666667,1
"SAMSN1",1,0,12,13,7.69230769230769,1
"SAP25",1,0,14,15,6.66666666666667,1
"SAPCD1",1,0,15,16,6.25,1
"SAPCD1-AS1",1,0,15,16,6.25,1
"SARM1",1,0,0,1,100,1
"SARNP",1,0,17,18,5.55555555555556,1
"SART3",1,0,7,8,12.5,1
"SBK1",1,0,8,9,11.1111111111111,1
"SBK2",1,0,3,4,25,1
"SBK3",1,0,3,4,25,1
"SBNO2",1,0,7,8,12.5,1
"SCAF8",1,0,17,18,5.55555555555556,1
"SCAMP3",1,0,8,9,11.1111111111111,1
"SCARB1",1,0,12,13,7.69230769230769,1
"SCARB2",1,0,17,18,5.55555555555556,1
"SCARNA1",1,0,9,10,10,1
"SCARNA11.3",1,0,6,7,14.2857142857143,1
"SCARNA20",1,0,8,9,11.1111111111111,1
"SCARNA20.4",1,0,25,26,3.84615384615385,1
"SCARNA6",1,0,18,19,5.26315789473684,1
"SCARNA8",1,0,5,6,16.6666666666667,1
"SCFD1",1,0,4,5,20,1
"SCHIP1",1,0,4,5,20,1
"SCN1B",1,0,6,7,14.2857142857143,1
"SCN8A",1,0,0,1,100,1
"SCNN1A",1,0,2,3,33.3333333333333,1
"SCNN1B",1,0,0,1,100,1
"SCPEP1",1,0,3,4,25,1
"SCRN2",1,0,9,10,10,1
"SCUBE3",1,0,3,4,25,1
"SCYL1",1,0,0,1,100,1
"SDCCAG3",1,0,8,9,11.1111111111111,1
"SDPR",1,2,15,18,5.55555555555556,3
"SDS",1,0,24,25,4,1
"SDSL",1,0,24,25,4,1
"SEC14L3",1,0,0,1,100,1
"SEC16A",1,0,15,16,6.25,1
"SEC1P",1,0,13,14,7.14285714285714,1
"SEC23IP",1,0,7,8,12.5,1
"SEC31B",1,0,18,19,5.26315789473684,1
"SEC61A2",1,0,6,7,14.2857142857143,1
"SEC61B",1,1,20,22,4.54545454545455,2
"SECISBP2L",1,1,11,13,7.69230769230769,2
"SEL1L",1,0,26,27,3.7037037037037,1
"SELO",1,0,3,4,25,1
"SEMA4A",1,0,20,21,4.76190476190476,1
"SEMA4B",1,0,4,5,20,1
"SEMA4F",1,0,0,1,100,1
"SEMA6A",1,1,4,6,16.6666666666667,2
"SEMA6C",1,0,2,3,33.3333333333333,1
"SEPN1",1,0,18,19,5.26315789473684,1
"SEPT1",1,0,12,13,7.69230769230769,1
"SEPT11",1,0,7,8,12.5,1
"SEPT3",1,0,10,11,9.09090909090909,1
"SEPT8",1,0,5,6,16.6666666666667,1
"SERP1",1,0,10,11,9.09090909090909,1
"SERP2",1,0,15,16,6.25,1
"SERPINB13",1,1,16,18,5.55555555555556,2
"SERPINB5",1,1,4,6,16.6666666666667,2
"SERTAD3",1,0,8,9,11.1111111111111,1
"SETBP1",1,0,11,12,8.33333333333333,1
"SETD1A",1,0,13,14,7.14285714285714,1
"SETD4",1,0,2,3,33.3333333333333,1
"SEZ6",1,0,24,25,4,1
"SF3A2",1,0,6,7,14.2857142857143,1
"SF3A3",1,0,5,6,16.6666666666667,1
"SF3B1",1,1,55,57,1.75438596491228,2
"SF3B14",1,0,10,11,9.09090909090909,1
"SFTPC",1,0,2,3,33.3333333333333,1
"SFXN2",1,0,7,8,12.5,1
"SGMS1",1,1,32,34,2.94117647058824,2
"SGPP2",1,0,6,7,14.2857142857143,1
"SGTB",1,2,16,19,5.26315789473684,3
"SH2D4A",1,0,6,7,14.2857142857143,1
"SH2D7",1,0,2,3,33.3333333333333,1
"SH3BGR",1,0,3,4,25,1
"SH3BP5",1,0,11,12,8.33333333333333,1
"SH3D21",1,0,9,10,10,1
"SH3PXD2B",1,0,8,9,11.1111111111111,1
"SHBG",1,0,4,5,20,1
"SHE",1,0,11,12,8.33333333333333,1
"SHPRH",1,0,6,7,14.2857142857143,1
"SHQ1",1,0,13,14,7.14285714285714,1
"SIAH2",1,0,9,10,10,1
"SIAH2-AS1",1,0,9,10,10,1
"SIDT1",1,0,5,6,16.6666666666667,1
"SIDT1-AS1",1,0,4,5,20,1
"SIGLEC12",1,0,3,4,25,1
"SIGLEC15",1,0,7,8,12.5,1
"SIGLEC27P",1,0,3,4,25,1
"SIK1",1,2,15,18,5.55555555555556,3
"SIK2",1,0,27,28,3.57142857142857,1
"SIM1",1,9,21,31,3.2258064516129,10
"SIPA1L3",1,0,10,11,9.09090909090909,1
"SIRT1",1,0,23,24,4.16666666666667,1
"SIRT4",1,0,6,7,14.2857142857143,1
"SIRT7",1,0,6,7,14.2857142857143,1
"SIX5",1,0,1,2,50,1
"SKA1",1,0,6,7,14.2857142857143,1
"SKOR1",1,0,9,10,10,1
"SLA",1,0,27,28,3.57142857142857,1
"SLAMF1",1,0,10,11,9.09090909090909,1
"SLAMF6",1,0,5,6,16.6666666666667,1
"SLAMF7",1,0,6,7,14.2857142857143,1
"SLC11A1",1,0,4,5,20,1
"SLC11A2",1,0,14,15,6.66666666666667,1
"SLC12A2",1,0,6,7,14.2857142857143,1
"SLC12A6",1,2,12,15,6.66666666666667,3
"SLC12A8",1,0,30,31,3.2258064516129,1
"SLC15A2",1,0,14,15,6.66666666666667,1
"SLC15A3",1,1,8,10,10,2
"SLC15A4",1,2,37,40,2.5,3
"SLC16A10",1,0,1,2,50,1
"SLC16A12",1,1,14,16,6.25,2
"SLC16A14",1,0,7,8,12.5,1
"SLC1A3",1,0,5,6,16.6666666666667,1
"SLC1A5",1,0,2,3,33.3333333333333,1
"SLC22A4",1,0,3,4,25,1
"SLC22A5",1,0,1,2,50,1
"SLC24A1",1,0,12,13,7.69230769230769,1
"SLC25A11",1,0,7,8,12.5,1
"SLC25A20P1",1,0,1,2,50,1
"SLC25A24",1,0,4,5,20,1
"SLC25A25",1,0,4,5,20,1
"SLC25A29",1,0,6,7,14.2857142857143,1
"SLC25A37",1,0,13,14,7.14285714285714,1
"SLC25A39",1,1,3,5,20,2
"SLC25A44",1,0,3,4,25,1
"SLC26A10",1,1,14,16,6.25,2
"SLC26A8",1,0,7,8,12.5,1
"SLC27A3",1,0,14,15,6.66666666666667,1
"SLC27A6",1,0,1,2,50,1
"SLC29A1",1,0,17,18,5.55555555555556,1
"SLC29A3",1,0,33,34,2.94117647058824,1
"SLC2A13",1,1,9,11,9.09090909090909,2
"SLC2A4",1,0,8,9,11.1111111111111,1
"SLC2A4RG",1,0,12,13,7.69230769230769,1
"SLC30A2",1,0,12,13,7.69230769230769,1
"SLC34A1",1,0,13,14,7.14285714285714,1
"SLC35A4",1,1,15,17,5.88235294117647,2
"SLC35B3",1,0,0,1,100,1
"SLC35D1",1,0,0,1,100,1
"SLC35E3",1,0,5,6,16.6666666666667,1
"SLC35G2",1,0,11,12,8.33333333333333,1
"SLC35G6",1,0,1,2,50,1
"SLC36A1",1,0,21,22,4.54545454545455,1
"SLC36A4",1,0,21,22,4.54545454545455,1
"SLC39A13",1,0,20,21,4.76190476190476,1
"SLC39A5",1,0,11,12,8.33333333333333,1
"SLC39A7",1,0,7,8,12.5,1
"SLC3A2",1,0,10,11,9.09090909090909,1
"SLC41A2",1,0,13,14,7.14285714285714,1
"SLC45A1",1,3,24,28,3.57142857142857,4
"SLC4A2",1,0,10,11,9.09090909090909,1
"SLC4A5",1,0,9,10,10,1
"SLC5A2",1,0,9,10,10,1
"SLC5A9",1,1,11,13,7.69230769230769,2
"SLC6A18",1,1,10,12,8.33333333333333,2
"SLC6A3",1,1,4,6,16.6666666666667,2
"SLC6A5",1,0,6,7,14.2857142857143,1
"SLC6A7",1,0,1,2,50,1
"SLC7A11",1,4,21,26,3.84615384615385,5
"SLC7A6",1,0,4,5,20,1
"SLC8B1",1,0,13,14,7.14285714285714,1
"SLC9A4",1,0,20,21,4.76190476190476,1
"SLC9A8",1,0,18,19,5.26315789473684,1
"SLC9A9",1,1,6,8,12.5,2
"SLC9B2",1,1,23,25,4,2
"SLCO3A1",1,0,14,15,6.66666666666667,1
"SLCO4A1",1,0,10,11,9.09090909090909,1
"SLFN12L",1,0,27,28,3.57142857142857,1
"SLFN13",1,0,7,8,12.5,1
"SLFN5",1,0,6,7,14.2857142857143,1
"SLMO2",1,0,8,9,11.1111111111111,1
"SMAD2",1,0,10,11,9.09090909090909,1
"SMAP2",1,0,16,17,5.88235294117647,1
"SMARCA2",1,0,5,6,16.6666666666667,1
"SMARCD1",1,0,2,3,33.3333333333333,1
"SMCO1",1,0,20,21,4.76190476190476,1
"SMCO3",1,0,2,3,33.3333333333333,1
"SMEK1",1,0,8,9,11.1111111111111,1
"SMEK2",1,0,8,9,11.1111111111111,1
"SMG6",1,0,27,28,3.57142857142857,1
"SMG7",1,0,11,12,8.33333333333333,1
"SMG7-AS1",1,0,11,12,8.33333333333333,1
"SMIM11",1,0,9,10,10,1
"SMIM12",1,0,3,4,25,1
"SMIM13",1,0,4,5,20,1
"SMIM2",1,0,6,7,14.2857142857143,1
"SMIM2-AS1",1,0,12,13,7.69230769230769,1
"SMPD3",1,0,2,3,33.3333333333333,1
"SMTNL1",1,0,5,6,16.6666666666667,1
"SMYD2",1,0,3,4,25,1
"SMYD4",1,0,8,9,11.1111111111111,1
"SNAI1",1,0,4,5,20,1
"SNAI3",1,0,1,2,50,1
"SNAI3-AS1",1,0,4,5,20,1
"SNAPC3",1,1,8,10,10,2
"SNAPC5",1,0,4,5,20,1
"SNAPIN",1,0,12,13,7.69230769230769,1
"SNCG",1,0,8,9,11.1111111111111,1
"SNHG1",1,0,11,12,8.33333333333333,1
"SNHG12",1,0,7,8,12.5,1
"SNHG16",1,0,4,5,20,1
"SNHG17",1,0,5,6,16.6666666666667,1
"SNHG3",1,0,2,3,33.3333333333333,1
"SNN",1,0,6,7,14.2857142857143,1
"snoR442.3",1,0,7,8,12.5,1
"SNORA1.4",1,0,11,12,8.33333333333333,1
"SNORA10",1,1,2,4,25,2
"SNORA11.4",1,0,5,6,16.6666666666667,1
"SNORA13",1,0,18,19,5.26315789473684,1
"SNORA14A",1,0,10,11,9.09090909090909,1
"SNORA14B",1,0,15,16,6.25,1
"SNORA17.1",1,1,18,20,5,2
"SNORA2.1",1,0,6,7,14.2857142857143,1
"SNORA24.2",1,0,4,5,20,1
"SNORA25.14",1,0,4,5,20,1
"SNORA25.18",1,0,22,23,4.34782608695652,1
"SNORA26",1,0,6,7,14.2857142857143,1
"SNORA26.1",1,0,25,26,3.84615384615385,1
"SNORA26.10",1,0,3,4,25,1
"SNORA26.7",1,0,6,7,14.2857142857143,1
"SNORA27",1,0,2,3,33.3333333333333,1
"SNORA3",1,1,25,27,3.7037037037037,2
"SNORA31",1,0,2,3,33.3333333333333,1
"SNORA31.25",1,0,2,3,33.3333333333333,1
"SNORA32.3",1,0,2,3,33.3333333333333,1
"SNORA4",1,0,9,10,10,1
"SNORA40.20",1,0,4,5,20,1
"SNORA40.4",1,0,7,8,12.5,1
"SNORA42",1,0,31,32,3.125,1
"SNORA42.4",1,0,7,8,12.5,1
"SNORA45",1,1,25,27,3.7037037037037,2
"SNORA48.11",1,0,9,10,10,1
"SNORA48.3",1,0,15,16,6.25,1
"SNORA48.4",1,0,2,3,33.3333333333333,1
"SNORA51.10",1,0,0,1,100,1
"SNORA51.2",1,0,17,18,5.55555555555556,1
"SNORA51.7",1,0,9,10,10,1
"SNORA57.2",1,0,4,5,20,1
"SNORA59A",1,1,26,28,3.57142857142857,2
"SNORA62.5",1,0,6,7,14.2857142857143,1
"SNORA63",1,0,9,10,10,1
"SNORA63.11",1,0,1,2,50,1
"SNORA63.2",1,2,9,12,8.33333333333333,3
"SNORA63.4",1,0,4,5,20,1
"SNORA63.5",1,0,1,2,50,1
"SNORA63.6",1,0,9,10,10,1
"SNORA63.8",1,0,15,16,6.25,1
"SNORA63.9",1,0,8,9,11.1111111111111,1
"SNORA64",1,1,2,4,25,2
"SNORA64.2",1,0,3,4,25,1
"SNORA64.4",1,0,13,14,7.14285714285714,1
"SNORA67.4",1,0,12,13,7.69230769230769,1
"SNORA68.5",1,0,1,2,50,1
"SNORA7.5",1,0,3,4,25,1
"SNORA70.11",1,0,7,8,12.5,1
"SNORA70.15",1,0,6,7,14.2857142857143,1
"SNORA70.8",1,0,21,22,4.54545454545455,1
"SNORA71.1",1,0,5,6,16.6666666666667,1
"SNORA71B",1,0,4,5,20,1
"SNORA72.6",1,0,10,11,9.09090909090909,1
"SNORA73.6",1,0,18,19,5.26315789473684,1
"SNORA73B",1,0,2,3,33.3333333333333,1
"SNORA77.4",1,0,4,5,20,1
"SNORA8.3",1,0,1,2,50,1
"SNORA81",1,0,9,10,10,1
"SNORA81.1",1,0,6,7,14.2857142857143,1
"SNORD102",1,0,2,3,33.3333333333333,1
"SNORD103A",1,1,5,7,14.2857142857143,2
"SNORD111.1",1,0,10,11,9.09090909090909,1
"SNORD112.1",1,0,6,7,14.2857142857143,1
"SNORD112.16",1,0,24,25,4,1
"SNORD112.20",1,0,2,3,33.3333333333333,1
"SNORD112.42",1,0,7,8,12.5,1
"SNORD112.48",1,0,2,3,33.3333333333333,1
"SNORD112.8",1,0,15,16,6.25,1
"SNORD121A",1,0,5,6,16.6666666666667,1
"SNORD125",1,0,0,1,100,1
"SNORD127",1,3,21,25,4,4
"SNORD14A",1,2,27,30,3.33333333333333,3
"SNORD14B",1,2,27,30,3.33333333333333,3
"SNORD14E",1,0,17,18,5.55555555555556,1
"SNORD1B",1,0,4,5,20,1
"SNORD2",1,0,15,16,6.25,1
"SNORD27.2",1,0,12,13,7.69230769230769,1
"SNORD36.2",1,0,2,3,33.3333333333333,1
"SNORD45.1",1,0,5,6,16.6666666666667,1
"SNORD4A",1,0,21,22,4.54545454545455,1
"SNORD51.1",1,0,15,16,6.25,1
"SNORD52",1,0,17,18,5.55555555555556,1
"SNORD58.1",1,3,25,29,3.44827586206897,4
"SNORD58A",1,0,5,6,16.6666666666667,1
"SNORD58B",1,0,5,6,16.6666666666667,1
"SNORD62.1",1,0,1,2,50,1
"SNORD66.1",1,0,1,2,50,1
"SNORD7",1,0,4,5,20,1
"SNORD74.2",1,0,8,9,11.1111111111111,1
"SNORD77.1",1,0,10,11,9.09090909090909,1
"SNORD88.1",1,0,6,7,14.2857142857143,1
"SNORD89",1,0,19,20,5,1
"SNORD97",1,1,18,20,5,2
"snoU109.4",1,1,7,9,11.1111111111111,2
"snoU13.106",1,0,31,32,3.125,1
"snoU13.111",1,0,18,19,5.26315789473684,1
"snoU13.127",1,0,16,17,5.88235294117647,1
"snoU13.130",1,0,7,8,12.5,1
"snoU13.132",1,3,14,18,5.55555555555556,4
"snoU13.141",1,0,2,3,33.3333333333333,1
"snoU13.145",1,0,6,7,14.2857142857143,1
"snoU13.173",1,0,0,1,100,1
"snoU13.18",1,0,3,4,25,1
"snoU13.183",1,0,22,23,4.34782608695652,1
"snoU13.189",1,0,12,13,7.69230769230769,1
"snoU13.199",1,0,5,6,16.6666666666667,1
"snoU13.200",1,0,9,10,10,1
"snoU13.207",1,0,2,3,33.3333333333333,1
"snoU13.209",1,1,24,26,3.84615384615385,2
"snoU13.223",1,0,10,11,9.09090909090909,1
"snoU13.246",1,0,1,2,50,1
"snoU13.248",1,0,3,4,25,1
"snoU13.256",1,1,27,29,3.44827586206897,2
"snoU13.257",1,0,13,14,7.14285714285714,1
"snoU13.259",1,0,2,3,33.3333333333333,1
"snoU13.263",1,0,8,9,11.1111111111111,1
"snoU13.267",1,0,5,6,16.6666666666667,1
"snoU13.274",1,0,2,3,33.3333333333333,1
"snoU13.277",1,1,25,27,3.7037037037037,2
"snoU13.293",1,0,10,11,9.09090909090909,1
"snoU13.301",1,0,18,19,5.26315789473684,1
"snoU13.303",1,0,22,23,4.34782608695652,1
"snoU13.309",1,0,1,2,50,1
"snoU13.313",1,1,6,8,12.5,2
"snoU13.314",1,0,11,12,8.33333333333333,1
"snoU13.324",1,0,9,10,10,1
"snoU13.328",1,0,9,10,10,1
"snoU13.330",1,0,0,1,100,1
"snoU13.341",1,0,14,15,6.66666666666667,1
"snoU13.342",1,0,2,3,33.3333333333333,1
"snoU13.351",1,0,17,18,5.55555555555556,1
"snoU13.352",1,0,9,10,10,1
"snoU13.364",1,0,1,2,50,1
"snoU13.378",1,0,17,18,5.55555555555556,1
"snoU13.388",1,0,2,3,33.3333333333333,1
"snoU13.404",1,0,9,10,10,1
"snoU13.408",1,0,12,13,7.69230769230769,1
"snoU13.411",1,0,0,1,100,1
"snoU13.418",1,0,1,2,50,1
"snoU13.42",1,0,1,2,50,1
"snoU13.433",1,1,50,52,1.92307692307692,2
"snoU13.441",1,0,7,8,12.5,1
"snoU13.444",1,0,18,19,5.26315789473684,1
"snoU13.449",1,0,37,38,2.63157894736842,1
"snoU13.62",1,0,10,11,9.09090909090909,1
"snoU13.71",1,1,10,12,8.33333333333333,2
"snoU13.8",1,0,11,12,8.33333333333333,1
"snoU13.82",1,0,8,9,11.1111111111111,1
"snoZ6.1",1,0,4,5,20,1
"snR65.2",1,0,7,8,12.5,1
"SNRNP27",1,1,29,31,3.2258064516129,2
"SNRNP48",1,1,21,23,4.34782608695652,2
"SNRPA1",1,2,32,35,2.85714285714286,3
"SNRPD3",1,0,0,1,100,1
"SNTA1",1,0,4,5,20,1
"SNTB1",1,0,4,5,20,1
"SNX1",1,0,8,9,11.1111111111111,1
"SNX10",1,0,4,5,20,1
"SNX2",1,1,56,58,1.72413793103448,2
"SNX20",1,0,33,34,2.94117647058824,1
"SNX25",1,0,0,1,100,1
"SNX3",1,0,5,6,16.6666666666667,1
"SNX33",1,1,9,11,9.09090909090909,2
"SNX6",1,0,9,10,10,1
"SOCS1",1,0,3,4,25,1
"SOCS3",1,1,19,21,4.76190476190476,2
"SOCS6",1,4,38,43,2.32558139534884,5
"SOD1",1,0,6,7,14.2857142857143,1
"SOD2",1,0,11,12,8.33333333333333,1
"SOGA1",1,1,5,7,14.2857142857143,2
"SOGA2",1,2,12,15,6.66666666666667,3
"SORBS1",1,1,28,30,3.33333333333333,2
"SORT1",1,0,29,30,3.33333333333333,1
"SOS2",1,0,16,17,5.88235294117647,1
"SOX13",1,0,4,5,20,1
"SOX17",1,1,14,16,6.25,2
"SOX4",1,0,26,27,3.7037037037037,1
"SP140",1,0,9,10,10,1
"SP2",1,0,9,10,10,1
"SP4",1,0,3,4,25,1
"SP5",1,0,11,12,8.33333333333333,1
"SPACA4",1,0,4,5,20,1
"SPAG16",1,2,33,36,2.77777777777778,3
"SPAG7",1,0,7,8,12.5,1
"SPAG8",1,0,2,3,33.3333333333333,1
"SPAG9",1,1,26,28,3.57142857142857,2
"SPARC",1,1,22,24,4.16666666666667,2
"SPARCL1",1,1,6,8,12.5,2
"SPATA2",1,0,6,7,14.2857142857143,1
"SPATA20",1,0,22,23,4.34782608695652,1
"SPATA21",1,0,9,10,10,1
"SPATA25",1,0,3,4,25,1
"SPATA3",1,0,10,11,9.09090909090909,1
"SPATA3-AS1",1,0,10,11,9.09090909090909,1
"SPATA4",1,1,4,6,16.6666666666667,2
"SPATA42",1,0,0,1,100,1
"SPATA7",1,0,21,22,4.54545454545455,1
"SPATS1",1,0,3,4,25,1
"SPATS2",1,0,16,17,5.88235294117647,1
"SPC25",1,0,14,15,6.66666666666667,1
"SPCS2",1,0,2,3,33.3333333333333,1
"SPDL1",1,2,9,12,8.33333333333333,3
"SPECC1",1,1,25,27,3.7037037037037,2
"SPECC1L",1,0,3,4,25,1
"SPECC1L-ADORA2A",1,0,3,4,25,1
"SPEM1",1,0,8,9,11.1111111111111,1
"SPESP1",1,0,6,7,14.2857142857143,1
"SPG20",1,2,16,19,5.26315789473684,3
"SPG20OS",1,1,14,16,6.25,2
"SPG7",1,0,12,13,7.69230769230769,1
"SPHK1",1,0,9,10,10,1
"SPHK2",1,0,3,4,25,1
"SPIC",1,0,6,7,14.2857142857143,1
"SPINK1",1,0,5,6,16.6666666666667,1
"SPINK14",1,0,23,24,4.16666666666667,1
"SPINK4",1,1,13,15,6.66666666666667,2
"SPINT1",1,0,3,4,25,1
"SPRED2",1,0,23,24,4.16666666666667,1
"SPRY4",1,0,21,22,4.54545454545455,1
"SPRYD7",1,0,0,1,100,1
"SPTAN1",1,0,4,5,20,1
"SPTSSA",1,0,4,5,20,1
"SRA1",1,2,11,14,7.14285714285714,3
"SRBD1",1,0,4,5,20,1
"SRD5A1",1,1,22,24,4.16666666666667,2
"SREBF1",1,0,16,17,5.88235294117647,1
"SRGAP1",1,0,1,2,50,1
"SRGAP3",1,0,18,19,5.26315789473684,1
"SRGAP3-AS1",1,0,13,14,7.14285714285714,1
"SRGN",1,0,9,10,10,1
"SRM",1,0,2,3,33.3333333333333,1
"SRMS",1,0,19,20,5,1
"SRP9",1,1,11,13,7.69230769230769,2
"SRPK2",1,0,9,10,10,1
"SRPR",1,0,16,17,5.88235294117647,1
"SRSF10",1,0,4,5,20,1
"SRSF3",1,0,8,9,11.1111111111111,1
"SRSF5",1,0,15,16,6.25,1
"SRSF7",1,4,8,13,7.69230769230769,5
"SSBP4",1,0,3,4,25,1
"SSNA1",1,0,4,5,20,1
"SSR1",1,0,5,6,16.6666666666667,1
"SSTR4",1,1,11,13,7.69230769230769,2
"SSX2IP",1,1,19,21,4.76190476190476,2
"ST14",1,0,7,8,12.5,1
"ST18",1,0,6,7,14.2857142857143,1
"ST3GAL1",1,0,13,14,7.14285714285714,1
"ST6GAL1",1,0,6,7,14.2857142857143,1
"ST7",1,1,2,4,25,2
"ST7-AS1",1,1,2,4,25,2
"ST7-OT4",1,1,2,4,25,2
"ST7L",1,1,7,9,11.1111111111111,2
"STAB2",1,0,3,4,25,1
"STAP1",1,1,11,13,7.69230769230769,2
"STARD10",1,0,14,15,6.66666666666667,1
"STARD3",1,0,1,2,50,1
"STAT5A",1,0,2,3,33.3333333333333,1
"STAT6",1,0,25,26,3.84615384615385,1
"STC1",1,1,11,13,7.69230769230769,2
"STIP1",1,0,1,2,50,1
"STK16",1,0,4,5,20,1
"STK32C",1,0,3,4,25,1
"STK33",1,0,11,12,8.33333333333333,1
"STK36",1,0,9,10,10,1
"STRA6",1,0,5,6,16.6666666666667,1
"STRADB",1,1,14,16,6.25,2
"STT3A",1,0,13,14,7.14285714285714,1
"STT3A-AS1",1,0,13,14,7.14285714285714,1
"STT3B",1,0,5,6,16.6666666666667,1
"STX10",1,1,7,9,11.1111111111111,2
"STX16",1,0,17,18,5.55555555555556,1
"STX16-NPEPL1",1,0,17,18,5.55555555555556,1
"STX17",1,0,18,19,5.26315789473684,1
"STX1A",1,0,4,5,20,1
"STX1B",1,0,24,25,4,1
"STX4",1,0,19,20,5,1
"STX5",1,0,8,9,11.1111111111111,1
"STXBP3",1,0,0,1,100,1
"STYX",1,0,2,3,33.3333333333333,1
"SUCLG1",1,1,21,23,4.34782608695652,2
"SUCNR1",1,0,26,27,3.7037037037037,1
"SUDS3",1,0,32,33,3.03030303030303,1
"SULF2",1,2,17,20,5,3
"SULT1C4",1,0,1,2,50,1
"SUMF2",1,0,0,1,100,1
"SUMO2P19",1,0,12,13,7.69230769230769,1
"SUMO4",1,0,9,10,10,1
"SUN5",1,0,10,11,9.09090909090909,1
"SUPT16H",1,0,8,9,11.1111111111111,1
"SUSD5",1,0,3,4,25,1
"SUV420H2",1,0,7,8,12.5,1
"SWSAP1",1,0,3,4,25,1
"SYCP3",1,1,11,13,7.69230769230769,2
"SYK",1,0,15,16,6.25,1
"SYN2",1,2,13,16,6.25,3
"SYNC",1,0,17,18,5.55555555555556,1
"SYNE2",1,1,6,8,12.5,2
"SYS1",1,0,4,5,20,1
"SYS1-DBNDD2",1,0,4,5,20,1
"SYTL3",1,0,16,17,5.88235294117647,1
"SZT2",1,0,18,19,5.26315789473684,1
"SZT2-AS1",1,0,3,4,25,1
"TAAR1",1,0,1,2,50,1
"TAAR5",1,0,4,5,20,1
"TAAR6",1,0,2,3,33.3333333333333,1
"TACSTD2",1,1,6,8,12.5,2
"TAF11",1,0,5,6,16.6666666666667,1
"TAF15",1,0,0,1,100,1
"TAF1D",1,2,26,29,3.44827586206897,3
"TAF3",1,0,1,2,50,1
"TAF7",1,0,8,9,11.1111111111111,1
"TAGAP",1,1,16,18,5.55555555555556,2
"TAGLN2",1,0,11,12,8.33333333333333,1
"TAGLN3",1,1,14,16,6.25,2
"TAOK2",1,0,13,14,7.14285714285714,1
"TAOK3",1,0,30,31,3.2258064516129,1
"TAP2",1,1,15,17,5.88235294117647,2
"TAPT1",1,0,3,4,25,1
"TAPT1-AS1",1,0,3,4,25,1
"TARBP2",1,0,16,17,5.88235294117647,1
"TARDBP",1,0,0,1,100,1
"TARS2",1,0,8,9,11.1111111111111,1
"TAS1R1",1,0,1,2,50,1
"TAS1R3",1,0,16,17,5.88235294117647,1
"TAS2R38",1,1,11,13,7.69230769230769,2
"TAS2R8",1,0,8,9,11.1111111111111,1
"TAS2R9",1,0,8,9,11.1111111111111,1
"TAX1BP1",1,0,3,4,25,1
"TAX1BP3",1,0,6,7,14.2857142857143,1
"TBC1D13",1,0,0,1,100,1
"TBC1D15",1,0,10,11,9.09090909090909,1
"TBC1D23",1,0,48,49,2.04081632653061,1
"TBC1D2B",1,0,2,3,33.3333333333333,1
"TBC1D31",1,0,32,33,3.03030303030303,1
"TBC1D9B",1,0,17,18,5.55555555555556,1
"TBCE",1,0,1,2,50,1
"TCAP",1,0,1,2,50,1
"TCEB1",1,1,24,26,3.84615384615385,2
"TCIRG1",1,0,3,4,25,1
"TCOF1",1,0,10,11,9.09090909090909,1
"TCP11L2",1,1,4,6,16.6666666666667,2
"TCTEX1D4",1,0,7,8,12.5,1
"TCTN1",1,0,1,2,50,1
"TCTN3",1,2,18,21,4.76190476190476,3
"TDG",1,0,11,12,8.33333333333333,1
"TDGF1P7",1,0,9,10,10,1
"TDP1",1,0,4,5,20,1
"TDRD1",1,0,3,4,25,1
"TDRD10",1,0,11,12,8.33333333333333,1
"TDRD7",1,0,11,12,8.33333333333333,1
"TEK",1,0,9,10,10,1
"TEKT5",1,0,0,1,100,1
"TES",1,0,2,3,33.3333333333333,1
"TESC",1,0,5,6,16.6666666666667,1
"TESK1",1,0,2,3,33.3333333333333,1
"TESK2",1,0,20,21,4.76190476190476,1
"TEX14",1,2,5,8,12.5,3
"TEX26",1,0,3,4,25,1
"TEX26-AS1",1,0,4,5,20,1
"TEX33",1,2,16,19,5.26315789473684,3
"TEX40",1,0,2,3,33.3333333333333,1
"TFAM",1,0,14,15,6.66666666666667,1
"TFF1",1,0,1,2,50,1
"TFF2",1,0,2,3,33.3333333333333,1
"TFF3",1,0,3,4,25,1
"TGFA",1,0,7,8,12.5,1
"TGFB1",1,0,3,4,25,1
"TGFB1I1",1,0,9,10,10,1
"TGFBI",1,3,13,17,5.88235294117647,4
"TGM5",1,0,11,12,8.33333333333333,1
"THBS3",1,0,6,7,14.2857142857143,1
"THEM4",1,0,8,9,11.1111111111111,1
"THEM5",1,1,31,33,3.03030303030303,2
"THEMIS2",1,0,1,2,50,1
"THNSL1",1,1,33,35,2.85714285714286,2
"THOC6",1,0,1,2,50,1
"THRA",1,0,19,20,5,1
"THRAP3",1,0,8,9,11.1111111111111,1
"THRSP",1,1,12,14,7.14285714285714,2
"TIAM1",1,3,25,29,3.44827586206897,4
"TICAM1",1,0,0,1,100,1
"TICRR",1,0,10,11,9.09090909090909,1
"TIE1",1,0,3,4,25,1
"TIGD2",1,0,3,4,25,1
"TIGD3",1,0,18,19,5.26315789473684,1
"TIMM21",1,0,20,21,4.76190476190476,1
"TIMM22",1,0,19,20,5,1
"TIMP4",1,2,13,16,6.25,3
"TK1",1,0,4,5,20,1
"TLDC1",1,0,10,11,9.09090909090909,1
"TLE4",1,0,19,20,5,1
"TLR12P",1,0,7,8,12.5,1
"TM2D3",1,1,19,21,4.76190476190476,2
"TM4SF20",1,1,21,23,4.34782608695652,2
"TM9SF1",1,0,41,42,2.38095238095238,1
"TM9SF4",1,0,6,7,14.2857142857143,1
"TMA16",1,0,7,8,12.5,1
"TMBIM1",1,0,21,22,4.54545454545455,1
"TMBIM4",1,0,4,5,20,1
"TMBIM6",1,0,17,18,5.55555555555556,1
"TMCO1",1,0,20,21,4.76190476190476,1
"TMED3",1,0,3,4,25,1
"TMEFF2",1,0,7,8,12.5,1
"TMEM106C",1,0,7,8,12.5,1
"TMEM108",1,0,18,19,5.26315789473684,1
"TMEM110",1,2,28,31,3.2258064516129,3
"TMEM110-MUSTN1",1,2,28,31,3.2258064516129,3
"TMEM116",1,0,2,3,33.3333333333333,1
"TMEM123",1,1,34,36,2.77777777777778,2
"TMEM126B",1,0,9,10,10,1
"TMEM130",1,1,25,27,3.7037037037037,2
"TMEM132A",1,1,8,10,10,2
"TMEM132C",1,0,0,1,100,1
"TMEM138",1,0,13,14,7.14285714285714,1
"TMEM147",1,1,9,11,9.09090909090909,2
"TMEM14A",1,0,25,26,3.84615384615385,1
"TMEM163",1,0,10,11,9.09090909090909,1
"TMEM167B",1,0,10,11,9.09090909090909,1
"TMEM170B",1,0,11,12,8.33333333333333,1
"TMEM171",1,0,7,8,12.5,1
"TMEM174",1,0,4,5,20,1
"TMEM175",1,0,8,9,11.1111111111111,1
"TMEM177",1,0,6,7,14.2857142857143,1
"TMEM180",1,0,8,9,11.1111111111111,1
"TMEM183A",1,0,2,3,33.3333333333333,1
"TMEM184C",1,0,5,6,16.6666666666667,1
"TMEM194A",1,0,19,20,5,1
"TMEM199",1,0,0,1,100,1
"TMEM200A",1,0,12,13,7.69230769230769,1
"TMEM200C",1,0,11,12,8.33333333333333,1
"TMEM206",1,1,10,12,8.33333333333333,2
"TMEM207",1,2,9,12,8.33333333333333,3
"TMEM208",1,0,4,5,20,1
"TMEM219",1,0,11,12,8.33333333333333,1
"TMEM231",1,0,2,3,33.3333333333333,1
"TMEM241",1,0,5,6,16.6666666666667,1
"TMEM252",1,0,18,19,5.26315789473684,1
"TMEM253",1,0,24,25,4,1
"TMEM255B",1,0,2,3,33.3333333333333,1
"TMEM260",1,0,33,34,2.94117647058824,1
"TMEM30C",1,0,7,8,12.5,1
"TMEM43",1,0,5,6,16.6666666666667,1
"TMEM5-AS1",1,0,7,8,12.5,1
"TMEM52B",1,0,12,13,7.69230769230769,1
"TMEM63B",1,0,17,18,5.55555555555556,1
"TMEM69",1,0,9,10,10,1
"TMEM70",1,1,24,26,3.84615384615385,2
"TMEM75",1,0,13,14,7.14285714285714,1
"TMEM8B",1,0,9,10,10,1
"TMEM91",1,0,3,4,25,1
"TMEM92",1,0,14,15,6.66666666666667,1
"TMIE",1,0,4,5,20,1
"TMPPE",1,0,14,15,6.66666666666667,1
"TMPRSS13",1,0,14,15,6.66666666666667,1
"TMPRSS2",1,0,1,2,50,1
"TMPRSS3",1,0,1,2,50,1
"TMPRSS7",1,0,8,9,11.1111111111111,1
"TMTC4",1,0,6,7,14.2857142857143,1
"TMUB1",1,0,9,10,10,1
"TMX2",1,0,6,7,14.2857142857143,1
"TMX2-CTNND1",1,0,6,7,14.2857142857143,1
"TMX3",1,2,21,24,4.16666666666667,3
"TMX4",1,0,7,8,12.5,1
"TNC",1,0,2,3,33.3333333333333,1
"TNFAIP8",1,1,39,41,2.4390243902439,2
"TNFRSF12A",1,0,0,1,100,1
"TNFRSF21",1,0,14,15,6.66666666666667,1
"TNFSF10",1,0,3,4,25,1
"TNFSF18",1,0,18,19,5.26315789473684,1
"TNFSF8",1,1,31,33,3.03030303030303,2
"TNNI3",1,0,12,13,7.69230769230769,1
"TNNT1",1,0,18,19,5.26315789473684,1
"TNNT3",1,1,5,7,14.2857142857143,2
"TNP2",1,0,15,16,6.25,1
"TNPO1",1,0,46,47,2.12765957446809,1
"TNPO3",1,0,0,1,100,1
"TNR",1,1,14,16,6.25,2
"TNRC6C-AS1",1,0,1,2,50,1
"TOB1",1,0,14,15,6.66666666666667,1
"TOM1L2",1,0,13,14,7.14285714285714,1
"TOMM20",1,0,15,16,6.25,1
"TOP1MT",1,0,1,2,50,1
"TOR1A",1,0,7,8,12.5,1
"TOR3A",1,0,12,13,7.69230769230769,1
"TOR4A",1,0,2,3,33.3333333333333,1
"TP53BP1",1,0,4,5,20,1
"TP53BP2",1,1,11,13,7.69230769230769,2
"TP53I13",1,0,2,3,33.3333333333333,1
"TP53INP1",1,0,23,24,4.16666666666667,1
"TP53TG1",1,0,2,3,33.3333333333333,1
"TPBG",1,0,2,3,33.3333333333333,1
"TPCN1",1,0,17,18,5.55555555555556,1
"TPI1P2",1,0,0,1,100,1
"TPM1",1,0,24,25,4,1
"TPP1",1,0,19,20,5,1
"TPPP2",1,0,27,28,3.57142857142857,1
"TPPP3",1,0,5,6,16.6666666666667,1
"TPR",1,0,9,10,10,1
"TPRN",1,0,6,7,14.2857142857143,1
"TPT1-AS1",1,0,3,4,25,1
"TRABD2A",1,0,18,19,5.26315789473684,1
"TRAF2",1,0,1,2,50,1
"TRAF3IP3",1,0,3,4,25,1
"TRAF4",1,0,10,11,9.09090909090909,1
"TRAK2",1,1,14,16,6.25,2
"TRANK1",1,1,7,9,11.1111111111111,2
"TRAPPC2L",1,0,6,7,14.2857142857143,1
"TRAPPC2P1",1,0,4,5,20,1
"TRAPPC5",1,0,1,2,50,1
"TRAPPC9",1,0,3,4,25,1
"TREM2",1,0,4,5,20,1
"TREML1",1,0,4,5,20,1
"TREML2",1,0,5,6,16.6666666666667,1
"TRERF1",1,0,14,15,6.66666666666667,1
"TRIAP1",1,0,10,11,9.09090909090909,1
"TRIB1",1,1,49,51,1.96078431372549,2
"TRIB3",1,0,7,8,12.5,1
"TRIM24",1,0,18,19,5.26315789473684,1
"TRIM25",1,0,1,2,50,1
"TRIM3",1,0,3,4,25,1
"TRIM31",1,0,5,6,16.6666666666667,1
"TRIM31-AS1",1,0,5,6,16.6666666666667,1
"TRIM35",1,0,3,4,25,1
"TRIM4",1,0,12,13,7.69230769230769,1
"TRIM41",1,0,7,8,12.5,1
"TRIM44",1,2,11,14,7.14285714285714,3
"TRIM46",1,0,4,5,20,1
"TRIM56",1,0,4,5,20,1
"TRIM63",1,0,7,8,12.5,1
"TRIM72",1,0,15,16,6.25,1
"TRIM9",1,0,0,1,100,1
"TRMT10A",1,0,15,16,6.25,1
"TRMT10C",1,0,2,3,33.3333333333333,1
"TRMT6",1,0,26,27,3.7037037037037,1
"TRNAI2",1,0,1,2,50,1
"TRNAI6",1,1,8,10,10,2
"TROAP",1,0,13,14,7.14285714285714,1
"TRPC7-AS1",1,2,10,13,7.69230769230769,3
"TRPM1",1,2,40,43,2.32558139534884,3
"TSC22D2",1,0,16,17,5.88235294117647,1
"TSC22D4",1,0,9,10,10,1
"TSEN15P3",1,1,11,13,7.69230769230769,2
"TSEN2",1,0,16,17,5.88235294117647,1
"TSG101",1,0,9,10,10,1
"TSNAX",1,0,9,10,10,1
"TSNAX-DISC1",1,0,9,10,10,1
"TSNAXIP1",1,0,12,13,7.69230769230769,1
"TSPAN17",1,0,11,12,8.33333333333333,1
"TSPAN18",1,0,18,19,5.26315789473684,1
"TSPAN33",1,0,1,2,50,1
"TSPEAR-AS1",1,0,4,5,20,1
"TSPYL1",1,0,5,6,16.6666666666667,1
"TSPYL4",1,1,15,17,5.88235294117647,2
"TSPYL5",1,0,10,11,9.09090909090909,1
"TSSK3",1,0,3,4,25,1
"TSSK6",1,0,0,1,100,1
"TTBK1",1,0,4,5,20,1
"TTC1",1,1,23,25,4,2
"TTC12",1,0,13,14,7.14285714285714,1
"TTC19",1,0,4,5,20,1
"TTC21A",1,0,23,24,4.16666666666667,1
"TTC27",1,1,25,27,3.7037037037037,2
"TTC30A",1,0,3,4,25,1
"TTC31",1,0,9,10,10,1
"TTC36",1,0,10,11,9.09090909090909,1
"TTC38",1,0,13,14,7.14285714285714,1
"TTC39B",1,1,18,20,5,2
"TTC7A",1,0,9,10,10,1
"TTC7B",1,2,15,18,5.55555555555556,3
"TTI1",1,0,17,18,5.55555555555556,1
"TTL",1,0,13,14,7.14285714285714,1
"TTLL10",1,0,8,9,11.1111111111111,1
"TTLL10-AS1",1,0,6,7,14.2857142857143,1
"TTYH2",1,0,2,3,33.3333333333333,1
"TUBA1A",1,0,5,6,16.6666666666667,1
"TUBA1C",1,0,14,15,6.66666666666667,1
"TUBA8",1,0,7,8,12.5,1
"TUBB",1,0,11,12,8.33333333333333,1
"TUBGCP3",1,0,5,6,16.6666666666667,1
"TUBGCP4",1,0,1,2,50,1
"TULP3",1,0,3,4,25,1
"TULP4",1,1,5,7,14.2857142857143,2
"TUSC2",1,0,9,10,10,1
"TWF1",1,3,34,38,2.63157894736842,4
"TWIST1",1,0,2,3,33.3333333333333,1
"TXNDC2",1,0,5,6,16.6666666666667,1
"TXNL1",1,1,19,21,4.76190476190476,2
"TXNRD1",1,0,29,30,3.33333333333333,1
"TXNRD3",1,0,14,15,6.66666666666667,1
"TXNRD3NB",1,0,7,8,12.5,1
"U3.19",1,1,11,13,7.69230769230769,2
"U3.24",1,0,10,11,9.09090909090909,1
"U3.26",1,0,1,2,50,1
"U3.27",1,1,6,8,12.5,2
"U3.43",1,0,8,9,11.1111111111111,1
"U3.46",1,0,7,8,12.5,1
"U3.51",1,0,27,28,3.57142857142857,1
"U3.74",1,0,4,5,20,1
"U3.75",1,1,0,2,50,2
"U51244.2",1,0,1,2,50,1
"U6.51",1,0,6,7,14.2857142857143,1
"U6.54",1,0,5,6,16.6666666666667,1
"U6.56",1,0,1,2,50,1
"U8.17",1,1,1,3,33.3333333333333,2
"U8.20",1,0,14,15,6.66666666666667,1
"UBA5",1,0,26,27,3.7037037037037,1
"UBA52",1,0,2,3,33.3333333333333,1
"UBAP2L",1,0,18,19,5.26315789473684,1
"UBC",1,0,20,21,4.76190476190476,1
"UBE2D3P3",1,1,14,16,6.25,2
"UBE2E1",1,0,4,5,20,1
"UBE2E1-AS1",1,0,4,5,20,1
"UBE2H",1,0,3,4,25,1
"UBE2N",1,1,5,7,14.2857142857143,2
"UBE2O",1,0,12,13,7.69230769230769,1
"UBE2W",1,0,32,33,3.03030303030303,1
"UBE4A",1,0,6,7,14.2857142857143,1
"UBR1",1,0,0,1,100,1
"UBR2",1,0,16,17,5.88235294117647,1
"UBTD1",1,0,20,21,4.76190476190476,1
"UBTF",1,0,7,8,12.5,1
"UBXN11",1,0,20,21,4.76190476190476,1
"UBXN2A",1,0,22,23,4.34782608695652,1
"UBXN7",1,0,0,1,100,1
"UBXN7-AS1",1,0,0,1,100,1
"UCK2",1,0,13,14,7.14285714285714,1
"UCKL1",1,0,8,9,11.1111111111111,1
"UFSP1",1,0,6,7,14.2857142857143,1
"UGT3A2",1,0,1,2,50,1
"UHRF1BP1",1,0,0,1,100,1
"UNC13A",1,0,5,6,16.6666666666667,1
"UNC45A",1,0,11,12,8.33333333333333,1
"UNC5A",1,0,15,16,6.25,1
"UNC93B1",1,0,4,5,20,1
"UNK",1,0,3,4,25,1
"UOX",1,3,35,39,2.56410256410256,4
"UPF1",1,0,9,10,10,1
"UPK1A-AS1",1,0,5,6,16.6666666666667,1
"UQCR10",1,0,1,2,50,1
"UQCRC2",1,0,2,3,33.3333333333333,1
"UQCRH",1,0,3,4,25,1
"UROC1",1,0,12,13,7.69230769230769,1
"USMG5",1,0,1,2,50,1
"USP12",1,0,3,4,25,1
"USP12-AS2",1,0,3,4,25,1
"USP16",1,0,13,14,7.14285714285714,1
"USP3",1,0,18,19,5.26315789473684,1
"USP3-AS1",1,1,16,18,5.55555555555556,2
"USP32",1,0,6,7,14.2857142857143,1
"USP37",1,0,20,21,4.76190476190476,1
"USP38",1,1,25,27,3.7037037037037,2
"USP46",1,0,0,1,100,1
"USP46-AS1",1,0,0,1,100,1
"USP49",1,0,6,7,14.2857142857143,1
"USP5",1,1,13,15,6.66666666666667,2
"USP53",1,0,10,11,9.09090909090909,1
"USP6NL",1,2,9,12,8.33333333333333,3
"UXS1",1,0,16,17,5.88235294117647,1
"VAMP4",1,0,6,7,14.2857142857143,1
"VAMP5",1,0,0,1,100,1
"VAPA",1,0,11,12,8.33333333333333,1
"VARS",1,0,11,12,8.33333333333333,1
"VASP",1,0,6,7,14.2857142857143,1
"VCAN",1,1,18,20,5,2
"VCAN-AS1",1,2,27,30,3.33333333333333,3
"VCL",1,0,7,8,12.5,1
"VCPIP1",1,1,18,20,5,2
"VEGFB",1,0,2,3,33.3333333333333,1
"VEPH1",1,0,14,15,6.66666666666667,1
"VEZF1",1,0,19,20,5,1
"VIP",1,0,2,3,33.3333333333333,1
"VIPR1",1,0,17,18,5.55555555555556,1
"VKORC1",1,0,8,9,11.1111111111111,1
"VLDLR",1,0,5,6,16.6666666666667,1
"VMAC",1,0,0,1,100,1
"VMO1",1,0,5,6,16.6666666666667,1
"VN1R2",1,0,0,1,100,1
"VN1R4",1,0,0,1,100,1
"VN2R1P",1,0,14,15,6.66666666666667,1
"VNN1",1,1,3,5,20,2
"VNN2",1,1,21,23,4.34782608695652,2
"VNN3",1,1,10,12,8.33333333333333,2
"VPS13C",1,0,5,6,16.6666666666667,1
"VPS26A",1,0,9,10,10,1
"VPS26B",1,1,34,36,2.77777777777778,2
"VPS37D",1,0,19,20,5,1
"VPS45",1,0,31,32,3.125,1
"VRK1",1,0,18,19,5.26315789473684,1
"VTI1A",1,2,5,8,12.5,3
"VTN",1,0,0,1,100,1
"VWA1",1,0,2,3,33.3333333333333,1
"VWA3A",1,0,4,5,20,1
"VWA7",1,0,18,19,5.26315789473684,1
"VWA8",1,0,8,9,11.1111111111111,1
"VWA9",1,0,12,13,7.69230769230769,1
"VWCE",1,0,5,6,16.6666666666667,1
"WASF2",1,0,9,10,10,1
"WBP11",1,1,24,26,3.84615384615385,2
"WBP1L",1,0,3,4,25,1
"WBP2",1,0,1,2,50,1
"WBSCR22",1,0,12,13,7.69230769230769,1
"WBSCR28",1,0,19,20,5,1
"WDFY3",1,2,8,11,9.09090909090909,3
"WDFY3-AS2",1,2,8,11,9.09090909090909,3
"WDFY4",1,0,14,15,6.66666666666667,1
"WDR1",1,0,10,11,9.09090909090909,1
"WDR17",1,2,7,10,10,3
"WDR25",1,0,18,19,5.26315789473684,1
"WDR27",1,1,18,20,5,2
"WDR3",1,0,9,10,10,1
"WDR37",1,0,25,26,3.84615384615385,1
"WDR38",1,0,5,6,16.6666666666667,1
"WDR45B",1,0,5,6,16.6666666666667,1
"WDR49",1,1,8,10,10,2
"WDR61",1,0,23,24,4.16666666666667,1
"WDR7",1,1,19,21,4.76190476190476,2
"WDR74",1,0,13,14,7.14285714285714,1
"WDR87",1,0,10,11,9.09090909090909,1
"WDR91",1,0,18,19,5.26315789473684,1
"WDTC1",1,0,2,3,33.3333333333333,1
"WFDC2",1,0,4,5,20,1
"WFIKKN2",1,0,31,32,3.125,1
"WIF1",1,0,9,10,10,1
"WIPF1",1,0,13,14,7.14285714285714,1
"WIPI2",1,0,6,7,14.2857142857143,1
"WISP1",1,0,37,38,2.63157894736842,1
"WNK1",1,0,14,15,6.66666666666667,1
"WNT11",1,0,5,6,16.6666666666667,1
"WNT3A",1,1,4,6,16.6666666666667,2
"WNT7A",1,0,9,10,10,1
"WNT7B",1,0,9,10,10,1
"WNT8A",1,0,2,3,33.3333333333333,1
"WNT8B",1,0,8,9,11.1111111111111,1
"WSB1",1,0,21,22,4.54545454545455,1
"WWC2",1,2,23,26,3.84615384615385,3
"WWC2-AS2",1,2,13,16,6.25,3
"WWOX",1,0,28,29,3.44827586206897,1
"WWP1",1,1,16,18,5.55555555555556,2
"XIRP1",1,0,14,15,6.66666666666667,1
"XKR3",1,0,3,4,25,1
"XKR6",1,0,5,6,16.6666666666667,1
"XKR7",1,0,2,3,33.3333333333333,1
"XPC",1,0,12,13,7.69230769230769,1
"XPNPEP1",1,0,22,23,4.34782608695652,1
"XPO4",1,0,6,7,14.2857142857143,1
"XPO6",1,1,17,19,5.26315789473684,2
"XRCC2",1,1,14,16,6.25,2
"XRCC3",1,0,14,15,6.66666666666667,1
"XRCC5",1,0,11,12,8.33333333333333,1
"XRN2",1,0,2,3,33.3333333333333,1
"XRRA1",1,0,2,3,33.3333333333333,1
"XXbac-BPG252P9.9",1,0,11,12,8.33333333333333,1
"Y_RNA.118",1,0,37,38,2.63157894736842,1
"Y_RNA.129",1,0,6,7,14.2857142857143,1
"Y_RNA.151",1,0,12,13,7.69230769230769,1
"Y_RNA.188",1,0,4,5,20,1
"Y_RNA.242",1,1,39,41,2.4390243902439,2
"Y_RNA.248",1,0,15,16,6.25,1
"Y_RNA.249",1,0,34,35,2.85714285714286,1
"Y_RNA.28",1,1,23,25,4,2
"Y_RNA.291",1,0,8,9,11.1111111111111,1
"Y_RNA.294",1,0,11,12,8.33333333333333,1
"Y_RNA.317",1,1,18,20,5,2
"Y_RNA.353",1,0,5,6,16.6666666666667,1
"Y_RNA.371",1,1,6,8,12.5,2
"Y_RNA.398",1,0,15,16,6.25,1
"Y_RNA.399",1,0,12,13,7.69230769230769,1
"Y_RNA.420",1,0,8,9,11.1111111111111,1
"Y_RNA.429",1,0,2,3,33.3333333333333,1
"Y_RNA.43",1,0,6,7,14.2857142857143,1
"Y_RNA.45",1,0,3,4,25,1
"Y_RNA.46",1,0,7,8,12.5,1
"Y_RNA.508",1,0,2,3,33.3333333333333,1
"Y_RNA.588",1,0,11,12,8.33333333333333,1
"Y_RNA.61",1,0,4,5,20,1
"Y_RNA.691",1,1,4,6,16.6666666666667,2
"Y_RNA.735",1,0,17,18,5.55555555555556,1
"Y_RNA.782",1,0,4,5,20,1
"Y_RNA.784",1,0,6,7,14.2857142857143,1
"YBX2",1,0,8,9,11.1111111111111,1
"YDJC",1,0,7,8,12.5,1
"YEATS2-AS1",1,0,3,4,25,1
"YIF1B",1,0,10,11,9.09090909090909,1
"YIPF5",1,0,4,5,20,1
"YJEFN3",1,0,0,1,100,1
"YKT6",1,0,13,14,7.14285714285714,1
"YPEL1",1,0,9,10,10,1
"YPEL2",1,0,19,20,5,1
"YTHDC2",1,0,24,25,4,1
"YWHAB",1,0,0,1,100,1
"YWHAE",1,0,9,10,10,1
"YWHAH",1,0,21,22,4.54545454545455,1
"YWHAQ",1,0,7,8,12.5,1
"YWHAZ",1,2,36,39,2.56410256410256,3
"Z82214.2",1,0,7,8,12.5,1
"Z98044.1",1,0,19,20,5,1
"Z99756.1",1,0,11,12,8.33333333333333,1
"ZAR1L",1,1,16,18,5.55555555555556,2
"ZBBX",1,0,20,21,4.76190476190476,1
"ZBTB10",1,0,17,18,5.55555555555556,1
"ZBTB16",1,0,22,23,4.34782608695652,1
"ZBTB2",1,0,20,21,4.76190476190476,1
"ZBTB20",1,1,20,22,4.54545454545455,2
"ZBTB38",1,0,12,13,7.69230769230769,1
"ZBTB4",1,0,1,2,50,1
"ZBTB45",1,0,2,3,33.3333333333333,1
"ZC3H12D",1,0,13,14,7.14285714285714,1
"ZC3H13",1,0,10,11,9.09090909090909,1
"ZC3H14",1,0,4,5,20,1
"ZC3H8",1,0,10,11,9.09090909090909,1
"ZDHHC12",1,0,2,3,33.3333333333333,1
"ZDHHC13",1,0,0,1,100,1
"ZDHHC14",1,1,9,11,9.09090909090909,2
"ZDHHC17",1,0,12,13,7.69230769230769,1
"ZDHHC6",1,2,5,8,12.5,3
"ZDHHC8",1,0,4,5,20,1
"ZFAND5",1,2,12,15,6.66666666666667,3
"ZFAND6",1,0,15,16,6.25,1
"ZFP62",1,0,0,1,100,1
"ZFPL1",1,0,4,5,20,1
"ZFPM1",1,0,4,5,20,1
"ZFPM2",1,1,8,10,10,2
"ZFYVE16",1,0,4,5,20,1
"ZFYVE21",1,0,14,15,6.66666666666667,1
"ZGPAT",1,0,12,13,7.69230769230769,1
"ZHX2",1,0,9,10,10,1
"ZKSCAN3",1,0,17,18,5.55555555555556,1
"ZKSCAN4",1,0,14,15,6.66666666666667,1
"ZMAT2",1,1,14,16,6.25,2
"ZMAT3",1,0,8,9,11.1111111111111,1
"ZMAT5",1,0,1,2,50,1
"ZMIZ1",1,0,7,8,12.5,1
"ZMIZ1-AS1",1,0,7,8,12.5,1
"ZMIZ2",1,0,3,4,25,1
"ZMYM6NB",1,0,8,9,11.1111111111111,1
"ZMYND15",1,0,9,10,10,1
"ZNF10",1,0,17,18,5.55555555555556,1
"ZNF133",1,0,12,13,7.69230769230769,1
"ZNF165",1,0,15,16,6.25,1
"ZNF174",1,1,15,17,5.88235294117647,2
"ZNF184",1,0,14,15,6.66666666666667,1
"ZNF205",1,0,3,4,25,1
"ZNF205-AS1",1,0,3,4,25,1
"ZNF222",1,0,9,10,10,1
"ZNF223",1,0,11,12,8.33333333333333,1
"ZNF229",1,0,16,17,5.88235294117647,1
"ZNF230",1,0,7,8,12.5,1
"ZNF235",1,1,17,19,5.26315789473684,2
"ZNF24",1,0,14,15,6.66666666666667,1
"ZNF266",1,0,2,3,33.3333333333333,1
"ZNF268",1,0,17,18,5.55555555555556,1
"ZNF326",1,2,19,22,4.54545454545455,3
"ZNF335",1,0,4,5,20,1
"ZNF345",1,0,32,33,3.03030303030303,1
"ZNF367",1,0,6,7,14.2857142857143,1
"ZNF385C",1,0,7,8,12.5,1
"ZNF385D",1,0,1,2,50,1
"ZNF395",1,0,3,4,25,1
"ZNF433",1,0,24,25,4,1
"ZNF444",1,0,4,5,20,1
"ZNF45",1,1,20,22,4.54545454545455,2
"ZNF469",1,0,10,11,9.09090909090909,1
"ZNF48",1,0,12,13,7.69230769230769,1
"ZNF491",1,0,13,14,7.14285714285714,1
"ZNF496",1,0,13,14,7.14285714285714,1
"ZNF500",1,1,27,29,3.44827586206897,2
"ZNF503-AS1",1,0,0,1,100,1
"ZNF521",1,1,2,4,25,2
"ZNF547",1,0,4,5,20,1
"ZNF608",1,0,11,12,8.33333333333333,1
"ZNF621",1,1,6,8,12.5,2
"ZNF623",1,0,1,2,50,1
"ZNF625",1,0,8,9,11.1111111111111,1
"ZNF625-ZNF20",1,0,8,9,11.1111111111111,1
"ZNF644",1,0,0,1,100,1
"ZNF653",1,0,5,6,16.6666666666667,1
"ZNF668",1,0,32,33,3.03030303030303,1
"ZNF669",1,0,19,20,5,1
"ZNF677",1,0,0,1,100,1
"ZNF683",1,0,17,18,5.55555555555556,1
"ZNF684",1,0,8,9,11.1111111111111,1
"ZNF696",1,0,1,2,50,1
"ZNF704",1,0,5,6,16.6666666666667,1
"ZNF706",1,0,19,20,5,1
"ZNF746",1,0,14,15,6.66666666666667,1
"ZNF76",1,0,0,1,100,1
"ZNF77",1,0,7,8,12.5,1
"ZNF782",1,0,9,10,10,1
"ZNF784",1,0,3,4,25,1
"ZNF790",1,0,32,33,3.03030303030303,1
"ZNF831",1,1,4,6,16.6666666666667,2
"ZNF891",1,0,17,18,5.55555555555556,1
"ZNF92",1,1,7,9,11.1111111111111,2
"ZNHIT2",1,0,16,17,5.88235294117647,1
"ZP2",1,1,10,12,8.33333333333333,2
"ZP4",1,0,1,2,50,1
"ZPBP",1,2,29,32,3.125,3
"ZRANB1",1,0,1,2,50,1
"ZSCAN10",1,0,3,4,25,1
"ZSCAN20",1,0,7,8,12.5,1
"ZSCAN21",1,0,1,2,50,1
"ZSCAN25",1,1,14,16,6.25,2
"ZSCAN29",1,0,1,2,50,1
"ZSCAN31",1,0,17,18,5.55555555555556,1
"ZSCAN32",1,1,15,17,5.88235294117647,2
"ZSWIM7",1,0,4,5,20,1
